16.1026 0
15.7575 0.345054
15.2615 0.534573
15.2177 0.380523
15.1197 0.310608
15.1651 0.257637
15.0031 0.271419
15.0024 0.235057
15.0253 0.208565
15.0586 0.189496
15.0199 0.175721
14.9975 0.161965
14.9747 0.150728
15.0234 0.147817
14.9691 0.147928
14.9469 0.140149
14.8912 0.142949
14.8187 0.153053
14.8436 0.146904
14.8313 0.139912
14.8951 0.147625
14.9138 0.14198
14.8804 0.139709
14.8911 0.134188
14.8847 0.128868
14.9446 0.137539
14.9427 0.132361
14.9294 0.128233
14.9333 0.123793
14.9337 0.119596
14.9619 0.119055
14.9787 0.116495
14.9647 0.113775
14.9689 0.110457
14.9357 0.112285
14.9318 0.109189
14.9127 0.107902
14.9128 0.105024
14.914 0.102303
14.9302 0.101023
14.9119 0.100216
14.9303 0.0995184
14.9139 0.0985484
14.9303 0.0976703
14.9456 0.0966913
14.9351 0.0951445
14.954 0.0949922
14.9414 0.093848
14.9606 0.0938945
14.9706 0.0925435
14.9867 0.0921301
14.9807 0.0905387
14.9668 0.0899013
14.9543 0.0891006
14.9491 0.087621
14.9389 0.0866436
14.9344 0.0852269
14.9318 0.083787
14.9166 0.0837468
14.9057 0.08305
14.8995 0.0819167
14.9064 0.0808795
14.9127 0.0798412
14.9262 0.0797211
14.9144 0.0793578
14.9148 0.0781468
14.9157 0.0769769
14.9214 0.0760541
14.919 0.0749823
14.9166 0.0739414
14.9284 0.0738425
14.9423 0.0741232
14.9458 0.073182
14.9513 0.0723996
14.9335 0.0736118
14.9429 0.073234
14.9281 0.073778
14.9221 0.073067
14.9342 0.0731315
14.9336 0.0722134
14.9329 0.0713201
14.9244 0.0709501
14.923 0.0701052
14.9174 0.0694944
14.9018 0.0704129
14.9003 0.0696058
14.8963 0.0689174
14.8965 0.0681301
14.8958 0.0673637
14.883 0.0678349
14.8875 0.0672382
14.8875 0.0665033
14.8866 0.0657906
14.8846 0.0651163
14.8892 0.0645899
14.8964 0.0643211
14.8964 0.0636545
14.89 0.063331
14.8837 0.0630014
14.8749 0.062993
