5.29897 0
5.48678 0.187811
5.57726 0.141219
5.57843 0.0998638
5.52603 0.0934286
5.52149 0.0764194
5.545 0.0687341
5.52562 0.0626031
5.48881 0.0663523
5.47068 0.0620558
5.48424 0.0577456
5.4606 0.0577719
5.48815 0.0598584
5.50575 0.0581477
5.51335 0.0546623
5.50516 0.0517829
5.49659 0.0493902
5.47383 0.0518319
5.46794 0.04938
5.45057 0.049965
5.46258 0.0490218
5.46454 0.0467813
5.47206 0.0453301
5.47138 0.0434057
5.46301 0.042465
5.46808 0.0411127
5.46626 0.0396025
5.47051 0.0383977
5.45526 0.0400663
5.45419 0.0387226
5.46095 0.0380574
5.44851 0.0388899
5.43113 0.0415071
5.42814 0.0403792
5.42471 0.0393584
5.42832 0.0384198
5.43162 0.0375126
5.42666 0.0368475
5.42545 0.0359107
5.42649 0.0350169
5.41641 0.0356073
5.43012 0.0373547
5.43651 0.0370318
5.43062 0.0366572
5.4305 0.0358336
5.42902 0.0350771
5.42593 0.0344617
5.42075 0.0341308
5.41811 0.0335314
5.42048 0.0329395
5.4238 0.0324575
5.41999 0.0320546
5.42237 0.031534
5.41852 0.0311829
5.41941 0.0306233
5.41139 0.0311208
5.41059 0.0305806
5.40889 0.0300965
5.41272 0.0298281
5.41086 0.0293853
5.41567 0.0292966
5.40984 0.029403
5.41079 0.028948
5.41753 0.0292797
5.40993 0.0298111
5.41045 0.0293604
5.40736 0.0290827
5.41105 0.0288879
5.41138 0.0284681
5.41125 0.0280587
5.40696 0.0279911
5.40194 0.0280535
5.41467 0.0304566
5.4219 0.0309004
5.42042 0.0305215
5.41879 0.0301617
5.41336 0.0302575
5.41696 0.030083
5.419 0.0297694
5.41869 0.0293966
5.42502 0.0297147
5.43337 0.0305138
5.42938 0.0304066
5.43049 0.0300627
5.43909 0.0309279
5.44155 0.0306654
5.43734 0.0306022
5.4376 0.0302535
5.43681 0.0299221
5.44183 0.0300109
5.4422 0.0296816
5.44215 0.0293573
5.44245 0.0290415
5.44232 0.0287312
5.44253 0.0284279
5.44199 0.0281352
5.44715 0.0283167
5.44804 0.0280404
5.44646 0.0278002
5.44994 0.0277396
