5.80728 0
5.77515 0.0321222
5.6686 0.108159
5.73772 0.103089
5.6246 0.13846
5.72165 0.148991
5.70449 0.127084
5.69138 0.110836
5.67316 0.0994314
5.73131 0.106258
5.7049 0.0996772
5.70266 0.0910199
5.67799 0.0872851
5.65264 0.0846946
5.67273 0.0813671
5.65074 0.0792249
5.60995 0.0848673
5.60684 0.080074
5.57104 0.083774
5.54854 0.0825996
5.5484 0.0785681
5.52618 0.0781351
5.52203 0.0747761
5.50905 0.0727608
5.49623 0.0709567
5.50537 0.0687824
5.48524 0.0691783
5.46967 0.0684562
5.48294 0.0673728
5.48569 0.0651464
5.49279 0.0634089
5.48577 0.0617958
5.50123 0.0618589
5.48851 0.0613467
5.49904 0.0604921
5.48263 0.0610361
5.47275 0.0601795
5.46952 0.0586636
5.48235 0.058564
5.48503 0.0571439
5.4863 0.0557471
5.48032 0.0547305
5.47946 0.0534496
5.46689 0.0537121
5.46172 0.0527588
5.46484 0.0516936
5.46235 0.0506432
5.44862 0.051444
5.45624 0.0509559
5.44966 0.0503574
5.44973 0.0493602
5.44863 0.0484141
5.45313 0.0477045
5.44698 0.047215
5.43861 0.0470978
5.45393 0.0487196
5.45626 0.0479141
5.45456 0.0471114
5.4561 0.0463316
5.46141 0.0458613
5.4586 0.0451906
5.461 0.0445203
5.46917 0.0445632
5.46812 0.043874
5.46245 0.0435639
5.46414 0.0429321
5.46373 0.0422885
5.45946 0.0418797
5.45701 0.0413409
5.45982 0.0408426
5.46237 0.0403439
5.4604 0.0398284
5.45788 0.0393595
5.46338 0.0392111
5.46895 0.0390835
5.46493 0.0387743
5.45884 0.0387491
5.46272 0.0384455
5.46249 0.0379564
5.46148 0.0374927
5.46396 0.0371101
5.46664 0.0367524
5.46801 0.0363328
5.46511 0.0360148
5.46351 0.0356244
5.46054 0.0353328
5.45786 0.0350268
5.45418 0.0348215
5.45524 0.0344442
5.45657 0.0340852
5.45441 0.0337776
5.44864 0.0339023
5.44995 0.0335611
5.4468 0.0333509
5.44731 0.033002
5.44909 0.0327045
5.4479 0.0323874
5.45151 0.0322575
5.4535 0.0319919
5.4521 0.0317011
