15.1769 0
15.5831 0.406133
15.1193 0.519698
14.8182 0.475103
14.9279 0.384025
15.0136 0.325052
14.9244 0.288821
14.9768 0.255546
14.8058 0.282878
14.8615 0.259066
14.9697 0.258128
14.9988 0.23742
15.0125 0.218824
15.048 0.205688
15.1215 0.205101
15.1413 0.192877
15.1832 0.185959
15.1933 0.175614
15.2043 0.166478
15.2273 0.159598
15.232 0.151879
15.1939 0.149725
15.1837 0.14343
15.1646 0.138649
15.1585 0.133129
15.1193 0.133772
15.1212 0.128736
15.1526 0.127967
15.1569 0.12355
15.1385 0.120769
15.1729 0.121778
15.2031 0.121715
15.1703 0.122452
15.1553 0.119732
15.1465 0.116594
15.142 0.113398
15.1144 0.113696
15.0842 0.114703
15.0826 0.111735
15.0681 0.109874
15.0431 0.110028
15.0505 0.107634
15.0533 0.105136
15.0415 0.103392
15.0542 0.101864
15.0581 0.0997014
15.0408 0.0990696
15.028 0.0978293
15.0445 0.0972204
15.0416 0.0953016
15.0481 0.0936455
15.0439 0.0919266
15.0377 0.0903881
15.0433 0.0888764
15.0451 0.0872655
15.0345 0.0863509
15.0101 0.0882634
15.0226 0.08762
15.0054 0.0878103
15.0174 0.0871576
15.0053 0.0865656
15.0192 0.0862784
15.0232 0.0849933
15.011 0.0845355
15.0259 0.08455
15.0405 0.084518
15.0248 0.084714
15.0115 0.0845019
15.0146 0.0833258
15.011 0.0822081
15.0021 0.0815265
15.0058 0.0804701
14.9865 0.0816676
14.9877 0.0805657
14.9991 0.0802962
14.9959 0.0792958
14.9945 0.0782727
14.9922 0.0772975
14.9862 0.0765472
14.9777 0.0760585
14.9707 0.0754347
14.9654 0.0747007
14.9614 0.0739042
14.9653 0.0731219
14.9644 0.0722615
14.9632 0.071426
14.9654 0.0706322
14.9687 0.0699037
14.9598 0.0696814
14.9559 0.0690122
14.9555 0.0682512
14.957 0.0675232
14.9468 0.0675686
14.9415 0.0670586
14.9441 0.0664025
14.9379 0.0660062
14.9387 0.0653279
14.9426 0.0647719
14.945 0.0641609
14.9391 0.0637946
