0 235.47437506 0.13791076
1 240.30562643 0.20332385
2 294.59434411 0.40606115
3 243.89320888 0.14129630
4 263.99591056 0.28474998
5 229.09037644 0.14780977
6 235.63887048 0.15718826
7 204.62752573 0.17086212
8 198.14054383 0.14878431
9 219.24117790 0.15621864
10 182.15085315 0.15732741
11 196.71733263 0.17142374
12 174.62382401 0.17883737
13 165.53333536 0.22559130
14 162.57325182 0.28100654
15 162.52336987 0.33018145
16 155.07780168 0.25932595
17 174.42364471 0.32521327
18 151.12728272 0.26331046
19 146.62300317 0.31175162
20 135.72914794 0.25999059
21 139.32280395 0.26801852
22 144.38951077 0.28594570
23 150.81345278 0.25634977
24 143.29072176 0.26073586
25 134.94174093 0.30533369
26 131.10860793 0.25562288
27 116.33556521 0.18859536
28 115.58293055 0.17635192
29 120.57708564 0.19454025
30 128.34241245 0.16866431
31 129.19075611 0.16548982
32 124.76859735 0.20846457
33 123.89275797 0.16569796
34 108.71119499 0.20395195
35 119.16389405 0.21024092
36 112.73822879 0.17885345
37 120.76329163 0.25322836
38 95.88440786 0.19163246
39 94.83884138 0.19840487
40 105.96821897 0.19387343
41 96.00569291 0.19005555
42 104.41638430 0.15939087
43 95.91236318 0.15209346
44 106.74323324 0.18890620
45 93.81645889 0.17076105
46 84.25711853 0.16518322
47 95.21765086 0.19093505
48 94.21870122 0.16845730
49 82.45348281 0.15203484
50 88.33376498 0.14353568
51 87.00187169 0.11675136
52 88.96771490 0.14812781
53 82.38015901 0.11162094
54 72.36913724 0.10395922
55 64.14271223 0.09458271
56 72.49717738 0.13412010
57 58.86464331 0.07723642
58 62.43436300 0.07939771
59 65.01240676 0.08821967
60 61.71139252 0.11327457
61 55.22565895 0.09250782
62 59.62697942 0.11706675
63 53.07581824 0.07166318
64 52.81998124 0.06862423
65 53.55698759 0.07135592
66 49.93952105 0.06312104
67 51.24901053 0.09896195
68 58.74893397 0.06986969
69 57.84019747 0.10373444
70 45.69739542 0.06836842
71 47.21141840 0.08941596
72 39.34351775 0.06577619
73 45.74187841 0.10004727
74 36.51006738 0.05366261
75 33.17786719 0.05018988
76 35.42718637 0.05865087
77 34.43237802 0.05333757
78 39.80495657 0.06423083
79 27.02964079 0.05257175
80 25.32837349 0.04379192
81 26.87689580 0.04837822
82 29.94393080 0.04972162
83 24.57651187 0.05049604
84 26.18230645 0.04580451
85 28.80828557 0.06188573
86 21.07479455 0.04027732
87 28.32027935 0.05225203
88 20.61550216 0.04633438
89 21.18110288 0.04067550
90 21.45985703 0.04425620
91 18.52400354 0.03897791
92 15.90350870 0.03399180
93 17.07925346 0.03881170
94 16.65266401 0.03393200
95 16.26831404 0.04057325
96 13.95416817 0.03708603
97 12.08772979 0.03555763
98 13.49260864 0.03849697
99 10.94872974 0.02882905
100 14.38854694 0.03392025
101 12.72595163 0.03667407
102 11.03256043 0.02787514
103 11.87175732 0.02842180
104 12.26139594 0.03782242
105 12.38185115 0.03101309
106 13.16130332 0.03220868
107 12.88497460 0.03646522
108 13.94501837 0.03187383
109 11.43270359 0.03653735
110 11.61011048 0.03043249
111 12.90885225 0.03774327
112 13.01674274 0.04019771
113 11.91405388 0.03035004
114 10.56053436 0.03362990
115 13.28309687 0.04655952
116 11.87741508 0.04728149
117 11.16340082 0.03125388
118 10.49462856 0.03527007
119 11.69197872 0.03668732
120 10.36135816 0.02869033
121 10.32488956 0.02783312
122 9.12492213 0.02609402
123 11.60371615 0.02768046
124 9.84938467 0.02930886
125 9.51038979 0.02649324
126 11.20755576 0.02974121
127 8.41161185 0.02694617
128 8.37221903 0.03553337
129 5.80364226 0.02295259
130 6.87256816 0.03293102
131 4.83645848 0.01834420
132 3.38688687 0.01487773
133 4.18145297 0.02116847
134 2.99701344 0.01528284
135 1.74841410 0.01063704
136 1.70366091 0.01096782
137 2.86065700 0.01992458
138 2.93056087 0.01696123
139 2.56222333 0.01728570
140 2.89926997 0.02040360
141 2.13263717 0.01173177
142 2.93487194 0.01944211
143 1.71942820 0.01114726
144 1.74706656 0.01188305
145 2.20610520 0.01647544
146 1.63007037 0.01565195
147 2.84127935 0.02747008
148 1.15025892 0.01254474
149 0.87395893 0.00804554
150 0.66862602 0.00753281
151 1.09306626 0.01283508
152 0.40743346 0.00649575
153 0.99217748 0.00828218
154 0.40624443 0.00609879
155 0.27811119 0.00576926
156 0.34797585 0.00777758
157 0.26611941 0.00581342
158 0.70191389 0.00944923
159 0.80161554 0.01000656
160 0.58627856 0.00972220
161 0.25125156 0.00542344
162 0.27921263 0.00746063
163 0.70017468 0.01068395
164 0.78907761 0.01265030
165 -0.15687001 0.00459593
166 -0.18360635 0.00428854
167 0.10387384 0.00532967
168 -0.03351358 0.00484353
169 0.19494389 0.00688203
170 -0.16518960 0.00441713
171 0.12702804 0.00663739
172 0.17270929 0.00522389
173 0.22854859 0.00771322
174 0.20117824 0.00591504
175 -0.19321327 0.00437351
176 0.19689548 0.00569474
177 0.15006398 0.00634998
178 -0.05566399 0.00587473
179 -0.23486077 0.00517207
180 -0.23458685 0.00457144
181 -0.36204674 0.00322862
182 -0.26886263 0.00550685
183 -0.24852016 0.00406428
184 -0.29758125 0.00474420
185 -0.37378872 0.00530890
186 -0.33449334 0.00403865
187 -0.29306294 0.00451895
188 -0.27408579 0.00405901
189 -0.27114296 0.00399597
190 -0.16162849 0.00519820
191 -0.01426006 0.00536578
192 -0.19167020 0.00441366
193 -0.08090327 0.00764761
194 -0.09709674 0.00482618
195 -0.24878645 0.00457867
196 0.14899482 0.00690877
197 -0.41175451 0.00303630
198 -0.40787445 0.00291335
199 -0.40305056 0.00353100
200 -0.33708379 0.00339333
201 -0.35748842 0.00406610
202 -0.31001690 0.00479910
203 -0.39009430 0.00358705
204 -0.44556373 0.00211585
205 -0.27122621 0.00445454
206 -0.17661774 0.00447043
207 0.18167037 0.00764162
208 -0.26100230 0.00517147
209 -0.27791078 0.00412765
210 -0.11367522 0.00472262
211 -0.20857272 0.00552221
212 -0.17710614 0.00626812
213 0.03313635 0.01075420
214 -0.17752778 0.00591764
215 -0.33263338 0.00489586
216 -0.17605610 0.00796006
217 0.02637298 0.00703653
218 -0.21209024 0.00420334
219 -0.12550527 0.00757238
220 0.05142003 0.00560831
221 0.07961996 0.01047605
222 -0.09112676 0.00665438
223 -0.14702294 0.00546048
224 -0.24816271 0.00479723
225 -0.27167784 0.00382385
226 -0.26623783 0.00643661
227 -0.09654776 0.00728279
228 0.06493039 0.01162179
229 -0.28908461 0.00379060
230 -0.08541562 0.00467558
231 0.28462198 0.01479395
232 -0.24357064 0.00423494
233 -0.09609262 0.00537982
234 -0.32889446 0.00357470
235 -0.21313390 0.00448869
236 -0.30306244 0.00379942
237 0.00091602 0.00942859
238 -0.21618986 0.00498574
239 -0.31973366 0.00537601
240 -0.11533829 0.00989134
241 -0.00712182 0.01294091
242 0.04405441 0.01160508
243 -0.22671762 0.00648856
244 -0.23805612 0.00718666
245 -0.06520449 0.01164839
246 -0.23791413 0.00778694
247 0.19568973 0.01477570
248 -0.15382564 0.01015620
249 -0.11657375 0.01127759
250 -0.11021344 0.00728493
251 -0.06850772 0.01083184
252 -0.31221317 0.00638512
253 0.12434897 0.01388640
254 -0.09256842 0.01079532
255 0.29281081 0.01576601
256 -0.25721050 0.00774835
257 -0.25423968 0.00598963
258 -0.25810153 0.00785910
259 -0.06787826 0.01249331
260 -0.27485023 0.00790690
261 -0.12560388 0.01117733
262 0.21838637 0.01538069
263 -0.32996346 0.00525877
264 0.03564991 0.01393738
265 -0.04187297 0.01085113
266 0.16419994 0.01496728
267 0.01759701 0.01076018
268 0.10119478 0.01381456
269 0.11278685 0.01375085
270 0.28867460 0.01860842
271 -0.17298445 0.00666886
272 0.18342122 0.01448675
273 -0.06652404 0.01101400
274 -0.28156795 0.00706397
275 0.26427439 0.01752341
276 -0.09609385 0.01098963
277 -0.36907796 0.00478830
278 0.36311679 0.01707023
279 -0.15507196 0.00682025
280 -0.00028038 0.01149398
281 -0.16109448 0.00700078
282 0.02617353 0.01422597
283 -0.17079280 0.00758050
284 -0.00206312 0.01362543
285 -0.05720149 0.01211914
286 -0.29917737 0.00643843
287 -0.23684317 0.00860510
288 -0.27788113 0.00766770
289 -0.31284649 0.00645279
290 -0.33634265 0.00558142
291 -0.28338798 0.00483363
292 -0.36985842 0.00510105
293 -0.43775754 0.00250487
294 -0.38952315 0.00333856
295 -0.19311707 0.00539676
296 -0.31288517 0.00490698
297 -0.20740203 0.00602005
298 -0.36235694 0.00332215
299 -0.34375547 0.00419656
300 -0.44174425 0.00204830
301 -0.43138274 0.00266040
302 -0.41377625 0.00314417
303 -0.30138534 0.00503883
304 -0.30155028 0.00655367
305 -0.37728274 0.00367790
306 -0.40297710 0.00317812
307 -0.26149566 0.00404990
308 -0.16773591 0.00955449
309 -0.43621400 0.00278347
310 -0.43055577 0.00239423
311 -0.31176336 0.00486716
312 -0.43377386 0.00240257
313 -0.29312134 0.00526470
314 -0.40958523 0.00390706
315 -0.42964807 0.00202721
316 -0.34013910 0.00284403
317 -0.35727726 0.00402255
318 -0.39984102 0.00224911
319 -0.35642985 0.00246391
320 -0.37983163 0.00278680
321 -0.35240447 0.00398517
322 -0.41129009 0.00331618
323 -0.30902903 0.00448885
324 -0.41393910 0.00300072
325 -0.32758216 0.00492070
326 -0.31225354 0.00474143
327 -0.34762052 0.00401263
328 -0.21520584 0.00601907
329 -0.10489542 0.00714262
330 -0.40472767 0.00212495
331 -0.29307933 0.00568620
332 -0.44098463 0.00222333
333 -0.43125250 0.00235806
334 -0.38369882 0.00313705
335 -0.43359766 0.00292383
336 -0.41833686 0.00242725
337 -0.41906370 0.00200421
338 -0.40391597 0.00226680
339 -0.41387308 0.00328978
340 -0.40994161 0.00237104
341 -0.34736323 0.00260361
342 -0.40801692 0.00275640
343 -0.35488148 0.00371474
344 -0.12660613 0.00709133
345 -0.18854046 0.00657913
346 -0.36155246 0.00395326
347 -0.10242074 0.00751161
348 -0.26319615 0.00475965
349 -0.34178224 0.00288218
350 -0.31609294 0.00375546
351 -0.36567573 0.00236889
352 -0.37535598 0.00297453
353 -0.20905948 0.00393339
354 -0.30313551 0.00282830
355 -0.41032903 0.00283984
356 -0.31940936 0.00307199
357 -0.37298153 0.00292990
358 -0.42682801 0.00208764
359 -0.37006961 0.00339046
360 -0.39458194 0.00258655
361 -0.34439396 0.00356892
362 -0.39465043 0.00236891
363 -0.34986923 0.00453463
364 -0.30692898 0.00656574
365 -0.28058577 0.00711928
366 -0.26117640 0.00786897
367 -0.39908909 0.00399552
368 -0.29090522 0.00578840
369 -0.38413924 0.00358848
370 -0.35096425 0.00355905
371 -0.31905758 0.00626289
372 -0.39385788 0.00305241
373 -0.38044639 0.00455031
374 -0.29166088 0.00677038
375 -0.33333976 0.00533471
376 -0.37541528 0.00448051
377 -0.36301385 0.00301979
378 -0.29678914 0.00675132
379 -0.31371549 0.00684363
380 -0.35283988 0.00435569
381 -0.24777349 0.00976714
382 -0.32832101 0.00430706
383 -0.32933418 0.00363521
384 -0.33131277 0.00394332
385 -0.32874312 0.00567670
386 -0.33018457 0.00647194
387 -0.30211926 0.00661785
388 -0.35590235 0.00541796
389 -0.23009482 0.00910762
390 -0.24372328 0.00940598
391 -0.39260102 0.00258308
392 -0.39570253 0.00272701
393 -0.32932135 0.00566934
394 -0.29597319 0.00673239
395 -0.26528761 0.00781493
396 -0.31835789 0.00598385
397 -0.36411225 0.00305153
398 -0.30934002 0.00673370
399 -0.36026363 0.00313052
400 -0.31131904 0.00512355
401 -0.33523012 0.00535029
402 -0.37592197 0.00477916
403 -0.28929352 0.00712417
404 -0.36657631 0.00468952
405 -0.32017593 0.00615306
406 -0.41714774 0.00231527
407 -0.34051178 0.00440114
408 -0.28046162 0.00774639
409 -0.25036022 0.00881128
410 -0.33606696 0.00479812
411 -0.39581183 0.00349662
412 -0.30414035 0.00519124
413 -0.37808222 0.00545829
414 -0.37883450 0.00279068
415 -0.39417094 0.00378147
416 -0.40395995 0.00260014
417 -0.35160521 0.00504386
418 -0.38262534 0.00263013
419 -0.29508581 0.00602054
420 -0.39710390 0.00270817
421 -0.32713483 0.00543305
422 -0.32114581 0.00473322
423 -0.38341992 0.00397097
424 -0.33697629 0.00394123
425 -0.38328993 0.00321988
426 -0.36194047 0.00288755
427 -0.40941625 0.00386782
428 -0.36285940 0.00297908
429 -0.41790890 0.00257181
430 -0.37764971 0.00412744
431 -0.37027733 0.00497547
432 -0.39379309 0.00240833
433 -0.33322911 0.00509018
434 -0.38697502 0.00420581
435 -0.29256731 0.00688333
436 -0.38962580 0.00432579
437 -0.25986872 0.00868944
438 -0.29101870 0.00602290
439 -0.32670459 0.00288206
440 -0.33519124 0.00355152
441 -0.34177294 0.00334408
442 -0.29356047 0.00733120
443 -0.41267146 0.00335443
444 -0.28878299 0.00678857
445 -0.34852762 0.00472776
446 -0.38000584 0.00253758
447 -0.31481671 0.00530455
448 -0.31008078 0.00568446
449 -0.40685155 0.00383608
450 -0.36946777 0.00337302
451 -0.35545953 0.00437842
452 -0.35956162 0.00434107
453 -0.41769776 0.00266481
454 -0.34179733 0.00363346
455 -0.43574659 0.00253058
456 -0.33787852 0.00634679
457 -0.36942135 0.00341866
458 -0.40105680 0.00314182
459 -0.32216217 0.00656659
460 -0.41948918 0.00242634
461 -0.42510888 0.00258623
462 -0.43782290 0.00197600
463 -0.32210274 0.00490114
464 -0.44169760 0.00251246
465 -0.33703238 0.00462049
466 -0.31516287 0.00468026
467 -0.39383851 0.00236613
468 -0.41351252 0.00216006
469 -0.42136015 0.00242217
470 -0.42496264 0.00215005
471 -0.39193230 0.00361864
472 -0.40468121 0.00253365
473 -0.36983912 0.00368863
474 -0.43534169 0.00280169
475 -0.41212163 0.00268326
476 -0.43035697 0.00291851
477 -0.43348364 0.00240840
478 -0.39454866 0.00401355
479 -0.40562882 0.00290857
480 -0.39968467 0.00280579
481 -0.39893124 0.00413196
482 -0.39514788 0.00335639
483 -0.38457971 0.00320784
484 -0.39038246 0.00404491
485 -0.40303124 0.00300470
486 -0.41019205 0.00287381
487 -0.38276459 0.00491539
488 -0.39082407 0.00308497
489 -0.42760433 0.00227123
490 -0.42006379 0.00338176
491 -0.41402877 0.00242190
492 -0.43273382 0.00245156
493 -0.41008516 0.00380847
494 -0.43291692 0.00255249
495 -0.35361224 0.00587142
496 -0.38651355 0.00431606
497 -0.34116633 0.00617684
498 -0.39581765 0.00307663
499 -0.36145569 0.00504355
500 -0.43939152 0.00186878
501 -0.37906454 0.00408323
502 -0.41282034 0.00254977
503 -0.40863737 0.00233292
504 -0.37886047 0.00356588
505 -0.43010231 0.00252056
506 -0.41811648 0.00210935
507 -0.44323184 0.00216781
508 -0.39037503 0.00316129
509 -0.39451602 0.00431366
510 -0.42592574 0.00186986
511 -0.43053711 0.00268939
512 -0.40587080 0.00426626
513 -0.41293354 0.00396220
514 -0.35921771 0.00404640
515 -0.42217437 0.00267352
516 -0.44531179 0.00219097
517 -0.42259692 0.00323772
518 -0.43316380 0.00274291
519 -0.42952828 0.00291523
520 -0.38390423 0.00360380
521 -0.42267939 0.00218103
522 -0.40471708 0.00340948
523 -0.36550410 0.00494431
524 -0.42686693 0.00258408
525 -0.41503210 0.00328836
526 -0.39084827 0.00330270
527 -0.41554653 0.00267649
528 -0.40240260 0.00398326
529 -0.41533138 0.00274678
530 -0.40756827 0.00243228
531 -0.41766342 0.00214044
532 -0.42601844 0.00209247
533 -0.43239903 0.00186700
534 -0.42851549 0.00304089
535 -0.35363730 0.00390143
536 -0.41522183 0.00300703
537 -0.43879619 0.00251694
538 -0.44309060 0.00226715
539 -0.41419124 0.00317764
540 -0.33575164 0.00418605
541 -0.42690544 0.00227127
542 -0.41569415 0.00209966
543 -0.40925369 0.00301782
544 -0.37268695 0.00426458
545 -0.28561000 0.00427290
546 -0.43054807 0.00201244
547 -0.42439279 0.00321279
548 -0.37023403 0.00365067
549 -0.40566634 0.00289089
550 -0.38575809 0.00352294
551 -0.43115898 0.00223443
552 -0.38907185 0.00341560
553 -0.42125798 0.00221591
554 -0.43139451 0.00218703
555 -0.40954500 0.00368688
556 -0.36722818 0.00371300
557 -0.41073083 0.00321620
558 -0.44264549 0.00199306
559 -0.43830487 0.00223983
560 -0.40694431 0.00319087
561 -0.43759820 0.00184096
562 -0.40613646 0.00343985
563 -0.34883504 0.00370576
564 -0.40742020 0.00319663
565 -0.41719786 0.00359453
566 -0.42174941 0.00341119
567 -0.34045912 0.00423052
568 -0.42662227 0.00217837
569 -0.38229905 0.00363493
570 -0.43486437 0.00242536
571 -0.36898668 0.00391324
572 -0.42070404 0.00360086
573 -0.40401294 0.00282461
574 -0.43256685 0.00253612
575 -0.37259119 0.00333573
576 -0.37848549 0.00333443
577 -0.44392374 0.00213599
578 -0.37731781 0.00342529
579 -0.42533081 0.00272659
580 -0.41248834 0.00272253
581 -0.41910089 0.00198640
582 -0.44104127 0.00196260
583 -0.39625926 0.00253446
584 -0.42863993 0.00234476
585 -0.40658652 0.00290968
586 -0.42131691 0.00210164
587 -0.44738407 0.00206147
588 -0.39408858 0.00433758
589 -0.35937391 0.00385554
590 -0.41875728 0.00292896
591 -0.42587220 0.00241250
592 -0.43594395 0.00199924
593 -0.42280797 0.00211890
594 -0.35224854 0.00437540
595 -0.39958644 0.00304681
596 -0.42913880 0.00276184
597 -0.42818841 0.00251864
598 -0.41004743 0.00305912
599 -0.43937830 0.00270297
600 -0.41609637 0.00248099
601 -0.39810073 0.00341103
602 -0.37010677 0.00383217
603 -0.39602124 0.00274565
604 -0.37050888 0.00336921
605 -0.35995583 0.00429572
606 -0.42743255 0.00306640
607 -0.41322279 0.00357315
608 -0.41049442 0.00271770
609 -0.41058545 0.00272297
610 -0.44483411 0.00193035
611 -0.40526735 0.00357302
612 -0.34182306 0.00397784
613 -0.42167700 0.00246489
614 -0.40810395 0.00294286
615 -0.42052350 0.00285814
616 -0.44304847 0.00230377
617 -0.38905680 0.00295866
618 -0.38476222 0.00390477
619 -0.39973989 0.00377387
620 -0.39455165 0.00374073
621 -0.44344389 0.00190434
622 -0.36019355 0.00392093
623 -0.42446525 0.00293769
624 -0.42593289 0.00275060
625 -0.43308207 0.00282066
626 -0.43045888 0.00253153
627 -0.38368634 0.00352756
628 -0.43025828 0.00277175
629 -0.33430799 0.00453918
630 -0.39214155 0.00342288
631 -0.42798875 0.00190899
632 -0.38688479 0.00461375
633 -0.40514662 0.00304708
634 -0.40542172 0.00300793
635 -0.31476191 0.00483242
636 -0.44560871 0.00217899
637 -0.43050650 0.00278999
638 -0.43962497 0.00226939
639 -0.40171615 0.00271476
640 -0.40380068 0.00355179
641 -0.40809133 0.00388449
642 -0.40910459 0.00298056
643 -0.44395248 0.00194548
644 -0.40109169 0.00316471
645 -0.43947089 0.00246003
646 -0.35619935 0.00397062
647 -0.42850343 0.00249367
648 -0.37822244 0.00318277
649 -0.43620113 0.00254910
650 -0.42377960 0.00208970
651 -0.35968449 0.00391333
652 -0.42667138 0.00247888
653 -0.41919258 0.00269856
654 -0.41490037 0.00215952
655 -0.34773994 0.00364057
656 -0.39113021 0.00292064
657 -0.39329121 0.00320914
658 -0.35294862 0.00387560
659 -0.43911789 0.00191173
660 -0.42255167 0.00300237
661 -0.42663496 0.00243414
662 -0.42094292 0.00229726
663 -0.41565588 0.00295535
664 -0.35529245 0.00422524
665 -0.41193179 0.00296460
666 -0.40314486 0.00329383
667 -0.42685000 0.00265485
668 -0.42592901 0.00238921
669 -0.43472932 0.00193234
670 -0.37639573 0.00377019
671 -0.39984030 0.00431571
672 -0.43204029 0.00206341
673 -0.39021240 0.00420245
674 -0.43896252 0.00257093
675 -0.32966336 0.00405257
676 -0.42959142 0.00203259
677 -0.42356033 0.00302009
678 -0.39286935 0.00302489
679 -0.38226420 0.00425333
680 -0.39961946 0.00276314
681 -0.42018551 0.00342773
682 -0.42843175 0.00282215
683 -0.42482116 0.00202590
684 -0.41023843 0.00287051
685 -0.31310842 0.00490602
686 -0.43291487 0.00292030
687 -0.41169449 0.00331531
688 -0.41419367 0.00318799
689 -0.39115395 0.00310485
690 -0.43327571 0.00242524
691 -0.43173985 0.00254303
692 -0.41655904 0.00214591
693 -0.40647211 0.00314993
694 -0.44467542 0.00204038
695 -0.37625226 0.00518225
696 -0.38687195 0.00281936
697 -0.36463827 0.00367900
698 -0.41508408 0.00195427
699 -0.41907577 0.00299306
700 -0.40573341 0.00279494
701 -0.40108313 0.00397773
702 -0.41886357 0.00203576
703 -0.38482674 0.00320197
704 -0.40596870 0.00219515
705 -0.44775759 0.00202986
706 -0.44713604 0.00200844
707 -0.37128620 0.00510602
708 -0.39824973 0.00333760
709 -0.42144248 0.00253731
710 -0.41062701 0.00270332
711 -0.42772236 0.00238380
712 -0.42690521 0.00336785
713 -0.40440658 0.00391167
714 -0.43794031 0.00223257
715 -0.40641124 0.00302600
716 -0.43681163 0.00224529
717 -0.38817051 0.00290458
718 -0.39804617 0.00306431
719 -0.40531523 0.00270882
720 -0.41606289 0.00240767
721 -0.41840387 0.00313445
722 -0.34326319 0.00611155
723 -0.37020218 0.00356817
724 -0.37471477 0.00485611
725 -0.40863753 0.00397315
726 -0.43693034 0.00271102
727 -0.36421837 0.00358548
728 -0.38375258 0.00476034
729 -0.42108230 0.00355589
730 -0.43785811 0.00198955
731 -0.42034994 0.00259764
732 -0.38680417 0.00299909
733 -0.38873258 0.00468076
734 -0.43453411 0.00216109
735 -0.41943992 0.00273565
736 -0.42417853 0.00329844
737 -0.38561292 0.00501813
738 -0.42915782 0.00237400
739 -0.43711311 0.00256734
740 -0.38672343 0.00486480
741 -0.37667642 0.00444958
742 -0.43774472 0.00211400
743 -0.43420091 0.00289875
744 -0.43156516 0.00215599
745 -0.43960513 0.00277492
746 -0.42965068 0.00206375
747 -0.42252799 0.00226050
748 -0.39837841 0.00335106
749 -0.44147426 0.00215843
750 -0.43210718 0.00235917
751 -0.39993331 0.00368948
752 -0.41748056 0.00333823
753 -0.43757322 0.00271493
754 -0.41957339 0.00302979
755 -0.36531907 0.00504390
756 -0.40584501 0.00237529
757 -0.41625808 0.00223221
758 -0.41800129 0.00220819
759 -0.43035981 0.00243073
760 -0.44452011 0.00205686
761 -0.40625513 0.00373520
762 -0.42549485 0.00204338
763 -0.36616048 0.00531817
764 -0.37678529 0.00441715
765 -0.40827244 0.00391159
766 -0.39954368 0.00253825
767 -0.43042321 0.00265914
768 -0.43335716 0.00223612
769 -0.42988474 0.00327419
770 -0.38899204 0.00327736
771 -0.41168428 0.00360940
772 -0.37100484 0.00474502
773 -0.41388387 0.00370783
774 -0.40463123 0.00392140
775 -0.39913741 0.00343020
776 -0.43024294 0.00224428
777 -0.41233893 0.00276578
778 -0.43827950 0.00236563
779 -0.40176137 0.00357339
780 -0.41189057 0.00291706
781 -0.39760506 0.00331458
782 -0.41306626 0.00280162
783 -0.40587919 0.00296003
784 -0.42798099 0.00267845
785 -0.39893178 0.00292604
786 -0.35406127 0.00574598
787 -0.42533427 0.00248536
788 -0.42257600 0.00278250
789 -0.40750655 0.00281770
790 -0.39818011 0.00304178
791 -0.44572817 0.00204700
792 -0.40362104 0.00259334
793 -0.38282629 0.00279765
794 -0.40184692 0.00317019
795 -0.38554005 0.00334497
796 -0.38972116 0.00325301
797 -0.43422688 0.00191696
798 -0.37603870 0.00320602
799 -0.42147354 0.00327705
800 -0.39210565 0.00407458
801 -0.39056316 0.00327427
802 -0.40385247 0.00333500
803 -0.43091058 0.00242005
804 -0.44726378 0.00193638
805 -0.43333468 0.00289821
806 -0.41347286 0.00301337
807 -0.44400217 0.00237894
808 -0.42912614 0.00200455
809 -0.39522573 0.00320006
810 -0.43428811 0.00239844
811 -0.41882178 0.00337518
812 -0.40108979 0.00271626
813 -0.43146714 0.00210464
814 -0.41022106 0.00289176
815 -0.41689709 0.00237200
816 -0.38124363 0.00423279
817 -0.43160357 0.00222702
818 -0.42889999 0.00227776
819 -0.43821552 0.00215041
820 -0.36963839 0.00337142
821 -0.36668158 0.00501281
822 -0.40041172 0.00296808
823 -0.44176692 0.00193280
824 -0.41209133 0.00245837
825 -0.43732699 0.00232278
826 -0.44408061 0.00204724
827 -0.43253454 0.00195639
828 -0.44286720 0.00262463
829 -0.40484081 0.00276262
830 -0.43089724 0.00214191
831 -0.39034529 0.00347372
832 -0.42747085 0.00195991
833 -0.40378240 0.00254698
834 -0.41700995 0.00346780
835 -0.42897955 0.00316892
836 -0.36236568 0.00356985
837 -0.39138757 0.00292330
838 -0.41564772 0.00222281
839 -0.39645074 0.00431271
840 -0.41747781 0.00230888
841 -0.40489198 0.00209634
842 -0.41698591 0.00266635
843 -0.42559773 0.00258025
844 -0.42142578 0.00202821
845 -0.42147058 0.00254129
846 -0.38303432 0.00356142
847 -0.44154208 0.00223592
848 -0.42391671 0.00341370
849 -0.43852082 0.00219920
850 -0.38642393 0.00277202
851 -0.42175360 0.00198303
852 -0.39546777 0.00355324
853 -0.39172931 0.00427276
854 -0.37747272 0.00431740
855 -0.39592904 0.00323414
856 -0.43902868 0.00208033
857 -0.41907461 0.00300787
858 -0.43309738 0.00246163
859 -0.40838806 0.00389550
860 -0.43886547 0.00253674
861 -0.38915891 0.00292946
862 -0.43458777 0.00255939
863 -0.38768884 0.00327403
864 -0.42175556 0.00262256
865 -0.38333826 0.00428455
866 -0.43696871 0.00224698
867 -0.41161306 0.00275648
868 -0.41889565 0.00237791
869 -0.41506477 0.00236378
870 -0.40955532 0.00219513
871 -0.37368804 0.00521301
872 -0.40491916 0.00290518
873 -0.43139812 0.00208611
874 -0.42665254 0.00213059
875 -0.40008309 0.00300150
876 -0.41382477 0.00391977
877 -0.42376789 0.00243492
878 -0.41023500 0.00295397
879 -0.40115976 0.00341777
880 -0.42654922 0.00302286
881 -0.44147975 0.00224572
882 -0.37685513 0.00307725
883 -0.39168556 0.00470354
884 -0.38528072 0.00320287
885 -0.41787502 0.00326782
886 -0.41285238 0.00300399
887 -0.39235904 0.00364773
888 -0.42763428 0.00215689
889 -0.43881839 0.00238396
890 -0.37052391 0.00329769
891 -0.42771089 0.00270839
892 -0.42191950 0.00279477
893 -0.42674649 0.00216888
894 -0.36841343 0.00360576
895 -0.43327930 0.00238094
896 -0.42151796 0.00310036
897 -0.38254107 0.00348855
898 -0.40553627 0.00321728
899 -0.39103883 0.00397307
900 -0.37712087 0.00354979
901 -0.37658501 0.00437662
902 -0.44306073 0.00231688
903 -0.41083723 0.00324117
904 -0.43825923 0.00254005
905 -0.39839456 0.00401951
906 -0.38188288 0.00436665
907 -0.43356031 0.00230467
908 -0.38989317 0.00297743
909 -0.42958698 0.00244232
910 -0.44081644 0.00223117
911 -0.43245955 0.00276950
912 -0.40605138 0.00393939
913 -0.43305758 0.00214264
914 -0.41588239 0.00208896
915 -0.41076995 0.00247004
916 -0.38471337 0.00466165
917 -0.43421813 0.00225102
918 -0.44400423 0.00214077
919 -0.40655008 0.00417187
920 -0.42078670 0.00300918
921 -0.42736720 0.00286058
922 -0.39370400 0.00444795
923 -0.39826186 0.00451597
924 -0.44772374 0.00210623
925 -0.37606144 0.00364803
926 -0.41366959 0.00309275
927 -0.36889309 0.00427572
928 -0.34400888 0.00560005
929 -0.43042761 0.00196861
930 -0.28107266 0.00469884
931 -0.43325120 0.00203977
932 -0.35806085 0.00415581
933 -0.41352913 0.00376860
934 -0.43928061 0.00236666
935 -0.37473772 0.00402384
936 -0.42358450 0.00323742
937 -0.43041281 0.00242750
938 -0.32862441 0.00421202
939 -0.42531015 0.00238653
940 -0.44097589 0.00222460
941 -0.42907128 0.00213255
942 -0.40259116 0.00281419
943 -0.39026648 0.00440353
944 -0.43666781 0.00231144
945 -0.43305888 0.00245398
946 -0.36653125 0.00325352
947 -0.40006375 0.00332399
948 -0.39251842 0.00440264
949 -0.43789500 0.00278628
950 -0.42614525 0.00305858
951 -0.42971652 0.00229921
952 -0.38234802 0.00420755
953 -0.27834719 0.00476959
954 -0.43033333 0.00281598
955 -0.28820867 0.00489509
956 -0.42793529 0.00262580
957 -0.42431319 0.00236053
958 -0.40224320 0.00394056
959 -0.42842963 0.00327739
960 -0.41812367 0.00257473
961 -0.38633296 0.00320663
962 -0.43044400 0.00331284
963 -0.41292179 0.00323393
964 -0.41689833 0.00308991
965 -0.33255418 0.00449887
966 -0.38436216 0.00361454
967 -0.41618076 0.00359890
968 -0.43957280 0.00222290
969 -0.37406007 0.00352130
970 -0.44454846 0.00209642
971 -0.35588155 0.00503213
972 -0.41766310 0.00302198
973 -0.37611379 0.00516631
974 -0.44554757 0.00207195
975 -0.39697976 0.00332083
976 -0.38385219 0.00357425
977 -0.40332097 0.00331544
978 -0.44298219 0.00214971
979 -0.41282152 0.00379863
980 -0.41009485 0.00297608
981 -0.41495414 0.00285239
982 -0.40188352 0.00423109
983 -0.43520486 0.00289831
984 -0.40149828 0.00392157
985 -0.41755178 0.00276364
986 -0.37451166 0.00422520
987 -0.38393198 0.00397971
988 -0.32738904 0.00399364
989 -0.42194574 0.00258222
990 -0.42710172 0.00196905
991 -0.44788614 0.00205099
992 -0.36241395 0.00377758
993 -0.38579967 0.00502833
994 -0.40354219 0.00288865
995 -0.42551981 0.00355649
996 -0.40606365 0.00320113
997 -0.40962787 0.00284419
998 -0.36031210 0.00401563
999 -0.43017953 0.00236956
1000 -0.41379257 0.00213863
1001 -0.39315990 0.00458667
1002 -0.44232280 0.00234141
1003 -0.42603143 0.00276477
1004 -0.44500082 0.00198316
1005 -0.41590331 0.00259374
1006 -0.41291305 0.00261567
1007 -0.38842495 0.00451719
1008 -0.39164067 0.00384573
1009 -0.41647570 0.00268010
1010 -0.43790127 0.00238600
1011 -0.39509260 0.00319363
1012 -0.35679147 0.00376733
1013 -0.41318289 0.00334524
1014 -0.43527496 0.00249417
1015 -0.43419039 0.00246312
1016 -0.42879842 0.00297179
1017 -0.41168124 0.00306501
1018 -0.34768062 0.00387599
1019 -0.34984899 0.00410995
1020 -0.42431322 0.00243520
1021 -0.42281106 0.00223773
1022 -0.43449010 0.00203230
1023 -0.43282913 0.00237021
1024 -0.40639102 0.00418849
1025 -0.38325744 0.00438874
1026 -0.40476087 0.00390782
1027 -0.40377876 0.00298905
1028 -0.40194198 0.00279397
1029 -0.41679137 0.00204828
1030 -0.40165796 0.00395305
1031 -0.44366567 0.00207140
1032 -0.43217374 0.00219658
1033 -0.42350590 0.00259204
1034 -0.43382421 0.00187240
1035 -0.42940685 0.00269091
1036 -0.44355314 0.00217418
1037 -0.41315133 0.00210058
1038 -0.42874324 0.00198295
1039 -0.42632965 0.00289600
1040 -0.44295829 0.00199927
1041 -0.41334162 0.00343945
1042 -0.44227762 0.00214013
1043 -0.44459683 0.00233913
1044 -0.44061331 0.00212624
1045 -0.32328090 0.00622123
1046 -0.42072988 0.00275133
1047 -0.40256840 0.00300659
1048 -0.36668188 0.00387890
1049 -0.35136163 0.00590371
1050 -0.40666044 0.00255370
1051 -0.33687322 0.00370269
1052 -0.39127661 0.00455153
1053 -0.41055174 0.00284165
1054 -0.39907176 0.00307080
1055 -0.42718147 0.00234116
1056 -0.40326984 0.00305178
1057 -0.43466948 0.00266367
1058 -0.40219273 0.00305144
1059 -0.42491342 0.00274214
1060 -0.36570264 0.00389857
1061 -0.42968523 0.00247428
1062 -0.37597949 0.00347019
1063 -0.44499094 0.00225033
1064 -0.38152520 0.00347431
1065 -0.40569518 0.00391532
1066 -0.41322374 0.00298981
1067 -0.34632944 0.00621043
1068 -0.33350622 0.00427850
1069 -0.37901053 0.00345501
1070 -0.37147661 0.00365420
1071 -0.36267845 0.00390504
1072 -0.41730545 0.00270480
1073 -0.35532559 0.00546065
1074 -0.40512650 0.00310750
1075 -0.38314848 0.00434316
1076 -0.43797121 0.00217607
1077 -0.43021623 0.00237438
1078 -0.39933868 0.00297798
1079 -0.43698555 0.00267758
1080 -0.41634463 0.00256893
1081 -0.44582894 0.00226053
1082 -0.40639232 0.00431952
1083 -0.36584063 0.00378266
1084 -0.35813535 0.00403054
1085 -0.37141786 0.00411076
1086 -0.39258136 0.00271834
1087 -0.34595671 0.00567340
1088 -0.40528193 0.00345005
1089 -0.39327336 0.00423731
1090 -0.41486873 0.00346516
1091 -0.40226097 0.00296156
1092 -0.42116327 0.00238264
1093 -0.44283269 0.00238523
1094 -0.44521774 0.00191744
1095 -0.35089018 0.00556761
1096 -0.44547763 0.00211852
1097 -0.43542525 0.00201021
1098 -0.37738926 0.00372470
1099 -0.38533741 0.00347432
1100 -0.40517932 0.00324123
1101 -0.40972264 0.00272397
1102 -0.44174570 0.00201589
1103 -0.41249102 0.00253867
1104 -0.35832905 0.00387010
1105 -0.39231513 0.00304608
1106 -0.37771894 0.00298567
1107 -0.38998522 0.00375407
1108 -0.43728811 0.00186575
1109 -0.39417007 0.00440026
1110 -0.41851391 0.00276148
1111 -0.43465207 0.00238562
1112 -0.39523629 0.00322153
1113 -0.39493382 0.00329320
1114 -0.44738685 0.00208465
1115 -0.42257102 0.00243483
1116 -0.42273262 0.00255719
1117 -0.41866312 0.00268463
1118 -0.41520024 0.00259472
1119 -0.37377872 0.00335819
1120 -0.40450794 0.00417147
1121 -0.36765105 0.00566463
1122 -0.43603830 0.00271890
1123 -0.37423830 0.00521296
1124 -0.40342955 0.00440822
1125 -0.37766562 0.00489874
1126 -0.43824934 0.00197031
1127 -0.42456494 0.00198209
1128 -0.40810110 0.00288314
1129 -0.40683975 0.00302436
1130 -0.39998087 0.00399547
1131 -0.37753491 0.00388033
1132 -0.40940060 0.00297734
1133 -0.43857311 0.00226444
1134 -0.41156030 0.00282191
1135 -0.38377449 0.00312178
1136 -0.41452587 0.00300006
1137 -0.40041717 0.00325554
1138 -0.34522647 0.00417151
1139 -0.41920849 0.00273083
1140 -0.43311611 0.00188709
1141 -0.42168451 0.00252291
1142 -0.44161162 0.00231218
1143 -0.39895670 0.00341918
1144 -0.41922590 0.00245106
1145 -0.42434161 0.00241457
1146 -0.39008501 0.00348928
1147 -0.40994630 0.00320113
1148 -0.40132672 0.00445679
1149 -0.37240275 0.00363383
1150 -0.44196904 0.00234677
1151 -0.44331077 0.00222481
1152 -0.43883641 0.00225059
1153 -0.42677972 0.00233913
1154 -0.38727406 0.00304551
1155 -0.42926061 0.00222924
1156 -0.35293372 0.00413319
1157 -0.42424704 0.00289705
1158 -0.42731533 0.00194351
1159 -0.38946049 0.00453090
1160 -0.44608555 0.00199263
1161 -0.40984457 0.00400772
1162 -0.42444229 0.00252863
1163 -0.43575172 0.00219373
1164 -0.37021722 0.00544207
1165 -0.43139414 0.00305374
1166 -0.43985897 0.00206665
1167 -0.42013758 0.00256864
1168 -0.39435242 0.00305095
1169 -0.39140242 0.00345934
1170 -0.42910399 0.00313334
1171 -0.44322495 0.00246901
1172 -0.44409448 0.00228149
1173 -0.33008775 0.00622139
1174 -0.39921170 0.00390697
1175 -0.41109971 0.00232804
1176 -0.35432234 0.00389877
1177 -0.34378993 0.00387517
1178 -0.38395696 0.00423492
1179 -0.42915995 0.00246159
1180 -0.36360306 0.00349799
1181 -0.37051319 0.00528156
1182 -0.38157559 0.00458730
1183 -0.41162652 0.00232468
1184 -0.41888915 0.00278690
1185 -0.41182341 0.00311285
1186 -0.40434824 0.00364738
1187 -0.39296487 0.00323570
1188 -0.35302547 0.00562941
1189 -0.43470413 0.00250624
1190 -0.34789120 0.00398324
1191 -0.43968807 0.00236823
1192 -0.43467582 0.00232396
1193 -0.44139989 0.00252295
1194 -0.42459433 0.00251334
1195 -0.43129453 0.00223530
1196 -0.43783981 0.00221402
1197 -0.39537418 0.00369246
1198 -0.42351878 0.00316131
1199 -0.37339757 0.00520828
1200 -0.39503262 0.00311122
1201 -0.41456276 0.00219166
1202 -0.41065416 0.00374039
1203 -0.39073398 0.00459667
1204 -0.33937545 0.00404431
1205 -0.39906692 0.00376956
1206 -0.41975758 0.00226738
1207 -0.39060580 0.00335549
1208 -0.40820519 0.00231343
1209 -0.37545243 0.00514136
1210 -0.43785638 0.00216079
1211 -0.38238030 0.00496559
1212 -0.42013584 0.00212052
1213 -0.38503090 0.00331444
1214 -0.42073210 0.00333318
1215 -0.37276511 0.00514416
1216 -0.42317292 0.00262473
1217 -0.42811404 0.00229142
1218 -0.43868691 0.00206630
1219 -0.44641361 0.00202848
1220 -0.38887734 0.00460537
1221 -0.42564869 0.00315316
1222 -0.36553283 0.00511210
1223 -0.41455705 0.00258050
1224 -0.43868851 0.00253969
1225 -0.40240849 0.00355040
1226 -0.37411031 0.00502684
1227 -0.43743795 0.00221726
1228 -0.44417707 0.00254461
1229 -0.41268471 0.00289977
1230 -0.37638011 0.00470597
1231 -0.31616455 0.00435844
1232 -0.41848401 0.00330888
1233 -0.43344294 0.00228265
1234 -0.40103999 0.00369984
1235 -0.41510826 0.00281932
1236 -0.43789176 0.00207100
1237 -0.41246595 0.00217366
1238 -0.39344147 0.00379158
1239 -0.43238751 0.00241851
1240 -0.43154421 0.00263062
1241 -0.36800255 0.00376174
1242 -0.40138999 0.00302589
1243 -0.43303697 0.00206030
1244 -0.40365212 0.00352753
1245 -0.43977512 0.00191830
1246 -0.42694790 0.00274669
1247 -0.39492473 0.00380946
1248 -0.37583166 0.00504645
1249 -0.42954883 0.00193430
1250 -0.40447113 0.00291220
1251 -0.38204607 0.00338005
1252 -0.40595061 0.00299568
1253 -0.43803454 0.00232307
1254 -0.41735372 0.00278875
1255 -0.42488254 0.00273663
1256 -0.44217445 0.00257151
1257 -0.41375933 0.00293078
1258 -0.40030093 0.00254802
1259 -0.40513545 0.00307977
1260 -0.39531590 0.00417407
1261 -0.37708112 0.00497588
1262 -0.39834441 0.00415460
1263 -0.42750658 0.00307153
1264 -0.37012560 0.00371154
1265 -0.42378893 0.00309402
1266 -0.41059923 0.00218109
1267 -0.41934286 0.00258594
1268 -0.43359799 0.00219726
1269 -0.42407558 0.00316281
1270 -0.37985054 0.00485938
1271 -0.43119787 0.00218198
1272 -0.42197545 0.00260479
1273 -0.43458809 0.00261707
1274 -0.42480697 0.00281104
1275 -0.39542902 0.00331508
1276 -0.32731077 0.00387070
1277 -0.34047840 0.00431089
1278 -0.39223834 0.00317868
1279 -0.42773569 0.00204195
1280 -0.44081916 0.00224590
1281 -0.42230225 0.00261784
1282 -0.36459919 0.00550119
1283 -0.44038202 0.00216745
1284 -0.41498955 0.00274859
1285 -0.40402569 0.00383056
1286 -0.42972935 0.00321137
1287 -0.43578073 0.00226097
1288 -0.40146016 0.00410146
1289 -0.41527257 0.00373441
1290 -0.41804408 0.00240778
1291 -0.41402025 0.00350192
1292 -0.42082174 0.00365177
1293 -0.40399933 0.00293907
1294 -0.42734721 0.00250909
1295 -0.39937308 0.00379091
1296 -0.40404107 0.00273841
1297 -0.41512878 0.00251394
1298 -0.37651755 0.00349920
1299 -0.42630297 0.00273452
1300 -0.42060428 0.00262642
1301 -0.37818420 0.00360143
1302 -0.40884488 0.00319308
1303 -0.40912642 0.00327176
1304 -0.42724113 0.00202742
1305 -0.43971191 0.00191665
1306 -0.38905946 0.00321412
1307 -0.40975347 0.00298919
1308 -0.40397880 0.00422493
1309 -0.42096549 0.00341833
1310 -0.44395290 0.00247188
1311 -0.37453720 0.00386586
1312 -0.36087555 0.00634888
1313 -0.40496626 0.00332386
1314 -0.43139064 0.00274676
1315 -0.41387971 0.00355962
1316 -0.44820324 0.00210895
1317 -0.38417585 0.00352188
1318 -0.43294735 0.00195777
1319 -0.43132540 0.00298682
1320 -0.37810443 0.00468385
1321 -0.42500891 0.00278579
1322 -0.41235494 0.00234465
1323 -0.40374837 0.00369223
1324 -0.43917479 0.00184836
1325 -0.42471180 0.00245590
1326 -0.39018175 0.00306557
1327 -0.40442734 0.00435154
1328 -0.40858292 0.00281229
1329 -0.39812998 0.00362555
1330 -0.39411710 0.00423986
1331 -0.39302526 0.00351115
1332 -0.33898484 0.00581573
1333 -0.35138277 0.00366118
1334 -0.38295815 0.00470973
1335 -0.41390689 0.00271459
1336 -0.42439465 0.00304550
1337 -0.38348546 0.00359200
1338 -0.36203629 0.00398041
1339 -0.41007587 0.00378752
1340 -0.40652635 0.00345933
1341 -0.41205904 0.00234605
1342 -0.38724128 0.00385521
1343 -0.43125797 0.00221672
1344 -0.42983044 0.00310366
1345 -0.42651797 0.00264014
1346 -0.44303739 0.00218162
1347 -0.37591902 0.00533549
1348 -0.44241335 0.00229639
1349 -0.42765216 0.00323788
1350 -0.44556828 0.00213743
1351 -0.44524564 0.00223704
1352 -0.43500452 0.00215963
1353 -0.42506699 0.00261071
1354 -0.34321301 0.00385644
1355 -0.43272829 0.00204593
1356 -0.40419580 0.00345326
1357 -0.43030055 0.00269457
1358 -0.43235723 0.00225856
1359 -0.43125976 0.00268832
1360 -0.37263622 0.00385334
1361 -0.38140754 0.00367109
1362 -0.44537651 0.00190404
1363 -0.42958205 0.00275627
1364 -0.38974491 0.00295682
1365 -0.42930866 0.00212575
1366 -0.42781918 0.00256303
1367 -0.43874225 0.00197998
1368 -0.36308690 0.00402152
1369 -0.35987442 0.00364202
1370 -0.44582076 0.00182865
1371 -0.42453016 0.00258899
1372 -0.41481112 0.00238256
1373 -0.41250311 0.00234429
1374 -0.40145999 0.00401396
1375 -0.35384062 0.00396593
1376 -0.40706521 0.00379039
1377 -0.41972478 0.00218785
1378 -0.41561594 0.00361628
1379 -0.36413209 0.00337803
1380 -0.43812303 0.00239173
1381 -0.40903542 0.00354017
1382 -0.42137379 0.00336073
1383 -0.39316403 0.00435101
1384 -0.42094277 0.00279561
1385 -0.41989901 0.00198037
1386 -0.39095646 0.00363447
1387 -0.39326187 0.00275468
1388 -0.37672894 0.00398647
1389 -0.30110326 0.00693978
1390 -0.42916719 0.00276939
1391 -0.42898205 0.00269451
1392 -0.41507844 0.00254313
1393 -0.40434166 0.00376936
1394 -0.43368057 0.00224194
1395 -0.42640250 0.00224834
1396 -0.41555101 0.00362097
1397 -0.37406411 0.00516695
1398 -0.42550919 0.00262142
1399 -0.43917178 0.00227663
1400 -0.40115273 0.00267300
1401 -0.37356288 0.00504339
1402 -0.37750451 0.00385988
1403 -0.40410204 0.00298482
1404 -0.42287580 0.00256414
1405 -0.44110001 0.00294834
1406 -0.43029858 0.00210426
1407 -0.40954546 0.00299846
1408 -0.41377177 0.00276674
1409 -0.39876496 0.00425105
1410 -0.35030541 0.00361162
1411 -0.41893529 0.00270987
1412 -0.44341596 0.00218954
1413 -0.42897622 0.00294417
1414 -0.43131003 0.00294417
1415 -0.41707428 0.00292144
1416 -0.35364612 0.00349027
1417 -0.40844084 0.00306556
1418 -0.42847168 0.00260460
1419 -0.39738589 0.00306018
1420 -0.41828507 0.00316648
1421 -0.38477725 0.00452716
1422 -0.39456509 0.00409799
1423 -0.39212415 0.00404999
1424 -0.43092527 0.00248902
1425 -0.43613614 0.00194746
1426 -0.39105155 0.00433610
1427 -0.43867466 0.00243431
1428 -0.43794680 0.00228131
1429 -0.42509830 0.00297801
1430 -0.36523493 0.00386769
1431 -0.36020529 0.00559804
1432 -0.42966470 0.00213099
1433 -0.40645600 0.00312901
1434 -0.42324380 0.00278895
1435 -0.41833421 0.00252976
1436 -0.43111519 0.00221434
1437 -0.37532816 0.00359144
1438 -0.44174295 0.00189959
1439 -0.39976765 0.00424533
1440 -0.42530607 0.00292470
1441 -0.32254196 0.00618131
1442 -0.41724447 0.00256182
1443 -0.43546469 0.00281117
1444 -0.38033296 0.00353880
1445 -0.38779073 0.00401378
1446 -0.42183248 0.00344719
1447 -0.43793823 0.00205324
1448 -0.39739900 0.00462430
1449 -0.42978896 0.00187591
1450 -0.42923258 0.00277610
1451 -0.43042613 0.00274725
1452 -0.38928471 0.00432701
1453 -0.43351842 0.00259335
1454 -0.39578724 0.00434235
1455 -0.43928553 0.00218203
1456 -0.44663001 0.00185387
1457 -0.39083661 0.00440984
1458 -0.37945528 0.00360887
1459 -0.41406554 0.00326717
1460 -0.42070256 0.00278448
1461 -0.43110715 0.00230389
1462 -0.37391810 0.00384608
1463 -0.42766057 0.00237666
1464 -0.36143343 0.00356998
1465 -0.37934176 0.00353509
1466 -0.39967604 0.00265942
1467 -0.40427295 0.00324917
1468 -0.43153380 0.00236047
1469 -0.42497866 0.00249167
1470 -0.43823132 0.00227691
1471 -0.40434745 0.00403762
1472 -0.39575629 0.00315499
1473 -0.39135658 0.00338272
1474 -0.42153030 0.00291904
1475 -0.43505740 0.00234560
1476 -0.39709633 0.00285294
1477 -0.40591877 0.00321830
1478 -0.42738360 0.00273154
1479 -0.41351433 0.00304904
1480 -0.43719031 0.00266821
1481 -0.42895687 0.00220227
1482 -0.40518564 0.00343051
1483 -0.41453968 0.00418514
1484 -0.38725874 0.00384355
1485 -0.41088110 0.00293812
1486 -0.38461955 0.00357317
1487 -0.37127867 0.00351605
1488 -0.37680133 0.00361735
1489 -0.37552008 0.00352435
1490 -0.38987281 0.00438871
1491 -0.41896834 0.00224487
1492 -0.40596185 0.00330589
1493 -0.41657700 0.00353472
1494 -0.39638345 0.00294881
1495 -0.44362320 0.00216600
1496 -0.42287973 0.00264072
1497 -0.42797645 0.00210323
1498 -0.37723601 0.00482596
1499 -0.40026095 0.00284670
1500 -0.37996146 0.00327854
1501 -0.43876079 0.00225656
1502 -0.37329842 0.00450794
1503 -0.39699122 0.00404549
1504 -0.40915459 0.00266299
1505 -0.37934942 0.00390784
1506 -0.39329260 0.00363237
1507 -0.43066110 0.00233155
1508 -0.42652108 0.00234368
1509 -0.44099941 0.00224161
1510 -0.42627888 0.00211930
1511 -0.43905078 0.00230282
1512 -0.36138818 0.00392703
1513 -0.41722188 0.00200501
1514 -0.44157413 0.00235292
1515 -0.40879756 0.00224039
1516 -0.42083743 0.00199903
1517 -0.38419735 0.00382076
1518 -0.35329743 0.00532503
1519 -0.44520692 0.00205614
1520 -0.37643461 0.00350487
1521 -0.38682305 0.00439117
1522 -0.37069800 0.00379286
1523 -0.43372434 0.00190455
1524 -0.43791340 0.00225128
1525 -0.40920952 0.00295879
1526 -0.44000811 0.00229375
1527 -0.42176931 0.00237628
1528 -0.44188162 0.00228849
1529 -0.41555260 0.00377846
1530 -0.43298724 0.00209631
1531 -0.40291000 0.00288748
1532 -0.42299371 0.00236868
1533 -0.37132197 0.00522693
1534 -0.43951424 0.00256340
1535 -0.42389461 0.00244138
1536 -0.41135399 0.00277333
1537 -0.44569598 0.00237263
1538 -0.35486706 0.00364905
1539 -0.38276210 0.00327051
1540 -0.38186099 0.00323455
1541 -0.38472555 0.00403416
1542 -0.39263047 0.00495855
1543 -0.39046152 0.00449965
1544 -0.45306974 0.00199254
1545 -0.34897959 0.00384499
1546 -0.43992775 0.00179661
1547 -0.35549050 0.00391167
1548 -0.43672549 0.00243778
1549 -0.37937141 0.00492599
1550 -0.38336132 0.00344945
1551 -0.36120319 0.00381909
1552 -0.39726250 0.00411777
1553 -0.38660333 0.00341354
1554 -0.30744838 0.00458225
1555 -0.40113127 0.00304943
1556 -0.36097555 0.00434385
1557 -0.41639850 0.00241653
1558 -0.43530473 0.00229958
1559 -0.42234506 0.00261571
1560 -0.44263387 0.00215244
1561 -0.38443676 0.00353029
1562 -0.33983161 0.00595344
1563 -0.43006033 0.00276485
1564 -0.42068399 0.00281722
1565 -0.38147393 0.00483408
1566 -0.38075576 0.00434733
1567 -0.37310681 0.00376549
1568 -0.32340088 0.00459445
1569 -0.43394393 0.00275639
1570 -0.41592673 0.00253808
1571 -0.41554594 0.00276739
1572 -0.35656537 0.00401951
1573 -0.43370312 0.00249352
1574 -0.34993558 0.00555672
1575 -0.42853649 0.00276765
1576 -0.37326925 0.00522627
1577 -0.35802682 0.00353504
1578 -0.39966535 0.00314070
1579 -0.40777585 0.00413062
1580 -0.40205509 0.00415097
1581 -0.41722160 0.00285030
1582 -0.42581279 0.00205198
1583 -0.40224684 0.00249684
1584 -0.37112911 0.00368799
1585 -0.39248308 0.00330210
1586 -0.40438536 0.00303313
1587 -0.40659271 0.00343678
1588 -0.40464580 0.00404986
1589 -0.41743898 0.00197654
1590 -0.42558815 0.00250052
1591 -0.43916463 0.00219600
1592 -0.41595237 0.00352725
1593 -0.40575332 0.00392873
1594 -0.40419253 0.00292835
1595 -0.43103130 0.00242799
1596 -0.42563579 0.00304779
1597 -0.37216373 0.00470160
1598 -0.43155388 0.00246431
1599 -0.40331379 0.00273639
1600 -0.43498450 0.00263139
1601 -0.41165977 0.00265077
1602 -0.43587021 0.00220686
1603 -0.30699304 0.00488956
1604 -0.34706039 0.00417447
1605 -0.43242313 0.00236735
1606 -0.39801003 0.00315217
1607 -0.39740804 0.00413675
1608 -0.41581907 0.00224217
1609 -0.33066990 0.00467866
1610 -0.39013500 0.00453938
1611 -0.42437236 0.00315556
1612 -0.37401775 0.00516275
1613 -0.39688924 0.00421259
1614 -0.35593532 0.00418381
1615 -0.42475639 0.00206495
1616 -0.40067066 0.00438802
1617 -0.43769737 0.00236951
1618 -0.41435742 0.00371477
1619 -0.44898817 0.00206924
1620 -0.44656928 0.00200801
1621 -0.42175766 0.00246347
1622 -0.44758054 0.00230658
1623 -0.42479960 0.00243602
1624 -0.43659761 0.00227193
1625 -0.36068536 0.00369197
1626 -0.40082959 0.00310472
1627 -0.44650713 0.00207321
1628 -0.40367686 0.00304610
1629 -0.42703371 0.00184302
1630 -0.44077244 0.00196473
1631 -0.42957421 0.00308785
1632 -0.36384762 0.00413646
1633 -0.44581721 0.00229471
1634 -0.33779118 0.00361429
1635 -0.37437580 0.00368293
1636 -0.42277633 0.00291464
1637 -0.43483286 0.00245150
1638 -0.39956087 0.00430278
1639 -0.43159285 0.00223557
1640 -0.38143923 0.00363400
1641 -0.42620058 0.00323713
1642 -0.40398052 0.00307398
1643 -0.42925340 0.00256835
1644 -0.40135064 0.00388481
1645 -0.42494509 0.00304487
1646 -0.41773132 0.00342960
1647 -0.33600085 0.00424968
1648 -0.43909564 0.00263648
1649 -0.32269165 0.00482905
1650 -0.43504773 0.00246450
1651 -0.37838816 0.00362213
1652 -0.41853250 0.00292404
1653 -0.41171596 0.00276594
1654 -0.41067571 0.00260167
1655 -0.33850337 0.00411725
1656 -0.40300255 0.00223009
1657 -0.42434253 0.00307331
1658 -0.31814010 0.00451542
1659 -0.44065134 0.00219802
1660 -0.30025654 0.00461399
1661 -0.31309505 0.00440480
1662 -0.41252872 0.00279762
1663 -0.44058222 0.00195327
1664 -0.41105262 0.00256273
1665 -0.40510677 0.00404884
1666 -0.43481922 0.00192294
1667 -0.40569660 0.00297764
1668 -0.41272203 0.00243261
1669 -0.33199021 0.00465608
1670 -0.38776853 0.00302095
1671 -0.39497286 0.00406388
1672 -0.32387811 0.00436614
1673 -0.35608149 0.00422791
1674 -0.43724007 0.00265074
1675 -0.44030363 0.00199766
1676 -0.37134981 0.00373975
1677 -0.41794236 0.00355727
1678 -0.39171836 0.00379504
1679 -0.43718383 0.00245509
1680 -0.39401065 0.00351447
1681 -0.38417805 0.00423031
1682 -0.43766124 0.00250546
1683 -0.41538505 0.00273449
1684 -0.41742154 0.00299828
1685 -0.40965307 0.00276924
1686 -0.43801289 0.00221406
1687 -0.39045349 0.00371460
1688 -0.41335560 0.00288240
1689 -0.37477105 0.00464423
1690 -0.43107739 0.00249343
1691 -0.41282094 0.00283188
1692 -0.36125086 0.00366121
1693 -0.38464983 0.00280509
1694 -0.42074856 0.00289753
1695 -0.32902342 0.00473519
1696 -0.42445439 0.00318552
1697 -0.39572588 0.00314736
1698 -0.43573495 0.00233374
1699 -0.44236128 0.00233463
1700 -0.35964922 0.00342331
1701 -0.42206159 0.00262696
1702 -0.43058764 0.00195631
1703 -0.44554056 0.00217856
1704 -0.41223706 0.00368101
1705 -0.43189291 0.00274404
1706 -0.41308641 0.00363650
1707 -0.32271600 0.00439082
1708 -0.40660532 0.00297265
1709 -0.39215719 0.00328316
1710 -0.43077076 0.00240143
1711 -0.43150976 0.00208273
1712 -0.43932478 0.00220663
1713 -0.41338638 0.00365056
1714 -0.41772183 0.00307197
1715 -0.33473685 0.00465981
1716 -0.41877211 0.00260931
1717 -0.42721264 0.00275182
1718 -0.44253264 0.00209277
1719 -0.38053217 0.00329392
1720 -0.44108928 0.00193863
1721 -0.41275847 0.00209893
1722 -0.41375777 0.00297752
1723 -0.40958540 0.00394354
1724 -0.42354303 0.00268430
1725 -0.42724977 0.00257218
1726 -0.43674431 0.00232008
1727 -0.41536150 0.00340779
1728 -0.39795263 0.00332770
1729 -0.40832171 0.00298724
1730 -0.40861854 0.00273600
1731 -0.37380886 0.00317877
1732 -0.38838703 0.00405012
1733 -0.42603419 0.00219597
1734 -0.36342690 0.00496914
1735 -0.41354142 0.00275943
1736 -0.43696118 0.00233039
1737 -0.43118703 0.00220819
1738 -0.41317349 0.00248492
1739 -0.35240067 0.00391225
1740 -0.40988392 0.00372465
1741 -0.41795580 0.00239937
1742 -0.35841219 0.00565403
1743 -0.42929296 0.00210441
1744 -0.36507268 0.00351087
1745 -0.37699158 0.00478267
1746 -0.43632164 0.00239780
1747 -0.43533522 0.00246877
1748 -0.40340451 0.00344253
1749 -0.43432127 0.00247766
1750 -0.41564169 0.00261703
1751 -0.43450411 0.00273741
1752 -0.36066070 0.00355080
1753 -0.43138471 0.00251348
1754 -0.41485302 0.00208974
1755 -0.43176259 0.00256930
1756 -0.45125509 0.00191326
1757 -0.37998840 0.00344408
1758 -0.35131684 0.00463793
1759 -0.37995035 0.00434527
1760 -0.42659874 0.00242468
1761 -0.42516237 0.00233886
1762 -0.38715247 0.00319950
1763 -0.40466702 0.00272696
1764 -0.39623503 0.00294574
1765 -0.40891730 0.00281010
1766 -0.41789620 0.00357034
1767 -0.39339535 0.00323183
1768 -0.39439366 0.00360438
1769 -0.34955476 0.00376132
1770 -0.39494651 0.00313065
1771 -0.44309464 0.00199249
1772 -0.39618090 0.00446853
1773 -0.37714632 0.00324979
1774 -0.40702154 0.00241469
1775 -0.42138031 0.00273595
1776 -0.42262170 0.00323908
1777 -0.41949809 0.00261742
1778 -0.39734375 0.00412646
1779 -0.40724102 0.00357887
1780 -0.39823229 0.00290765
1781 -0.43748638 0.00234317
1782 -0.44170419 0.00218437
1783 -0.44096601 0.00225318
1784 -0.42665418 0.00283122
1785 -0.43643235 0.00190298
1786 -0.44018343 0.00217706
1787 -0.42172678 0.00294151
1788 -0.41160753 0.00317675
1789 -0.42236710 0.00333847
1790 -0.41146567 0.00399174
1791 -0.41442308 0.00265670
1792 -0.41459188 0.00256631
1793 -0.40631887 0.00420277
1794 -0.44166761 0.00249557
1795 -0.43044572 0.00249728
1796 -0.42241070 0.00249727
1797 -0.39521041 0.00389855
1798 -0.43310771 0.00210467
1799 -0.37620046 0.00363970
1800 -0.44290676 0.00207350
1801 -0.41843441 0.00373745
1802 -0.43287878 0.00218824
1803 -0.44278450 0.00219972
1804 -0.40695914 0.00398216
1805 -0.41005888 0.00345357
1806 -0.40524407 0.00288537
1807 -0.39628295 0.00249920
1808 -0.33414478 0.00422615
1809 -0.40076581 0.00386132
1810 -0.38923597 0.00341784
1811 -0.36326934 0.00450235
1812 -0.43381685 0.00240875
1813 -0.41351318 0.00299771
1814 -0.39439273 0.00320596
1815 -0.42173467 0.00296410
1816 -0.34581761 0.00396968
1817 -0.41980335 0.00312479
1818 -0.44173440 0.00197788
1819 -0.41258592 0.00277936
1820 -0.39408022 0.00406701
1821 -0.42176536 0.00228894
1822 -0.41679758 0.00334261
1823 -0.44100349 0.00279939
1824 -0.33437069 0.00437290
1825 -0.43974591 0.00267076
1826 -0.44134451 0.00227174
1827 -0.36622249 0.00343858
1828 -0.37538426 0.00484398
1829 -0.32453621 0.00637247
1830 -0.44379039 0.00215915
1831 -0.39199788 0.00303861
1832 -0.39646325 0.00325694
1833 -0.31141448 0.00478774
1834 -0.42904852 0.00249233
1835 -0.41602700 0.00398998
1836 -0.37151543 0.00373377
1837 -0.41753539 0.00263023
1838 -0.36775460 0.00346756
1839 -0.30719668 0.00475031
1840 -0.42595861 0.00266066
1841 -0.38913632 0.00416566
1842 -0.39523566 0.00494034
1843 -0.41879508 0.00202627
1844 -0.41385702 0.00279730
1845 -0.43690742 0.00231450
1846 -0.40020152 0.00337541
1847 -0.42401741 0.00270092
1848 -0.42883026 0.00280048
1849 -0.43531216 0.00258962
1850 -0.41492015 0.00288821
1851 -0.43557880 0.00216260
1852 -0.43977519 0.00229154
1853 -0.41134945 0.00216703
1854 -0.41753868 0.00216895
1855 -0.44040321 0.00214517
1856 -0.42180579 0.00319812
1857 -0.44043443 0.00201715
1858 -0.44613234 0.00202229
1859 -0.42195722 0.00261370
1860 -0.37831124 0.00351167
1861 -0.40832435 0.00332073
1862 -0.43121111 0.00236185
1863 -0.27879285 0.00482672
1864 -0.42356977 0.00299945
1865 -0.45014059 0.00199231
1866 -0.37341379 0.00341105
1867 -0.34907665 0.00427597
1868 -0.40483686 0.00388785
1869 -0.41897877 0.00204447
1870 -0.42459361 0.00233707
1871 -0.43068006 0.00280260
1872 -0.43006288 0.00245311
1873 -0.40547552 0.00297094
1874 -0.42815589 0.00217094
1875 -0.42163355 0.00343936
1876 -0.42828389 0.00189744
1877 -0.43363240 0.00235367
1878 -0.43677130 0.00224291
1879 -0.41449365 0.00206560
1880 -0.41085604 0.00325353
1881 -0.44028732 0.00228602
1882 -0.42934604 0.00265425
1883 -0.34803323 0.00548868
1884 -0.44234816 0.00197237
1885 -0.43014607 0.00246443
1886 -0.41921292 0.00274228
1887 -0.33862660 0.00451952
1888 -0.43199557 0.00294182
1889 -0.40409708 0.00410902
1890 -0.42296850 0.00322812
1891 -0.35857254 0.00381619
1892 -0.32411927 0.00437933
1893 -0.44264163 0.00223074
1894 -0.43407634 0.00253702
1895 -0.40897196 0.00272306
1896 -0.44225846 0.00192991
1897 -0.39841096 0.00332446
1898 -0.44107329 0.00244092
1899 -0.43255572 0.00244326
1900 -0.37124683 0.00352055
1901 -0.43161523 0.00194293
1902 -0.35832656 0.00543749
1903 -0.43662509 0.00221653
1904 -0.40929017 0.00280185
1905 -0.42786491 0.00197722
1906 -0.40901496 0.00275592
1907 -0.42147170 0.00271615
1908 -0.42623901 0.00247551
1909 -0.43890966 0.00258204
1910 -0.43515867 0.00216566
1911 -0.43491245 0.00240982
1912 -0.43884429 0.00232588
1913 -0.37686525 0.00396590
1914 -0.43640443 0.00202814
1915 -0.44634450 0.00222033
1916 -0.40383227 0.00276150
1917 -0.43610665 0.00225994
1918 -0.42016844 0.00276641
1919 -0.43637480 0.00238512
1920 -0.43523261 0.00245611
1921 -0.42379349 0.00270357
1922 -0.41432371 0.00275666
1923 -0.36041664 0.00428620
1924 -0.38929780 0.00364847
1925 -0.41069216 0.00291664
1926 -0.39035134 0.00454206
1927 -0.42485721 0.00324150
1928 -0.43512264 0.00189476
1929 -0.31644608 0.00455549
1930 -0.40356826 0.00441552
1931 -0.39031085 0.00349581
1932 -0.40776105 0.00356905
1933 -0.42888557 0.00199915
1934 -0.42373112 0.00362679
1935 -0.40949616 0.00260728
1936 -0.41790259 0.00214804
1937 -0.44143928 0.00238887
1938 -0.41583838 0.00322862
1939 -0.44088329 0.00237783
1940 -0.40942754 0.00236771
1941 -0.42460873 0.00244133
1942 -0.42432034 0.00235726
1943 -0.34343536 0.00603124
1944 -0.44036497 0.00193280
1945 -0.41269585 0.00380050
1946 -0.40767525 0.00277136
1947 -0.41189889 0.00279144
1948 -0.40188898 0.00254401
1949 -0.42593137 0.00310134
1950 -0.34590568 0.00418364
1951 -0.36590534 0.00389355
1952 -0.42074162 0.00254253
1953 -0.42659129 0.00209612
1954 -0.30178492 0.00451365
1955 -0.42442387 0.00259259
1956 -0.38717583 0.00332710
1957 -0.34564519 0.00390186
1958 -0.44308863 0.00215733
1959 -0.31495014 0.00453496
1960 -0.40132534 0.00280023
1961 -0.43760980 0.00234690
1962 -0.42363116 0.00255663
1963 -0.39813313 0.00458031
1964 -0.40963041 0.00255834
1965 -0.41353242 0.00308888
1966 -0.43890089 0.00229637
1967 -0.42846909 0.00215439
1968 -0.43464933 0.00248016
1969 -0.42073644 0.00333747
1970 -0.44753931 0.00215583
1971 -0.42873759 0.00268832
1972 -0.41268366 0.00344786
1973 -0.43704108 0.00214966
1974 -0.36017223 0.00540296
1975 -0.33205228 0.00454288
1976 -0.41885182 0.00380586
1977 -0.43563940 0.00225665
1978 -0.37514489 0.00483449
1979 -0.41993208 0.00212505
1980 -0.43043351 0.00304279
1981 -0.30556863 0.00455148
1982 -0.40935829 0.00324660
1983 -0.40334432 0.00223778
1984 -0.41505690 0.00317080
1985 -0.42592168 0.00216307
1986 -0.39407298 0.00328602
1987 -0.42449270 0.00204897
1988 -0.37315619 0.00340236
1989 -0.38514778 0.00346021
1990 -0.42320287 0.00332723
1991 -0.34561965 0.00370336
1992 -0.37075157 0.00366516
1993 -0.34002497 0.00433811
1994 -0.43613502 0.00266503
1995 -0.34613461 0.00398836
1996 -0.34829391 0.00399418
1997 -0.41232183 0.00310346
1998 -0.28018387 0.00480638
1999 -0.43224365 0.00207447
