0 -4.02641040 0.14003760
1 -3.98028060 0.09238836
2 -4.05828945 0.06310311
3 -4.05810572 0.13890531
4 -4.03695576 0.07926650
5 -4.01072036 0.18003819
6 -4.00792414 0.11552977
7 -3.91636994 0.23140624
8 -3.88546421 0.20143868
9 -3.97940607 0.19406878
10 -3.81685289 0.23159771
11 -3.88441019 0.23664517
12 -3.77566840 0.27318315
13 -3.73181226 0.35020285
14 -3.69433582 0.43930752
15 -3.68313132 0.51329874
16 -3.66231593 0.42618540
17 -3.75173953 0.48395900
18 -3.64246675 0.42726716
19 -3.60698406 0.52467036
20 -3.54535097 0.45444189
21 -3.56466813 0.47114154
22 -3.58945890 0.47988648
23 -3.63900582 0.42530782
24 -3.59383229 0.45009225
25 -3.52512092 0.53832969
26 -3.51615245 0.46447809
27 -3.42546043 0.38531234
28 -3.42840032 0.36528850
29 -3.46876558 0.38185272
30 -3.51263026 0.31332778
31 -3.52652122 0.30871758
32 -3.48430179 0.39932129
33 -3.48856582 0.32588413
34 -3.37305401 0.43428087
35 -3.45038164 0.41660573
36 -3.41083171 0.36918621
37 -3.43798105 0.48642346
38 -3.28955473 0.44172284
39 -3.25942058 0.46249381
40 -3.35089315 0.41984285
41 -3.28324807 0.44030949
42 -3.35689905 0.34504257
43 -3.29146600 0.35478713
44 -3.36888483 0.40020863
45 -3.26250788 0.40155639
46 -3.18742566 0.42616733
47 -3.27237196 0.43516100
48 -3.27753105 0.39369204
49 -3.17264758 0.39153075
50 -3.23420358 0.35399657
51 -3.21695197 0.29460867
52 -3.23506270 0.36324250
53 -3.18404798 0.29434219
54 -3.08744347 0.30267391
55 -3.00930341 0.30022297
56 -3.08401142 0.37646684
57 -2.94802536 0.25688339
58 -2.98651016 0.25109822
59 -3.01798904 0.27367989
60 -2.98299433 0.35424589
61 -2.91028010 0.31955499
62 -2.95330335 0.38204511
63 -2.88233825 0.25555778
64 -2.86704398 0.25619284
65 -2.88159587 0.25552942
66 -2.82491319 0.21908380
67 -2.77631329 0.14285138
68 -2.90742014 0.18083828
69 -2.83237393 0.13289885
70 -2.78486182 0.26945119
71 -2.80535301 0.34906027
72 -2.69414721 0.29508791
73 -2.79318172 0.39355971
74 -2.61974429 0.20793662
75 -2.57445524 0.22558686
76 -2.57229670 0.17742965
77 -2.60895774 0.24941488
78 -2.62876512 0.16848063
79 -2.49060985 0.30704236
80 -2.42822093 0.23478337
81 -2.48034183 0.28339287
82 -2.49196093 0.19910913
83 -2.43653838 0.31357850
84 -2.45884571 0.28157031
85 -2.52020648 0.35597919
86 -2.34337466 0.26261172
87 -2.43793345 0.18687223
88 -2.25911692 0.19301374
89 -2.35230807 0.26187726
90 -2.30145519 0.20511529
91 -2.28926647 0.28369137
92 -2.19626852 0.25305906
93 -2.20207012 0.22088067
94 -2.21735155 0.26056441
95 -2.23991987 0.33749624
96 -2.16895396 0.33440063
97 -2.09989118 0.37944278
98 -2.15905254 0.37077949
99 -2.04839284 0.28718054
100 -2.11521527 0.22896761
101 -2.02535469 0.21194868
102 -2.05266414 0.30599897
103 -2.07482368 0.28524471
104 -2.00130846 0.20962259
105 -2.10789157 0.30948509
106 -2.13598515 0.30781625
107 -2.05207269 0.21898826
108 -2.14349785 0.26995384
109 -2.08646144 0.39108164
110 -2.08329477 0.30913173
111 -2.13475822 0.38178792
112 -2.13283157 0.39114391
113 -2.09440525 0.30440701
114 -2.04927727 0.38930909
115 -2.13739291 0.44397482
116 -2.09179214 0.47535487
117 -2.07278958 0.34087293
118 -2.04337278 0.41223398
119 -2.09440055 0.39103837
120 -2.03975104 0.33422384
121 -2.01785137 0.27851355
122 -1.98400446 0.33338230
123 -2.04634151 0.26649359
124 -2.02049410 0.35390297
125 -2.00171262 0.32728250
126 -2.01342880 0.24442590
127 -1.88673727 0.24889061
128 -1.80725859 0.21185110
129 -1.76603893 0.27049550
130 -1.71597382 0.21925741
131 -1.69709074 0.29053798
132 -1.65096107 0.36842525
133 -1.72452849 0.44804385
134 -1.57142369 0.31978624
135 -1.48229271 0.41454216
136 -1.44574909 0.36488606
137 -1.41951205 0.27144722
138 -1.53196693 0.29839463
139 -1.46716317 0.29402747
140 -1.43762149 0.27163348
141 -1.51446392 0.36314775
142 -1.46028476 0.27802387
143 -1.43996482 0.35780120
144 -1.49633516 0.45751750
145 -1.54273666 0.50205675
146 -1.46281105 0.54384069
147 -1.54636216 0.62747974
148 -1.39308890 0.53529556
149 -1.35385712 0.45672483
150 -1.25785301 0.40345298
151 -1.19142180 0.33336394
152 -1.24764097 0.47784629
153 -1.33024618 0.39240888
154 -1.19282039 0.43165281
155 -1.20376975 0.49183307
156 -1.23142343 0.54420915
157 -1.16254658 0.44596294
158 -1.20405213 0.37271624
159 -1.18398802 0.36303724
160 -1.09416320 0.37358340
161 -1.15980692 0.45393312
162 -1.07539060 0.41448353
163 -1.09287005 0.35976131
164 -0.98295273 0.34782758
165 -1.00613688 0.50795269
166 -1.02784294 0.53003413
167 -1.09930023 0.46466959
168 -1.09779165 0.51553873
169 -1.03183028 0.43169416
170 -1.00553490 0.51417692
171 -1.04952209 0.43847391
172 -1.14605923 0.46777482
173 -1.03819987 0.41614456
174 -1.18737314 0.51604203
175 -1.02956887 0.53288347
176 -1.11095152 0.44675195
177 -1.05826278 0.44154428
178 -1.10275902 0.56860695
179 -1.02681288 0.60765374
180 -0.93917490 0.51185767
181 -0.91748952 0.57107841
182 -0.99281137 0.63839725
183 -1.01405059 0.56648296
184 -0.99271900 0.61750620
185 -0.90362272 0.66117296
186 -0.95979712 0.60984051
187 -0.91987351 0.51835626
188 -1.00137613 0.57096622
189 -0.98740801 0.55580026
190 -0.96853245 0.49346252
191 -1.04075412 0.47303022
192 -1.00669342 0.51988731
193 -1.08622046 0.64266867
194 -1.07783054 0.55717046
195 -0.95506809 0.51521579
196 -1.03202590 0.43357598
197 -0.88456838 0.60484044
198 -0.85174997 0.56411932
199 -0.89626307 0.62202931
200 -0.94334385 0.56761433
201 -0.84596649 0.52859655
202 -0.86240517 0.51023940
203 -0.79084004 0.53854109
204 -0.84057354 0.61560687
205 -0.92834130 0.51799249
206 -1.01239610 0.52037108
207 -0.99066200 0.42307198
208 -1.00869794 0.60739620
209 -1.00295387 0.58734304
210 -1.06885832 0.53840069
211 -1.03328884 0.61698405
212 -1.05172747 0.63393733
213 -1.10125301 0.70352972
214 -1.05275523 0.61366369
215 -0.95960337 0.63840521
216 -1.02388069 0.68227154
217 -1.13536944 0.59626719
218 -1.02338767 0.54953905
219 -1.06634266 0.63758937
220 -1.14146236 0.53789650
221 -1.11293759 0.67085438
222 -1.10201984 0.60699837
223 -1.06342368 0.58861228
224 -1.01748002 0.59434591
225 -0.98946705 0.55915797
226 -0.98601771 0.66690870
227 -1.08110460 0.62538043
228 -1.08448778 0.70840922
229 -0.97912254 0.55986859
230 -1.08173567 0.53796813
231 -1.13017394 0.72448408
232 -1.01114538 0.56182052
233 -1.08826957 0.57355469
234 -0.96012464 0.57828942
235 -1.03519746 0.57080259
236 -0.97440558 0.56491468
237 -1.10612301 0.65176725
238 -1.02654543 0.59307727
239 -0.96175104 0.66505501
240 -1.01302456 0.72969053
241 -0.94586612 0.81631981
242 -1.07166502 0.72000177
243 -1.01448896 0.64931875
244 -0.98372311 0.68972961
245 -0.99598881 0.75555131
246 -0.96306500 0.71495949
247 -1.08190717 0.77708755
248 -0.93371900 0.77186789
249 -0.92714948 0.81762039
250 -1.06576746 0.63218769
251 -1.01032284 0.74743012
252 -0.94251953 0.69541720
253 -1.06540578 0.77724094
254 -0.99962714 0.75737438
255 -1.09284016 0.77942793
256 -0.91647233 0.74888482
257 -1.00263462 0.64672868
258 -0.92392836 0.73062219
259 -0.95148102 0.80891997
260 -0.92153878 0.73190180
261 -0.91820255 0.80621409
262 -1.05292599 0.80696101
263 -0.94918614 0.65671463
264 -0.97076524 0.82711186
265 -1.03492666 0.72723417
266 -1.03498283 0.79156465
267 -1.07363307 0.72231620
268 -1.05903284 0.76684970
269 -1.05515239 0.76035734
270 -1.04498353 0.82927977
271 -1.04296758 0.64219242
272 -1.06690251 0.77908998
273 -0.98705841 0.76787963
274 -0.91956853 0.72553504
275 -1.04041923 0.82416398
276 -0.94660005 0.79908791
277 -0.91304832 0.67253024
278 -1.11292885 0.79139517
279 -1.05446317 0.63582520
280 -1.05630319 0.73358201
281 -1.04982003 0.63011960
282 -0.97798286 0.81719256
283 -1.04033993 0.64321090
284 -0.96882156 0.81300039
285 -0.96318157 0.79198100
286 -0.93801437 0.68329426
287 -0.94023265 0.73426508
288 -0.91116253 0.73576508
289 -0.89591290 0.73557904
290 -0.93032533 0.68197995
291 -0.98977100 0.60699699
292 -0.89217594 0.70088708
293 -0.79547511 0.63027299
294 -0.85049498 0.54964967
295 -0.93717712 0.49071536
296 -0.76164404 0.50568011
297 -0.86415558 0.48266923
298 -0.92649397 0.57268188
299 -0.83245623 0.52456066
300 -0.77827631 0.62014625
301 -0.83565812 0.63336483
302 -0.89490014 0.60255715
303 -0.98556036 0.63364768
304 -0.92486077 0.68525111
305 -0.84043723 0.53891871
306 -0.90535280 0.60775338
307 -0.98758148 0.54029314
308 -1.00275741 0.70611853
309 -0.84231110 0.64886085
310 -0.81073426 0.58532149
311 -0.83238023 0.50815692
312 -0.78539862 0.58416689
313 -0.81336608 0.49987104
314 -0.75692181 0.68397390
315 -0.73139947 0.62573118
316 -0.63801483 0.57260144
317 -0.78032187 0.52669231
318 -0.68540406 0.60116495
319 -0.63915588 0.62255687
320 -0.68184328 0.56389297
321 -0.72604797 0.52408223
322 -0.77320850 0.54607044
323 -0.71404773 0.51032620
324 -0.77338087 0.55488987
325 -0.79005848 0.50799635
326 -0.76211041 0.50892667
327 -0.86469925 0.52994946
328 -0.75730576 0.48136794
329 -0.86065942 0.45917656
330 -0.70181172 0.60778485
331 -0.77700768 0.49124394
332 -0.81503346 0.60607381
333 -0.77175317 0.64176847
334 -0.68044065 0.71490323
335 -0.81175681 0.66792290
336 -0.73229070 0.66751716
337 -0.70771802 0.62262506
338 -0.70591223 0.58982926
339 -0.76059951 0.70253197
340 -0.70566353 0.63185664
341 -0.62737795 0.61292953
342 -0.76328321 0.56248225
343 -0.70308550 0.53065632
344 -0.73732809 0.46002635
345 -0.74862899 0.46986681
346 -0.78650322 0.52868250
347 -0.74872800 0.45302970
348 -0.64471358 0.49886028
349 -0.65584484 0.56086161
350 -0.64180455 0.52800570
351 -0.65022093 0.61575439
352 -0.65670989 0.70886784
353 -0.55889665 0.52657033
354 -0.59682125 0.60974883
355 -0.71304294 0.66455430
356 -0.62873164 0.55779083
357 -0.66709047 0.68658861
358 -0.73351000 0.63007306
359 -0.67649623 0.71107313
360 -0.68321093 0.67525714
361 -0.63261361 0.74665941
362 -0.67141095 0.65166387
363 -0.70297386 0.75269714
364 -0.74034924 0.82793983
365 -0.75369228 0.81558061
366 -0.76937345 0.84018846
367 -0.73816221 0.69386358
368 -0.62721005 0.84493404
369 -0.70723556 0.72162819
370 -0.62647380 0.73380154
371 -0.62395111 0.79614708
372 -0.70085072 0.71215573
373 -0.78651771 0.71360029
374 -0.75531119 0.80920839
375 -0.66548023 0.78582138
376 -0.74481863 0.72977718
377 -0.65831951 0.69017592
378 -0.72806974 0.82097770
379 -0.79497487 0.79218079
380 -0.64752218 0.77087773
381 -0.77682158 0.83553017
382 -0.64312217 0.78492356
383 -0.61685427 0.73066019
384 -0.61175168 0.77206065
385 -0.69468419 0.78580648
386 -0.78081925 0.78335238
387 -0.73542120 0.80909023
388 -0.74350243 0.78297021
389 -0.79273492 0.82420789
390 -0.62856810 0.85154591
391 -0.68396383 0.67798274
392 -0.70230825 0.67735730
393 -0.74747749 0.79239487
394 -0.77834161 0.81144258
395 -0.70940547 0.84744685
396 -0.70922636 0.79068191
397 -0.64987553 0.69885404
398 -0.75855539 0.80903003
399 -0.62749143 0.68110054
400 -0.61334320 0.80462247
401 -0.67580432 0.77856671
402 -0.76007971 0.74926473
403 -0.72428256 0.81942750
404 -0.77061744 0.75939519
405 -0.78546997 0.77398773
406 -0.71982119 0.66537506
407 -0.66582252 0.78338882
408 -0.74121232 0.82133039
409 -0.77448232 0.83262127
410 -0.64535721 0.78591624
411 -0.74590197 0.72193638
412 -0.60811734 0.81531695
413 -0.77290259 0.72517937
414 -0.65483316 0.66941404
415 -0.73974685 0.70884257
416 -0.69949005 0.66786929
417 -0.73148345 0.76050869
418 -0.66578586 0.67809238
419 -0.65835172 0.83566270
420 -0.69218537 0.68380387
421 -0.66874482 0.79550060
422 -0.63653127 0.79301377
423 -0.76445264 0.71563503
424 -0.61055309 0.75369267
425 -0.68199783 0.70263547
426 -0.62979967 0.68570392
427 -0.79842799 0.69110198
428 -0.63269668 0.68499931
429 -0.73470847 0.66348426
430 -0.75971200 0.72746804
431 -0.78362078 0.76405791
432 -0.68967010 0.66045878
433 -0.68769616 0.80847521
434 -0.77301502 0.72737056
435 -0.67983301 0.84139682
436 -0.79896537 0.71494337
437 -0.78985772 0.83286060
438 -0.62052715 0.85222631
439 -0.60644175 0.65530096
440 -0.61328432 0.71762443
441 -0.61390835 0.70366473
442 -0.75553692 0.82467429
443 -0.76936906 0.69318130
444 -0.68391556 0.84930237
445 -0.72380465 0.75628886
446 -0.65674113 0.66495931
447 -0.63689366 0.81510646
448 -0.62372321 0.84369410
449 -0.78407592 0.69246897
450 -0.66225417 0.70366644
451 -0.68716251 0.77044127
452 -0.69022006 0.75334778
453 -0.73950419 0.66975677
454 -0.64659317 0.74738195
455 -0.83216580 0.64347213
456 -0.89980773 0.70233408
457 -0.88916896 0.54997601
458 -0.77377965 0.55000634
459 -0.90440891 0.71350569
460 -0.73721544 0.65657457
461 -0.82384678 0.58204816
462 -0.77723179 0.60141140
463 -0.76264280 0.50639104
464 -0.79910313 0.64781069
465 -0.80212088 0.51410110
466 -0.78633626 0.51123346
467 -0.68761870 0.58662696
468 -0.70742136 0.59434741
469 -0.74785993 0.57564698
470 -0.72093238 0.63378160
471 -0.76492420 0.53736540
472 -0.69816913 0.57514537
473 -0.73904420 0.53388167
474 -0.81387982 0.65248388
475 -0.86982501 0.58070845
476 -0.85250572 0.62971981
477 -0.75793767 0.62917083
478 -0.89699935 0.64452748
479 -0.90823558 0.60274155
480 -0.72902981 0.55878675
481 -0.82694649 0.67942073
482 -0.91198800 0.61224406
483 -0.85711282 0.55365836
484 -0.90096604 0.64714855
485 -0.87553878 0.56797351
486 -0.86118034 0.56937917
487 -0.83716258 0.69665949
488 -0.89600263 0.57057673
489 -0.74467904 0.58128232
490 -0.78333824 0.68358705
491 -0.71511100 0.65894932
492 -0.76561074 0.66558226
493 -0.78720251 0.69828102
494 -0.75891086 0.64839775
495 -0.78009248 0.74617015
496 -0.77646037 0.71464383
497 -0.81937822 0.74446719
498 -0.87840706 0.56506721
499 -0.74645214 0.74585430
500 -0.75981925 0.62395025
501 -0.74715835 0.52520819
502 -0.74276578 0.56974342
503 -0.70545448 0.65075159
504 -0.70336291 0.70972122
505 -0.82601683 0.58043015
506 -0.73366117 0.59018900
507 -0.80404939 0.60386072
508 -0.87916479 0.55867607
509 -0.85348974 0.69283881
510 -0.72671638 0.61773147
511 -0.76926387 0.66973880
512 -0.87954757 0.65910399
513 -0.83592835 0.69078610
514 -0.77603788 0.52595715
515 -0.73412006 0.66951676
516 -0.79475501 0.62196445
517 -0.85918682 0.65080763
518 -0.83747802 0.64155276
519 -0.82697699 0.65660751
520 -0.85296201 0.54275698
521 -0.76045563 0.58611765
522 -0.73608226 0.69718778
523 -0.87244486 0.70938394
524 -0.79217955 0.57018018
525 -0.77729704 0.67841440
526 -0.69688881 0.71653382
527 -0.87872952 0.58920862
528 -0.86011997 0.67639784
529 -0.81006590 0.56407884
530 -0.72457995 0.57544776
531 -0.70148220 0.64059701
532 -0.74172771 0.59713400
533 -0.73026877 0.62031564
534 -0.86092721 0.64673307
535 -0.86104122 0.53369036
536 -0.79610247 0.55617568
537 -0.81141009 0.65025440
538 -0.81294192 0.61716100
539 -0.75605325 0.69169101
540 -0.73127675 0.51963882
541 -0.74579044 0.64743169
542 -0.71896482 0.59616805
543 -0.90340309 0.60506210
544 -0.90679073 0.64293967
545 -0.90826164 0.52107648
546 -0.72933584 0.64266868
547 -0.80640043 0.67625037
548 -0.85198164 0.54026452
549 -0.82944995 0.56055914
550 -0.83565448 0.54372713
551 -0.74930988 0.65683137
552 -0.83719566 0.54472521
553 -0.73154237 0.58820280
554 -0.75511275 0.62453930
555 -0.81905275 0.69316564
556 -0.85650298 0.53859940
557 -0.73570810 0.68798788
558 -0.78480383 0.61953479
559 -0.78559512 0.63157966
560 -0.89607394 0.61567593
561 -0.74606218 0.61381955
562 -0.76677749 0.68488949
563 -0.90300867 0.54196078
564 -0.80727744 0.55037662
565 -0.82573819 0.68281170
566 -0.79242401 0.68883520
567 -0.84410882 0.52435743
568 -0.72423533 0.59479062
569 -0.77990722 0.53697218
570 -0.83034108 0.57852286
571 -0.82326380 0.53167714
572 -0.82061272 0.66141351
573 -0.72191025 0.69134986
574 -0.85315125 0.59409404
575 -0.71412999 0.54213205
576 -0.86032855 0.54939388
577 -0.79488812 0.61300529
578 -0.87759743 0.54792294
579 -0.78279188 0.56424131
580 -0.82600170 0.56840927
581 -0.70661058 0.62526703
582 -0.77293191 0.63109404
583 -0.69494256 0.66931763
584 -0.74596144 0.65018079
585 -0.72562152 0.68561342
586 -0.72073987 0.60320822
587 -0.80003803 0.60503800
588 -0.85490993 0.69439389
589 -0.82906852 0.53276355
590 -0.75165672 0.67920766
591 -0.78434204 0.57472196
592 -0.74561693 0.59868361
593 -0.73026895 0.59978224
594 -0.82646749 0.52009224
595 -0.78994190 0.55349382
596 -0.79302908 0.63967715
597 -0.75141176 0.64573732
598 -0.86515687 0.56164692
599 -0.82001126 0.65549016
600 -0.74581428 0.57236454
601 -0.85267240 0.54814598
602 -0.76577355 0.53114618
603 -0.73566591 0.56234616
604 -0.87959062 0.55092215
605 -0.81971116 0.52189819
606 -0.79209645 0.65964695
607 -0.88591686 0.64756564
608 -0.77631679 0.56306930
609 -0.87245282 0.57941218
610 -0.77998387 0.60148651
611 -0.77901430 0.70025824
612 -0.88640771 0.53218008
613 -0.82620001 0.57609836
614 -0.78861127 0.55634754
615 -0.77055376 0.55897931
616 -0.81928592 0.62714665
617 -0.89777165 0.57056302
618 -0.83080665 0.53277670
619 -0.88273302 0.66590471
620 -0.89589814 0.64179993
621 -0.76857682 0.60447015
622 -0.79788318 0.52992904
623 -0.85207599 0.64325784
624 -0.76982356 0.64608197
625 -0.82752506 0.61789098
626 -0.85868926 0.59753366
627 -0.75869326 0.53879048
628 -0.78549165 0.56270996
629 -0.80498444 0.51504184
630 -0.84168674 0.54583907
631 -0.73865259 0.60980971
632 -0.87747804 0.68460313
633 -0.80392503 0.55402507
634 -0.81562027 0.55705263
635 -0.83595634 0.50910223
636 -0.78987286 0.62493795
637 -0.80897525 0.64278002
638 -0.81289455 0.59324115
639 -0.71938977 0.56324149
640 -0.75658289 0.69468364
641 -0.82516768 0.69090568
642 -0.76552219 0.55476143
643 -0.77328549 0.62503385
644 -0.76065181 0.54942548
645 -0.82620770 0.62106768
646 -0.75308429 0.52624418
647 -0.76496739 0.63687546
648 -0.89302840 0.56203734
649 -0.78145783 0.63083466
650 -0.73344843 0.61841433
651 -0.78396354 0.52891157
652 -0.84969524 0.59039456
653 -0.72954190 0.68123677
654 -0.70915612 0.59430024
655 -0.72143453 0.53222385
656 -0.71295692 0.55615196
657 -0.86633070 0.55608643
658 -0.87581321 0.53461457
659 -0.78882209 0.61867879
660 -0.81149206 0.67422798
661 -0.85162352 0.58888324
662 -0.73513480 0.58248570
663 -0.83240589 0.56015943
664 -0.77926298 0.52186212
665 -0.89138362 0.61342527
666 -0.89739925 0.60173234
667 -0.74893507 0.67403513
668 -0.75156717 0.66602798
669 -0.74396720 0.60030181
670 -0.74009648 0.53120947
671 -0.80419751 0.70100670
672 -0.74467039 0.63991527
673 -0.89620232 0.65323349
674 -0.85690350 0.62236322
675 -0.85247588 0.52675837
676 -0.74209839 0.64072085
677 -0.86897270 0.63448755
678 -0.88042566 0.56621967
679 -0.89523737 0.65976203
680 -0.71554886 0.68593736
681 -0.79643842 0.66381437
682 -0.78129663 0.66405028
683 -0.74078476 0.63247259
684 -0.88253196 0.59377840
685 -0.77622865 0.50576009
686 -0.85437362 0.64360859
687 -0.76538310 0.68913573
688 -0.86852333 0.63165819
689 -0.85166647 0.55979322
690 -0.85028794 0.59707103
691 -0.85673950 0.61636000
692 -0.70213266 0.59733000
693 -0.74688080 0.54917629
694 -0.77915499 0.60084372
695 -0.86257609 0.68709320
696 -0.71231992 0.55920925
697 -0.86082093 0.53939929
698 -0.71570275 0.61066866
699 -0.88406973 0.61804846
700 -0.88304513 0.59064251
701 -0.80976349 0.69550598
702 -0.71558507 0.60368081
703 -0.75355797 0.54705688
704 -0.70018291 0.59876029
705 -0.80668510 0.61877060
706 -0.78847319 0.63221362
707 -0.86996510 0.71294994
708 -0.71971172 0.70566792
709 -0.86471161 0.59183665
710 -0.70668137 0.67972581
711 -0.74032186 0.61007917
712 -0.82967200 0.65866374
713 -0.88038240 0.66017538
714 -0.79693665 0.59281808
715 -0.76788896 0.55368412
716 -0.78142323 0.64014281
717 -0.69402599 0.68323248
718 -0.86563083 0.55907727
719 -0.69678246 0.66917909
720 -0.73266857 0.57638478
721 -0.77068215 0.69320889
722 -0.84731974 0.72853555
723 -0.86611380 0.54269213
724 -0.81966502 0.72526347
725 -0.79031624 0.68651397
726 -0.78392887 0.63475861
727 -0.86203605 0.54180232
728 -0.79547667 0.71750028
729 -0.80979566 0.67369080
730 -0.77673400 0.60537149
731 -0.84162228 0.57779412
732 -0.69826346 0.55446947
733 -0.86799168 0.69043234
734 -0.77215913 0.60240533
735 -0.85923951 0.57155517
736 -0.84803600 0.65652060
737 -0.85681886 0.69036056
738 -0.83200030 0.59385477
739 -0.81758768 0.63954822
740 -0.79589764 0.70531829
741 -0.76726860 0.72995753
742 -0.79458469 0.59407671
743 -0.83102834 0.65753097
744 -0.75817329 0.63873676
745 -0.83691450 0.65632592
746 -0.73124257 0.62080364
747 -0.72549943 0.64920717
748 -0.72578823 0.69637168
749 -0.79935521 0.62126903
750 -0.79347785 0.58144822
751 -0.88571526 0.65234649
752 -0.85735566 0.65547817
753 -0.82325719 0.62872117
754 -0.77529233 0.67064880
755 -0.85625087 0.70993812
756 -0.69695549 0.63759657
757 -0.71695438 0.59127975
758 -0.72092170 0.65300881
759 -0.84952254 0.59872089
760 -0.80258700 0.62052045
761 -0.78309638 0.69619559
762 -0.72319969 0.60682447
763 -0.83286732 0.72829017
764 -0.87054984 0.69257908
765 -0.78700063 0.68861950
766 -0.70805183 0.57213532
767 -0.86240908 0.61349614
768 -0.78009937 0.58918398
769 -0.83379882 0.65338504
770 -0.70615490 0.70427962
771 -0.88794351 0.63984787
772 -0.69093031 0.72670906
773 -0.74606349 0.65558213
774 -0.78725327 0.67565131
775 -0.73669384 0.71120102
776 -0.77641303 0.58627295
777 -0.73949824 0.68034759
778 -0.78342147 0.65564614
779 -0.74174961 0.70246168
780 -0.88483795 0.60885254
781 -0.78486508 0.54561909
782 -0.75587473 0.56271132
783 -0.74181805 0.55496377
784 -0.74976086 0.67111427
785 -0.72624506 0.55627234
786 -0.86067900 0.72258475
787 -0.75235616 0.57239960
788 -0.82318335 0.56488836
789 -0.73687515 0.68853999
790 -0.73056889 0.55158637
791 -0.78522891 0.63078181
792 -0.72979449 0.56756495
793 -0.70331497 0.56059855
794 -0.79547035 0.55031417
795 -0.74701846 0.54321747
796 -0.82863908 0.54984489
797 -0.73696269 0.63565885
798 -0.68941472 0.54716083
799 -0.82850854 0.66185982
800 -0.75591162 0.72396604
801 -0.85060068 0.55101047
802 -0.80624491 0.54731327
803 -0.84445193 0.60409825
804 -0.78839998 0.61123205
805 -0.76959871 0.65970304
806 -0.83452425 0.56468490
807 -0.80951209 0.61293087
808 -0.73446569 0.64263046
809 -0.86677670 0.55660136
810 -0.78078662 0.65367029
811 -0.84052028 0.66386404
812 -0.69514582 0.65952323
813 -0.74212038 0.63937993
814 -0.73088341 0.69556171
815 -0.73542003 0.58017824
816 -0.75254102 0.73056155
817 -0.77019279 0.58582814
818 -0.74661209 0.58053756
819 -0.75524910 0.58881753
820 -0.69041296 0.54260103
821 -0.79708255 0.72607425
822 -0.88772335 0.57868208
823 -0.76824989 0.62057855
824 -0.73089839 0.57270839
825 -0.80421731 0.62270656
826 -0.82022119 0.59963480
827 -0.72696821 0.61702267
828 -0.82325344 0.63934024
829 -0.71873801 0.67022761
830 -0.74676543 0.65605458
831 -0.84351354 0.54519049
832 -0.73111801 0.61617367
833 -0.72101716 0.57102458
834 -0.79387930 0.69572798
835 -0.78977645 0.63858770
836 -0.86323171 0.54336066
837 -0.69220369 0.67752951
838 -0.72723006 0.64421279
839 -0.84434661 0.68411582
840 -0.75188842 0.57839860
841 -0.70252685 0.60518004
842 -0.74790731 0.56649562
843 -0.78341356 0.57096647
844 -0.72048126 0.60134199
845 -0.73988556 0.57012728
846 -0.85054639 0.54311606
847 -0.79757745 0.62656309
848 -0.85681211 0.65445964
849 -0.82462473 0.59757653
850 -0.69325227 0.56317827
851 -0.72001406 0.61024749
852 -0.72671513 0.70115215
853 -0.88825057 0.64564070
854 -0.72824672 0.73199452
855 -0.76484338 0.54764718
856 -0.77102027 0.59822020
857 -0.88030011 0.61633986
858 -0.85340859 0.61189178
859 -0.77010900 0.70385291
860 -0.81975628 0.57339985
861 -0.70904965 0.55684506
862 -0.74457647 0.66682324
863 -0.87100293 0.55426130
864 -0.86631098 0.58919075
865 -0.74986052 0.72344534
866 -0.78655646 0.63946894
867 -0.83063188 0.56702294
868 -0.75032552 0.57588177
869 -0.73261147 0.57746447
870 -0.70089719 0.59684523
871 -0.84373313 0.71556079
872 -0.72444714 0.67155948
873 -0.74099408 0.65217436
874 -0.72808097 0.64917866
875 -0.80057570 0.55491446
876 -0.79349674 0.67375380
877 -0.74684200 0.57459551
878 -0.81200731 0.55779681
879 -0.73234164 0.68930150
880 -0.82567222 0.66396537
881 -0.81876764 0.60414686
882 -0.70043256 0.55065626
883 -0.81533871 0.70409534
884 -0.69840100 0.70911530
885 -0.77408110 0.67585941
886 -0.75505189 0.67722372
887 -0.73046416 0.71347860
888 -0.75442383 0.58819494
889 -0.80540665 0.58000435
890 -0.69158598 0.54486261
891 -0.77868718 0.67166957
892 -0.74843282 0.67205489
893 -0.75898226 0.59945886
894 -0.86973963 0.54251047
895 -0.84645815 0.60341461
896 -0.84664687 0.65209293
897 -0.85196887 0.54414643
898 -0.74515197 0.69887443
899 -0.78165397 0.72722100
900 -0.83038403 0.54106523
901 -0.70409788 0.70789406
902 -0.79413238 0.63497986
903 -0.74694454 0.67764882
904 -0.82303015 0.64658709
905 -0.76878911 0.72275162
906 -0.73449288 0.71679243
907 -0.81058227 0.59221685
908 -0.72460230 0.55409414
909 -0.75586781 0.65117034
910 -0.79331907 0.62365397
911 -0.84308959 0.63168322
912 -0.85991199 0.67883624
913 -0.74883823 0.64564166
914 -0.70998995 0.62203818
915 -0.72191489 0.57346532
916 -0.82944344 0.70235829
917 -0.77222434 0.58290814
918 -0.79883291 0.64000236
919 -0.79586009 0.68684324
920 -0.74452222 0.66312022
921 -0.82790498 0.56637650
922 -0.81290724 0.71279514
923 -0.79921953 0.70167457
924 -0.82195839 0.60740551
925 -0.82752816 0.53803593
926 -0.75820301 0.69542932
927 -0.91911022 0.63740668
928 -0.87713528 0.70339168
929 -0.73126029 0.60648718
930 -0.87457911 0.51152548
931 -0.74181671 0.63830543
932 -0.76641277 0.52296262
933 -0.82966842 0.67698162
934 -0.79518161 0.57964340
935 -0.75660350 0.52601391
936 -0.81823438 0.64967586
937 -0.85683271 0.59223868
938 -0.86454849 0.52463549
939 -0.76287117 0.57702022
940 -0.81151270 0.62012224
941 -0.74336528 0.63538584
942 -0.90742462 0.59731625
943 -0.80640221 0.70210548
944 -0.83939774 0.60164328
945 -0.84537854 0.59267276
946 -0.92126953 0.56637633
947 -0.80338723 0.54701266
948 -0.87157112 0.67431072
949 -0.82024690 0.65422254
950 -0.86696776 0.64645623
951 -0.75071595 0.64462015
952 -0.90955808 0.65057391
953 -0.87591386 0.50979258
954 -0.78130289 0.66583537
955 -0.88445743 0.50824102
956 -0.75353939 0.65912282
957 -0.74927024 0.57700630
958 -0.85886961 0.68887272
959 -0.84042323 0.63260550
960 -0.75269004 0.56975659
961 -0.91892331 0.58979543
962 -0.83671088 0.64157351
963 -0.74248622 0.68725571
964 -0.88998207 0.63968417
965 -0.74138157 0.51431465
966 -0.77575047 0.53681162
967 -0.86193165 0.65156693
968 -0.82971315 0.60894722
969 -0.86143685 0.54405802
970 -0.77646734 0.62091894
971 -0.90181208 0.66273636
972 -0.74855621 0.67253231
973 -0.86272492 0.70727464
974 -0.79339928 0.59642034
975 -0.79257911 0.54542712
976 -0.73921614 0.53696207
977 -0.89972769 0.60625045
978 -0.81889033 0.61625509
979 -0.84893819 0.68814911
980 -0.72412414 0.67620960
981 -0.82573644 0.56404939
982 -0.87968244 0.66124291
983 -0.82393391 0.65697916
984 -0.79304505 0.70089955
985 -0.87166520 0.60059097
986 -0.91291762 0.64193321
987 -0.77698760 0.52819691
988 -0.87481579 0.52992886
989 -0.83847904 0.57343835
990 -0.73703531 0.61418034
991 -0.80149240 0.62041989
992 -0.86308749 0.53715877
993 -0.88438804 0.66935626
994 -0.84673036 0.56453683
995 -0.83302694 0.67298927
996 -0.73346277 0.70284995
997 -0.72395162 0.67629157
998 -0.82250080 0.52801417
999 -0.81915702 0.58146509
1000 -0.70681940 0.63981481
1001 -0.82114884 0.70557789
1002 -0.83763061 0.61196189
1003 -0.85922269 0.58768791
1004 -0.78975293 0.60435551
1005 -0.73592760 0.66817438
1006 -0.89264171 0.59514574
1007 -0.82320034 0.70731044
1008 -0.72858035 0.71951992
1009 -0.86585460 0.59047009
1010 -0.83989608 0.62732774
1011 -0.83092833 0.55259062
1012 -0.86751583 0.53642925
1013 -0.87786052 0.63955757
1014 -0.79536498 0.64662357
1015 -0.82390493 0.57954992
1016 -0.87218743 0.63112949
1017 -0.75683108 0.68509734
1018 -0.88393846 0.53529081
1019 -0.80299713 0.52563098
1020 -0.85967253 0.58657525
1021 -0.73104624 0.58245769
1022 -0.75651461 0.59471576
1023 -0.84296475 0.59272570
1024 -0.84577490 0.68432572
1025 -0.88402238 0.67256675
1026 -0.89477119 0.64139512
1027 -0.73345431 0.55358744
1028 -0.71005028 0.56138737
1029 -0.72102060 0.61450585
1030 -0.76996293 0.70281559
1031 -0.78913895 0.63070925
1032 -0.73950197 0.60132948
1033 -0.75251976 0.65316307
1034 -0.74882287 0.61789938
1035 -0.80452245 0.56847670
1036 -0.82455195 0.60853057
1037 -0.70623687 0.60086323
1038 -0.72744053 0.61993293
1039 -0.83088298 0.56327461
1040 -0.75873935 0.59963856
1041 -0.79748322 0.67215557
1042 -0.78885952 0.60571008
1043 -0.79695298 0.62247528
1044 -0.78074516 0.63274883
1045 -0.88219222 0.71698102
1046 -0.86934741 0.58432504
1047 -0.89801231 0.60084698
1048 -0.86918249 0.53437475
1049 -0.88901780 0.68011778
1050 -0.71035810 0.67022585
1051 -0.90065960 0.53962828
1052 -0.86376394 0.68520873
1053 -0.87140143 0.57372568
1054 -0.87789545 0.56161112
1055 -0.75691763 0.65580304
1056 -0.77885488 0.55240034
1057 -0.82611351 0.65333615
1058 -0.83931407 0.55710123
1059 -0.73957090 0.66221422
1060 -0.76618175 0.52931583
1061 -0.77391238 0.57287487
1062 -0.87182294 0.54716801
1063 -0.79252255 0.62705881
1064 -0.77298032 0.54044295
1065 -0.86680477 0.66711734
1066 -0.89060663 0.61464147
1067 -0.87104165 0.70674389
1068 -0.86178019 0.52246929
1069 -0.84485519 0.54497393
1070 -0.86231246 0.53955734
1071 -0.80634664 0.53054039
1072 -0.87121891 0.59204548
1073 -0.87725173 0.71753884
1074 -0.72768568 0.68274278
1075 -0.79008395 0.71918060
1076 -0.79790327 0.60204811
1077 -0.74481364 0.64302682
1078 -0.89263416 0.58118795
1079 -0.80370828 0.64149200
1080 -0.79277693 0.57323622
1081 -0.80549331 0.62742159
1082 -0.83848547 0.69399575
1083 -0.72610136 0.53107863
1084 -0.74835276 0.52525061
1085 -0.77560411 0.52448026
1086 -0.70942690 0.56437023
1087 -0.89427407 0.69543544
1088 -0.89341653 0.63439232
1089 -0.89616805 0.65003775
1090 -0.79911009 0.69077268
1091 -0.86473101 0.56794606
1092 -0.72854601 0.58623681
1093 -0.76834452 0.65044370
1094 -0.80142072 0.61537218
1095 -0.86883320 0.71295419
1096 -0.77940667 0.59584774
1097 -0.76054627 0.59930138
1098 -0.71597716 0.53282290
1099 -0.85982045 0.54824741
1100 -0.89692287 0.62035163
1101 -0.73249248 0.66507257
1102 -0.79179419 0.59604032
1103 -0.74134683 0.56933497
1104 -0.70697260 0.52737531
1105 -0.70176344 0.68792367
1106 -0.71874602 0.55310297
1107 -0.82048813 0.53607115
1108 -0.75135416 0.60403475
1109 -0.80382861 0.68952632
1110 -0.88325131 0.60200145
1111 -0.75899505 0.62345874
1112 -0.74181637 0.54675020
1113 -0.76819208 0.54524931
1114 -0.82049802 0.61527196
1115 -0.76563799 0.57259618
1116 -0.77656991 0.57035133
1117 -0.84615807 0.57389723
1118 -0.73029308 0.68841451
1119 -0.88411504 0.55119269
1120 -0.78179704 0.68018054
1121 -0.86843571 0.71422450
1122 -0.86827667 0.63448520
1123 -0.83322063 0.71110109
1124 -0.80839089 0.68390569
1125 -0.86580015 0.69699047
1126 -0.75104924 0.61869499
1127 -0.74059671 0.59689406
1128 -0.73687437 0.55746898
1129 -0.72947594 0.69218169
1130 -0.87623612 0.64382290
1131 -0.71395557 0.71736910
1132 -0.75281286 0.55522838
1133 -0.78973245 0.58782002
1134 -0.89142680 0.60858729
1135 -0.89347339 0.56249590
1136 -0.81393573 0.55734703
1137 -0.71505010 0.68286061
1138 -0.76528731 0.52189306
1139 -0.84915059 0.57195119
1140 -0.73275837 0.62355499
1141 -0.73755347 0.66416968
1142 -0.81722217 0.62741360
1143 -0.89411726 0.59700453
1144 -0.77014149 0.57350226
1145 -0.74438410 0.66731918
1146 -0.82727144 0.54285155
1147 -0.88967653 0.62285910
1148 -0.83257682 0.69824343
1149 -0.88422388 0.54255260
1150 -0.83523449 0.62028128
1151 -0.77462116 0.63009747
1152 -0.77693964 0.63939643
1153 -0.76195180 0.57912268
1154 -0.88833121 0.56828501
1155 -0.75807728 0.58686944
1156 -0.77013889 0.52290421
1157 -0.76484378 0.67038729
1158 -0.73230846 0.62948321
1159 -0.81362017 0.71187038
1160 -0.77791638 0.63005085
1161 -0.80697909 0.68443366
1162 -0.76529084 0.57110552
1163 -0.78821699 0.58472936
1164 -0.84863706 0.71264670
1165 -0.81452038 0.66519216
1166 -0.77162548 0.62027951
1167 -0.82197813 0.57664055
1168 -0.72716454 0.55155345
1169 -0.71695806 0.72035947
1170 -0.79049663 0.66480921
1171 -0.83678809 0.62016373
1172 -0.82496992 0.61367223
1173 -0.86567681 0.71708548
1174 -0.89845253 0.65570144
1175 -0.71043647 0.64207413
1176 -0.86086781 0.53411993
1177 -0.87248299 0.53514884
1178 -0.72471017 0.70715379
1179 -0.76842594 0.57469313
1180 -0.87885306 0.54577319
1181 -0.84195037 0.71986154
1182 -0.78294898 0.71697190
1183 -0.70249420 0.58576357
1184 -0.78331398 0.56211972
1185 -0.75126720 0.70156308
1186 -0.88428729 0.65551344
1187 -0.71109728 0.68988119
1188 -0.87656540 0.71212525
1189 -0.79212482 0.64239850
1190 -0.86552192 0.53058975
1191 -0.84446011 0.60974102
1192 -0.83956636 0.60455552
1193 -0.80724655 0.63998203
1194 -0.77801616 0.57187247
1195 -0.76085214 0.64573949
1196 -0.79550520 0.59708811
1197 -0.89933844 0.63613757
1198 -0.87061156 0.64007858
1199 -0.84078996 0.70927303
1200 -0.80053784 0.55206331
1201 -0.72622211 0.59053916
1202 -0.78062877 0.70862227
1203 -0.78495024 0.71862722
1204 -0.71049578 0.52155821
1205 -0.78010654 0.69585781
1206 -0.71767841 0.64985347
1207 -0.70649318 0.70564101
1208 -0.70222800 0.62157786
1209 -0.83254158 0.71381466
1210 -0.76414052 0.65202917
1211 -0.82979507 0.71409253
1212 -0.74004638 0.58674496
1213 -0.85449374 0.54995485
1214 -0.78355506 0.67061241
1215 -0.87956588 0.68347153
1216 -0.75939907 0.65738677
1217 -0.73186585 0.67734961
1218 -0.76481340 0.65844421
1219 -0.78503063 0.61971167
1220 -0.81053946 0.71107024
1221 -0.82306840 0.65291656
1222 -0.85821571 0.71011245
1223 -0.87507837 0.59153975
1224 -0.81498217 0.63737454
1225 -0.77311396 0.70047898
1226 -0.88267874 0.68902846
1227 -0.78757763 0.61009138
1228 -0.81858124 0.65121893
1229 -0.72806847 0.68667276
1230 -0.88640723 0.68014329
1231 -0.88871753 0.52182863
1232 -0.79002115 0.68583581
1233 -0.79822660 0.58271515
1234 -0.89219618 0.63197123
1235 -0.76930799 0.56080961
1236 -0.75651787 0.59719653
1237 -0.70550465 0.64898084
1238 -0.90047632 0.62996468
1239 -0.77125633 0.57498614
1240 -0.86497664 0.59931551
1241 -0.72143506 0.53114849
1242 -0.88676620 0.59688106
1243 -0.75947806 0.59017864
1244 -0.81338538 0.54257784
1245 -0.75172404 0.61599294
1246 -0.82511784 0.56842669
1247 -0.89659433 0.65118187
1248 -0.85172865 0.70951139
1249 -0.74026972 0.63006549
1250 -0.88645408 0.57423310
1251 -0.84796328 0.54732436
1252 -0.77332698 0.55495904
1253 -0.83225387 0.61263538
1254 -0.87265995 0.60144536
1255 -0.83468526 0.57372384
1256 -0.80663191 0.63735281
1257 -0.82858870 0.56121961
1258 -0.70742387 0.57345903
1259 -0.89775842 0.60218476
1260 -0.80577717 0.70795335
1261 -0.85254227 0.70841490
1262 -0.84789258 0.68845900
1263 -0.81683939 0.65865574
1264 -0.78849343 0.53494764
1265 -0.79745424 0.68592431
1266 -0.72322142 0.58646920
1267 -0.76512978 0.56764001
1268 -0.77647749 0.58489883
1269 -0.78950933 0.67775093
1270 -0.84433602 0.71094408
1271 -0.74456032 0.58691434
1272 -0.78135748 0.56716730
1273 -0.83273155 0.64037196
1274 -0.84218641 0.56909973
1275 -0.74322735 0.69609579
1276 -0.70565455 0.52577491
1277 -0.84961926 0.52291726
1278 -0.73923734 0.54802208
1279 -0.74424790 0.61648574
1280 -0.78049912 0.65221806
1281 -0.82883132 0.57331686
1282 -0.88191365 0.69118016
1283 -0.78988701 0.64245126
1284 -0.75945642 0.56265223
1285 -0.87348068 0.65416116
1286 -0.78247283 0.66864245
1287 -0.80877039 0.59035909
1288 -0.88104248 0.66062496
1289 -0.83606417 0.67049500
1290 -0.74082480 0.57662084
1291 -0.83277450 0.67249199
1292 -0.78300939 0.67532882
1293 -0.74877938 0.55555200
1294 -0.82492531 0.57677957
1295 -0.89308157 0.65193533
1296 -0.71213615 0.56463257
1297 -0.72462230 0.66288737
1298 -0.74855211 0.53812188
1299 -0.86494504 0.62035779
1300 -0.86822233 0.59763341
1301 -0.72264462 0.53659621
1302 -0.74479576 0.68553472
1303 -0.74472954 0.67290807
1304 -0.72563330 0.63510532
1305 -0.74125025 0.60616823
1306 -0.72097640 0.70680899
1307 -0.85131408 0.56084488
1308 -0.79673189 0.71620502
1309 -0.82134685 0.67863932
1310 -0.80569944 0.64798752
1311 -0.75127660 0.52949312
1312 -0.87673998 0.70058784
1313 -0.79521363 0.54641400
1314 -0.75240235 0.66530444
1315 -0.86145672 0.66191079
1316 -0.80814704 0.62738605
1317 -0.76095984 0.53935666
1318 -0.75897223 0.61059134
1319 -0.79896460 0.65355754
1320 -0.84485445 0.70376787
1321 -0.83325616 0.57065674
1322 -0.70833106 0.58238391
1323 -0.78347353 0.70230329
1324 -0.75635365 0.61286092
1325 -0.81922408 0.57596602
1326 -0.71684708 0.55135565
1327 -0.81603332 0.70489567
1328 -0.72809902 0.69049342
1329 -0.90471212 0.63037208
1330 -0.78825736 0.70964012
1331 -0.78745661 0.54048310
1332 -0.90172797 0.70016252
1333 -0.88958398 0.54096081
1334 -0.81367797 0.71823841
1335 -0.76815011 0.56548812
1336 -0.86135376 0.63270032
1337 -0.75617552 0.53657148
1338 -0.78107730 0.52754793
1339 -0.84978963 0.66370237
1340 -0.77453824 0.69918943
1341 -0.71987329 0.58084568
1342 -0.79700286 0.53268925
1343 -0.80543000 0.58900745
1344 -0.82780695 0.65783175
1345 -0.79023699 0.66232083
1346 -0.82799009 0.60483333
1347 -0.83377455 0.72394318
1348 -0.79005603 0.59757880
1349 -0.79381905 0.67731385
1350 -0.77116176 0.62639936
1351 -0.81747835 0.62065118
1352 -0.77212942 0.62490219
1353 -0.84831276 0.60425852
1354 -0.89878477 0.53711826
1355 -0.74685735 0.60045785
1356 -0.73125698 0.69013261
1357 -0.77290102 0.65207861
1358 -0.78803529 0.58477169
1359 -0.75836309 0.63523144
1360 -0.82736185 0.53343430
1361 -0.79394711 0.53642691
1362 -0.78672983 0.60290584
1363 -0.76204978 0.64460553
1364 -0.90064001 0.58356882
1365 -0.76198159 0.58877526
1366 -0.76385556 0.66071859
1367 -0.76564852 0.60140790
1368 -0.82620876 0.52974641
1369 -0.72006240 0.53323114
1370 -0.77967537 0.61911062
1371 -0.85766191 0.58262520
1372 -0.72568542 0.60142469
1373 -0.72103288 0.57966044
1374 -0.85703814 0.67181168
1375 -0.83224340 0.53066991
1376 -0.78471518 0.69500232
1377 -0.72924101 0.59054123
1378 -0.86009022 0.66052577
1379 -0.89991847 0.55155267
1380 -0.84088871 0.61082867
1381 -0.78942835 0.70053907
1382 -0.84940554 0.65591828
1383 -0.83708096 0.68100199
1384 -0.86309909 0.60841949
1385 -0.71151442 0.62590689
1386 -0.78792792 0.53847871
1387 -0.72154719 0.56106723
1388 -0.72985434 0.72059147
1389 -0.89590671 0.72555225
1390 -0.76809502 0.66006807
1391 -0.85041502 0.60899479
1392 -0.71280930 0.62551584
1393 -0.78202516 0.70330727
1394 -0.80888753 0.60228611
1395 -0.74044321 0.60413171
1396 -0.85897979 0.66530136
1397 -0.79645680 0.71416248
1398 -0.76786469 0.67440297
1399 -0.80178111 0.60049189
1400 -0.71067556 0.69525997
1401 -0.84131781 0.70481123
1402 -0.80680705 0.53297836
1403 -0.71602919 0.68186785
1404 -0.86980787 0.59284322
1405 -0.81401255 0.63587576
1406 -0.76343442 0.59767270
1407 -0.83343777 0.55869094
1408 -0.76031446 0.56147401
1409 -0.88390624 0.66097667
1410 -0.88259915 0.54212312
1411 -0.75694640 0.56318698
1412 -0.82017167 0.61299502
1413 -0.84798776 0.64394327
1414 -0.85891959 0.63284766
1415 -0.75936855 0.68994561
1416 -0.90775154 0.55282240
1417 -0.80615454 0.55377064
1418 -0.79331066 0.56943703
1419 -0.87222760 0.56727422
1420 -0.87480349 0.64249002
1421 -0.87832117 0.66748843
1422 -0.86633759 0.66103052
1423 -0.80969085 0.70134322
1424 -0.77251701 0.66220470
1425 -0.75239990 0.62024529
1426 -0.82355938 0.69123372
1427 -0.79911822 0.63710234
1428 -0.84412614 0.59716723
1429 -0.80784286 0.66220823
1430 -0.73758896 0.52895677
1431 -0.86258351 0.71046072
1432 -0.73726917 0.65035446
1433 -0.88863635 0.61215732
1434 -0.88777337 0.60761603
1435 -0.74422809 0.66472979
1436 -0.75549161 0.63456700
1437 -0.86841354 0.54300092
1438 -0.75423698 0.60998433
1439 -0.85061042 0.66653009
1440 -0.76829665 0.67993095
1441 -0.90596870 0.70617234
1442 -0.77532999 0.56967940
1443 -0.84071129 0.63421545
1444 -0.81417922 0.54056314
1445 -0.76042919 0.71757524
1446 -0.82683121 0.66058146
1447 -0.77558349 0.59357214
1448 -0.85604750 0.69537462
1449 -0.73143692 0.61124824
1450 -0.85186363 0.63885299
1451 -0.75268769 0.66556053
1452 -0.87201211 0.68135716
1453 -0.80192375 0.64829944
1454 -0.85044250 0.69393157
1455 -0.77587333 0.58988608
1456 -0.76912985 0.61028174
1457 -0.86170162 0.68424491
1458 -0.81868316 0.53886421
1459 -0.74913496 0.67316670
1460 -0.86949777 0.60739476
1461 -0.83264364 0.59025155
1462 -0.74549884 0.52938295
1463 -0.76234234 0.65460999
1464 -0.90702581 0.54803792
1465 -0.83547190 0.54176091
1466 -0.70841180 0.56667216
1467 -0.72299593 0.69487707
1468 -0.85294538 0.59849902
1469 -0.85010796 0.58663549
1470 -0.78293327 0.65108091
1471 -0.87383975 0.66089580
1472 -0.71605735 0.70293464
1473 -0.82344771 0.54565058
1474 -0.75863414 0.67207420
1475 -0.84726135 0.60274517
1476 -0.89105932 0.57974894
1477 -0.74880953 0.54843061
1478 -0.85007693 0.62122908
1479 -0.80046449 0.55657029
1480 -0.79993943 0.64797732
1481 -0.73993920 0.64162843
1482 -0.75650682 0.69654997
1483 -0.83830405 0.67425513
1484 -0.72605534 0.71536681
1485 -0.89035179 0.60334552
1486 -0.85865229 0.54303588
1487 -0.88256698 0.54698184
1488 -0.71055283 0.71207775
1489 -0.86821628 0.54482057
1490 -0.88596128 0.68026593
1491 -0.73775591 0.58279413
1492 -0.89239264 0.60311160
1493 -0.75145794 0.66985010
1494 -0.72864333 0.55551194
1495 -0.81572656 0.60106074
1496 -0.84636579 0.58330817
1497 -0.74203230 0.59307630
1498 -0.83529894 0.70202332
1499 -0.72773491 0.55875678
1500 -0.72176193 0.54441064
1501 -0.77842870 0.59526285
1502 -0.90174151 0.66689317
1503 -0.77670718 0.72044908
1504 -0.71523059 0.56637854
1505 -0.73865625 0.52830581
1506 -0.73665084 0.71029150
1507 -0.76024483 0.57773868
1508 -0.72601660 0.65569567
1509 -0.82076623 0.59257352
1510 -0.74548801 0.59557380
1511 -0.83265920 0.62288420
1512 -0.83507803 0.53148317
1513 -0.71413870 0.61806344
1514 -0.80994597 0.63432820
1515 -0.71008612 0.64985502
1516 -0.71028070 0.61414405
1517 -0.72332184 0.71888463
1518 -0.90415486 0.68704314
1519 -0.80560127 0.61484802
1520 -0.75032953 0.53814689
1521 -0.84942704 0.69404858
1522 -0.77270406 0.53274758
1523 -0.75163191 0.61429789
1524 -0.81651474 0.59626020
1525 -0.82546634 0.55905799
1526 -0.83482915 0.61242893
1527 -0.73648130 0.66482247
1528 -0.83364373 0.60168557
1529 -0.87633645 0.66115003
1530 -0.75314064 0.64275607
1531 -0.71333873 0.68582417
1532 -0.73336672 0.67046658
1533 -0.84742188 0.71135607
1534 -0.83708673 0.62885986
1535 -0.72788169 0.63731954
1536 -0.72191098 0.69138017
1537 -0.81527364 0.62011212
1538 -0.80774414 0.53663599
1539 -0.87987731 0.55494409
1540 -0.73118305 0.54510822
1541 -0.73803531 0.71757064
1542 -0.84206334 0.69396886
1543 -0.84169932 0.70918261
1544 -0.80220628 0.60844778
1545 -0.88209753 0.53459400
1546 -0.74293723 0.62093837
1547 -0.71611716 0.52631065
1548 -0.81645666 0.62499418
1549 -0.83738849 0.70168150
1550 -0.83671069 0.54494153
1551 -0.71340753 0.52869841
1552 -0.78806447 0.69888684
1553 -0.70775416 0.70797661
1554 -0.87269374 0.51573439
1555 -0.90197699 0.59504411
1556 -0.72778848 0.51740628
1557 -0.71908468 0.66961433
1558 -0.84937876 0.60560735
1559 -0.74246283 0.65391062
1560 -0.83744560 0.61120845
1561 -0.82698215 0.54226086
1562 -0.88155473 0.69724518
1563 -0.82955615 0.56601304
1564 -0.75078903 0.66844067
1565 -0.82966848 0.70543303
1566 -0.88843940 0.65933045
1567 -0.85468323 0.53732806
1568 -0.72723008 0.51003146
1569 -0.77433666 0.66211399
1570 -0.72105000 0.67446735
1571 -0.77999801 0.56312336
1572 -0.78745281 0.52641877
1573 -0.82426480 0.61756283
1574 -0.89979534 0.70116494
1575 -0.76206768 0.63505665
1576 -0.86244525 0.70835378
1577 -0.88563305 0.54496493
1578 -0.78291963 0.55054016
1579 -0.84568113 0.68703520
1580 -0.77918164 0.70662237
1581 -0.78356447 0.56068007
1582 -0.72076841 0.61047166
1583 -0.70777295 0.57570330
1584 -0.86075671 0.53920067
1585 -0.78699821 0.54605300
1586 -0.87651954 0.56335853
1587 -0.76345469 0.68784681
1588 -0.88596233 0.65333404
1589 -0.71589496 0.61253990
1590 -0.84891923 0.58286675
1591 -0.83925281 0.60803054
1592 -0.82412362 0.67437691
1593 -0.87001621 0.67750756
1594 -0.88582343 0.58078409
1595 -0.85529065 0.60252404
1596 -0.80774131 0.66928354
1597 -0.88790855 0.68346650
1598 -0.82936092 0.58430346
1599 -0.71449157 0.68588499
1600 -0.78163654 0.66297482
1601 -0.71330752 0.65643666
1602 -0.81594542 0.58991923
1603 -0.84284474 0.50906543
1604 -0.70762766 0.51925078
1605 -0.79325078 0.58110109
1606 -0.83006149 0.55210415
1607 -0.82403478 0.68594402
1608 -0.72430210 0.58955280
1609 -0.78080312 0.51161223
1610 -0.87387313 0.66873791
1611 -0.78171441 0.67087679
1612 -0.85944658 0.70402902
1613 -0.83224382 0.69636241
1614 -0.79064510 0.52283746
1615 -0.73456632 0.59405946
1616 -0.84667921 0.69760202
1617 -0.78439665 0.65044827
1618 -0.82536707 0.68969466
1619 -0.82797964 0.60381384
1620 -0.76755570 0.60290499
1621 -0.72679136 0.65743343
1622 -0.80871815 0.63451375
1623 -0.77032862 0.57371153
1624 -0.76691234 0.58212207
1625 -0.84357942 0.53757858
1626 -0.72974727 0.67876150
1627 -0.80390856 0.59483586
1628 -0.89472767 0.59726572
1629 -0.73338339 0.61694787
1630 -0.76876170 0.63065015
1631 -0.84672893 0.64532053
1632 -0.81584775 0.52582954
1633 -0.80708530 0.62344926
1634 -0.87655412 0.53967068
1635 -0.77150726 0.53519748
1636 -0.88429265 0.61489526
1637 -0.84325113 0.59340905
1638 -0.82214725 0.68633460
1639 -0.75602198 0.65789821
1640 -0.76755939 0.53672645
1641 -0.82149411 0.68595101
1642 -0.73283581 0.55196904
1643 -0.85188990 0.60259036
1644 -0.87562545 0.67397717
1645 -0.77239434 0.68123327
1646 -0.79284874 0.68149636
1647 -0.87800603 0.52475525
1648 -0.82775186 0.64045889
1649 -0.83916421 0.51022550
1650 -0.75708038 0.66281827
1651 -0.74524195 0.53563053
1652 -0.78745215 0.55777223
1653 -0.84537510 0.57466914
1654 -0.71193914 0.66416870
1655 -0.74921611 0.52271529
1656 -0.70314817 0.58909904
1657 -0.85278663 0.63138945
1658 -0.84557624 0.51630317
1659 -0.81044644 0.59057211
1660 -0.88134208 0.51539359
1661 -0.86544380 0.51920369
1662 -0.87497554 0.57660743
1663 -0.77214528 0.61952086
1664 -0.74411090 0.56868702
1665 -0.82627528 0.70202943
1666 -0.74925025 0.60033817
1667 -0.75523994 0.55411178
1668 -0.71814147 0.66105489
1669 -0.73973533 0.50992557
1670 -0.86989245 0.55970733
1671 -0.78157151 0.69685043
1672 -0.88438603 0.52107211
1673 -0.76162932 0.52092980
1674 -0.83379852 0.64009075
1675 -0.76706181 0.60763340
1676 -0.78299572 0.53361999
1677 -0.79194500 0.69967476
1678 -0.73903862 0.70623634
1679 -0.80811475 0.57660044
1680 -0.79599902 0.54129614
1681 -0.89882586 0.67160561
1682 -0.85319029 0.62816820
1683 -0.88155719 0.59722615
1684 -0.77999791 0.68023603
1685 -0.74606583 0.56066791
1686 -0.81750810 0.60098572
1687 -0.78969545 0.53582060
1688 -0.73397374 0.66996461
1689 -0.89072294 0.66882149
1690 -0.76639129 0.65564243
1691 -0.73999105 0.56029409
1692 -0.88539181 0.54228468
1693 -0.70344053 0.56164758
1694 -0.83093214 0.56601250
1695 -0.77961301 0.51092479
1696 -0.76468514 0.67075471
1697 -0.72737472 0.69838720
1698 -0.84941821 0.59431580
1699 -0.82862747 0.59355933
1700 -0.89864813 0.54883955
1701 -0.86155357 0.57846309
1702 -0.73941412 0.62172850
1703 -0.78550901 0.64453482
1704 -0.85329745 0.66641217
1705 -0.80408250 0.66012968
1706 -0.83960187 0.67945872
1707 -0.82242528 0.51874558
1708 -0.84362357 0.56227090
1709 -0.83666043 0.54935013
1710 -0.78030512 0.57966855
1711 -0.74652753 0.61854800
1712 -0.82988006 0.60229205
1713 -0.83492723 0.68605080
1714 -0.79620200 0.55357828
1715 -0.77219798 0.51121290
1716 -0.74740279 0.67259194
1717 -0.85352306 0.61703547
1718 -0.79103358 0.60034851
1719 -0.71653115 0.54475447
1720 -0.76043414 0.61470196
1721 -0.70845106 0.60528966
1722 -0.77128253 0.55560503
1723 -0.77868273 0.70329910
1724 -0.86231392 0.60159390
1725 -0.75419259 0.56815276
1726 -0.78421814 0.57970178
1727 -0.86927873 0.64956425
1728 -0.71820337 0.70200900
1729 -0.86457713 0.56461721
1730 -0.85702150 0.57621323
1731 -0.88876017 0.55810763
1732 -0.89699906 0.65477062
1733 -0.75395192 0.58631455
1734 -0.90080812 0.67016141
1735 -0.87701723 0.59213843
1736 -0.78228307 0.62967493
1737 -0.74177897 0.58780085
1738 -0.71039564 0.64881812
1739 -0.82836361 0.53096582
1740 -0.88531168 0.64848603
1741 -0.73620296 0.57854511
1742 -0.88301199 0.69753255
1743 -0.73698740 0.59545333
1744 -0.88468248 0.54608740
1745 -0.90093258 0.66928558
1746 -0.85344515 0.60712165
1747 -0.85341305 0.59476234
1748 -0.74720351 0.54179143
1749 -0.82925506 0.61563806
1750 -0.88728976 0.60237863
1751 -0.83088953 0.64756082
1752 -0.88363561 0.54425792
1753 -0.77720607 0.64724797
1754 -0.70708995 0.61390651
1755 -0.85440637 0.60185632
1756 -0.78365425 0.61675235
1757 -0.84664301 0.54536214
1758 -0.79870063 0.51472236
1759 -0.90040268 0.64554234
1760 -0.76009655 0.57516050
1761 -0.84376387 0.58818846
1762 -0.83873408 0.55210624
1763 -0.89209678 0.58923583
1764 -0.89808778 0.57809796
1765 -0.89877491 0.59329779
1766 -0.81141327 0.66344109
1767 -0.70739729 0.70738858
1768 -0.71599620 0.70168813
1769 -0.89098420 0.53983683
1770 -0.88866081 0.56800733
1771 -0.77098285 0.60508688
1772 -0.84960946 0.68245924
1773 -0.89738210 0.55944667
1774 -0.70620117 0.62681393
1775 -0.82052848 0.56727110
1776 -0.79697743 0.67790711
1777 -0.73231025 0.67125523
1778 -0.88748646 0.66776746
1779 -0.87413373 0.64391940
1780 -0.71878964 0.55941507
1781 -0.77541519 0.64961564
1782 -0.78426179 0.64825633
1783 -0.83044368 0.59740660
1784 -0.86896667 0.64649259
1785 -0.74277780 0.61863231
1786 -0.78670662 0.59226209
1787 -0.88716975 0.62388012
1788 -0.80460897 0.55101855
1789 -0.83370205 0.64893588
1790 -0.80771320 0.67135589
1791 -0.74388551 0.56494884
1792 -0.74708053 0.56793188
1793 -0.81868347 0.69237152
1794 -0.79663420 0.63159967
1795 -0.83101476 0.62386748
1796 -0.77157197 0.57342924
1797 -0.90185571 0.65073754
1798 -0.75063805 0.59090133
1799 -0.74251738 0.53507776
1800 -0.80700654 0.62828484
1801 -0.81677983 0.67568599
1802 -0.76079403 0.58947397
1803 -0.80233403 0.61954745
1804 -0.82888582 0.69372969
1805 -0.76459159 0.69735940
1806 -0.88056004 0.57167452
1807 -0.71534658 0.57168948
1808 -0.70313777 0.51799422
1809 -0.88880556 0.65702184
1810 -0.89310481 0.56885010
1811 -0.78736804 0.51635382
1812 -0.84899193 0.61695814
1813 -0.75578582 0.67033255
1814 -0.86875376 0.55435382
1815 -0.78416598 0.66482545
1816 -0.87438187 0.53244164
1817 -0.77208063 0.68824086
1818 -0.76394448 0.62430897
1819 -0.86916956 0.57404090
1820 -0.82062854 0.69284227
1821 -0.76127803 0.58573641
1822 -0.86880445 0.64795504
1823 -0.83948271 0.62921326
1824 -0.73770536 0.51564826
1825 -0.82931821 0.64760333
1826 -0.84346077 0.61270291
1827 -0.89004806 0.55134076
1828 -0.88199316 0.67867190
1829 -0.89759377 0.70638482
1830 -0.80634974 0.60081423
1831 -0.88994903 0.57102605
1832 -0.85111504 0.55172197
1833 -0.85072729 0.51120076
1834 -0.79525454 0.57260355
1835 -0.76032280 0.67076173
1836 -0.79246440 0.53420178
1837 -0.84743387 0.57585925
1838 -0.88895120 0.54719503
1839 -0.80135733 0.51020194
1840 -0.87191870 0.60435657
1841 -0.73890135 0.69859776
1842 -0.86082886 0.67435097
1843 -0.72128220 0.61254912
1844 -0.87673320 0.57642878
1845 -0.83394975 0.61026572
1846 -0.77355907 0.54418110
1847 -0.76180803 0.67339887
1848 -0.84274799 0.61289095
1849 -0.79191082 0.65805192
1850 -0.88496248 0.60634124
1851 -0.77454471 0.59331345
1852 -0.81308423 0.58654072
1853 -0.70449555 0.65195105
1854 -0.72004908 0.64359238
1855 -0.75770642 0.63789534
1856 -0.80696712 0.67413994
1857 -0.78243843 0.59378944
1858 -0.80443218 0.59951790
1859 -0.78181245 0.56881614
1860 -0.73795883 0.53828746
1861 -0.77071992 0.69527387
1862 -0.81282608 0.58624223
1863 -0.88079083 0.50948104
1864 -0.78673144 0.67241118
1865 -0.80071887 0.61242417
1866 -0.75727370 0.54086060
1867 -0.81830660 0.52188656
1868 -0.80182136 0.70647776
1869 -0.71553213 0.63788488
1870 -0.74850480 0.66093028
1871 -0.80944172 0.65761651
1872 -0.75110075 0.66582582
1873 -0.88646585 0.57771663
1874 -0.76703708 0.58799269
1875 -0.82996971 0.65542904
1876 -0.73674173 0.61625866
1877 -0.82864902 0.59183032
1878 -0.76619335 0.63814423
1879 -0.71806817 0.60887486
1880 -0.75825266 0.69526385
1881 -0.81989132 0.61247931
1882 -0.81625738 0.57085724
1883 -0.89881733 0.70696277
1884 -0.78399714 0.60828739
1885 -0.87110124 0.60715200
1886 -0.83792135 0.56852187
1887 -0.76641481 0.51491312
1888 -0.77498220 0.65295785
1889 -0.87434412 0.67354372
1890 -0.84562769 0.65273962
1891 -0.86261827 0.53512165
1892 -0.88038703 0.52185850
1893 -0.79524904 0.61651661
1894 -0.84026946 0.62870273
1895 -0.80617961 0.56395517
1896 -0.75831412 0.63096237
1897 -0.85301630 0.55031406
1898 -0.80012695 0.62174223
1899 -0.86437935 0.60002594
1900 -0.71484560 0.53750266
1901 -0.76052980 0.60276646
1902 -0.89427326 0.70227683
1903 -0.81537930 0.59500259
1904 -0.82819539 0.56542907
1905 -0.73958814 0.59954188
1906 -0.89062045 0.59514584
1907 -0.82390784 0.56842157
1908 -0.74232714 0.57252610
1909 -0.78633138 0.62214299
1910 -0.78918988 0.60111615
1911 -0.83144646 0.60172406
1912 -0.76687564 0.60082080
1913 -0.78760413 0.52856525
1914 -0.74921689 0.64291942
1915 -0.82802115 0.62096743
1916 -0.87982968 0.58741328
1917 -0.77205708 0.58429395
1918 -0.79673121 0.56245272
1919 -0.80208892 0.57820841
1920 -0.84972416 0.61890127
1921 -0.85579421 0.57636561
1922 -0.72893123 0.67296909
1923 -0.82777075 0.52303555
1924 -0.80981352 0.53796799
1925 -0.89062017 0.59603454
1926 -0.83588352 0.69964506
1927 -0.80848924 0.66150069
1928 -0.74387259 0.61053965
1929 -0.86647677 0.51640460
1930 -0.83296825 0.66954430
1931 -0.81034357 0.54187320
1932 -0.77916154 0.69752187
1933 -0.72527756 0.61919197
1934 -0.86444863 0.63965317
1935 -0.73846870 0.56607519
1936 -0.70521309 0.61407291
1937 -0.82160116 0.61731268
1938 -0.85620746 0.63754822
1939 -0.78010172 0.65196033
1940 -0.70721875 0.67549172
1941 -0.77088409 0.57372247
1942 -0.75195748 0.64782000
1943 -0.89778713 0.68313343
1944 -0.76092244 0.60217163
1945 -0.85591007 0.64711068
1946 -0.88123548 0.57932669
1947 -0.83751744 0.56688038
1948 -0.70433956 0.67302067
1949 -0.85932109 0.63564913
1950 -0.72962272 0.52063586
1951 -0.84579702 0.53284987
1952 -0.78382303 0.56985824
1953 -0.73912323 0.59375491
1954 -0.89353777 0.51683881
1955 -0.78655780 0.57000661
1956 -0.75276142 0.54339123
1957 -0.89502420 0.53522821
1958 -0.81651238 0.61974008
1959 -0.72721684 0.51042206
1960 -0.74653243 0.55952973
1961 -0.85896657 0.59940550
1962 -0.76522709 0.57093999
1963 -0.83037011 0.68779053
1964 -0.71451435 0.66435117
1965 -0.80020786 0.55411099
1966 -0.78714231 0.62549240
1967 -0.74483579 0.65701672
1968 -0.78749389 0.65454002
1969 -0.82429209 0.66792749
1970 -0.80395176 0.62083657
1971 -0.83191588 0.65842360
1972 -0.80646648 0.68144656
1973 -0.77055540 0.65112781
1974 -0.87420095 0.70602487
1975 -0.77850859 0.51443737
1976 -0.82762056 0.68110022
1977 -0.82245616 0.60474321
1978 -0.87339254 0.69059929
1979 -0.72049838 0.59512733
1980 -0.82049636 0.64590941
1981 -0.83081565 0.51467985
1982 -0.89113520 0.62776287
1983 -0.70384646 0.58757349
1984 -0.74542711 0.67895836
1985 -0.74754551 0.58526400
1986 -0.76402219 0.54595082
1987 -0.71692531 0.62731173
1988 -0.86717330 0.54760021
1989 -0.85591892 0.54558411
1990 -0.81284223 0.67598220
1991 -0.89955648 0.54142580
1992 -0.75016272 0.53452297
1993 -0.88596216 0.52273857
1994 -0.82756795 0.63337095
1995 -0.72934525 0.52432609
1996 -0.88421771 0.53295917
1997 -0.88689694 0.61757608
1998 -0.86872737 0.50904740
1999 -0.75542924 0.59973629
