-0.0214293
-0.0214293
-0.0214293
-0.0214293
-0.0214293
-0.0214293
-0.0214293
-0.0214293
-0.0214293
-0.0214293
-0.0214293
-0.0214293
0.779204
-1.05796
-1.05796
-1.05796
-0.32771
-0.32771
-0.32771
-0.32771
-0.32771
0.435245
0.435245
0.435245
0.435245
-0.257823
-0.596323
-0.596323
-0.596323
-0.596323
-0.596323
-0.596323
-0.283902
-0.283902
-0.283902
-0.283902
-0.796536
-0.796536
-1.9897
-1.18627
1.06079
1.06079
0.548229
0.548229
0.548229
1.44907
1.72906
1.72906
1.72906
0.873468
0.873468
0.873468
0.198652
-1.39619
0.0391643
0.0391643
0.253521
0.253521
0.253521
0.253521
0.253521
0.0373996
-0.57006
-0.57006
0.117158
0.149514
0.149514
0.405215
0.405215
0.405215
0.405215
-1.10342
-1.10342
0.580838
0.580838
-0.268941
0.220615
0.220615
-0.0374874
-0.0374874
1.21223
0.894261
0.894261
-0.00975486
-0.00975486
-0.00975486
-0.00975486
-0.00975486
0.924282
-1.11814
-0.918
0.915998
0.915998
-0.231877
-0.231877
-0.231877
-0.231877
-0.231877
-0.231877
1.3953
1.21802
-0.115388
-0.115388
-0.115388
0.609393
0.609393
-0.35284
0.411414
-1.63849
0.67086
0.67086
0.67086
0.67086
-0.526079
0.67328
0.67328
-0.38727
-0.38727
-0.38727
0.245526
0.245526
0.245526
0.245526
0.245526
-0.304436
0.325896
0.325896
0.325896
0.325896
0.325896
-0.751728
0.2768
0.2768
0.2768
1.48308
1.48308
-0.44345
-0.44345
-0.288029
-1.62212
-1.62212
-1.62212
-1.06667
-1.06667
0.0536159
0.0536159
0.0536159
0.0536159
0.0536159
0.206126
-1.13722
0.620575
0.620575
-0.0277435
0.090944
0.0543887
0.0543887
-0.0590677
-0.0590677
0.60016
0.60016
0.60016
0.60016
-0.165917
1.31604
1.31604
1.31604
1.31604
-0.117435
-0.117435
-1.06791
-1.06791
1.10407
1.10407
0.322038
0.322038
0.322038
-0.352727
-0.352727
-0.372055
1.43424
-0.375986
-0.375986
0.0638432
0.236546
0.236546
0.236546
0.236546
0.236546
-0.000973675
0.294079
0.294079
-1.41595
0.272747
0.464823
1.26801
-0.625408
-0.625408
-0.625408
-0.625408
-0.625408
-0.625408
0.618278
-0.548863
-0.654334
0.663037
0.663037
1.30819
-0.338492
-1.67699
-1.67699
-0.176564
0.638645
0.707184
-0.895397
-0.573637
-0.573637
-1.04987
0.90599
-0.488634
-0.488634
-0.488634
-0.488634
-1.42345
-1.42345
-1.11327
-1.11327
-1.11327
1.31904
1.31904
1.31904
-0.186032
-0.186032
0.106249
0.106249
-1.94606
-1.94606
-1.94606
-1.96533
-1.1079
0.935288
0.935288
1.70269
-0.107355
-0.107355
-0.107355
-0.107355
-0.107355
-0.107355
0.119321
-0.091965
-0.091965
-0.091965
-0.091965
-0.270859
0.400364
-0.191235
-0.191235
-0.507972
1.22035
1.22035
1.22035
-0.384996
0.550963
0.550963
0.550963
0.477131
1.45216
1.45216
1.45216
1.45216
1.45216
-0.683967
1.21221
1.21221
2.23249
-0.1398
-0.1398
0.470197
-0.702846
0.018189
0.018189
0.018189
0.018189
0.018189
0.5887
1.32057
-0.627902
-0.349076
-0.540184
-0.540184
0.633009
0.462849
0.462849
-0.83036
-0.83036
-1.08792
-0.551414
-0.551414
-0.654573
0.389188
-0.887468
-0.887468
0.81768
0.408661
0.422916
1.56471
1.56471
0.319946
0.151838
0.151838
-0.215851
-0.215851
-0.215851
-0.215851
0.575432
-1.3817
-1.3817
-1.26536
0.642291
0.642291
0.642291
0.642291
-0.0219727
1.57039
0.448746
-0.196514
-0.196514
-0.196514
1.59159
0.380916
0.380916
0.380916
1.25677
0.315425
-0.528329
1.25483
1.25483
1.35637
1.35637
1.35637
1.49423
1.72909
-0.218396
0.96624
-1.08445
0.765859
0.606382
-1.46774
0.724883
0.78846
0.267924
0.267924
0.267924
0.267924
0.267924
0.599882
0.599882
-0.0713268
-0.920261
0.596233
-0.123491
-0.123491
-0.123491
0.045121
0.045121
0.045121
0.49089
0.49089
0.49089
0.49089
0.49089
0.49089
0.49089
0.49089
0.49089
0.49089
0.49089
0.610077
0.610077
0.398027
0.398027
0.398027
-0.90637
-0.90637
-0.90637
0.43529
0.43529
0.43529
0.43529
0.763222
0.763222
-0.564763
1.06883
1.06883
1.06883
1.06883
1.06883
1.06883
0.0656907
-0.163184
-0.163184
0.396906
0.396906
-0.264694
0.295085
0.295085
0.295085
0.295085
-0.386321
-0.386321
-0.963501
-0.963501
-0.963501
-0.818323
-0.818323
1.60909
1.60909
1.60909
1.60909
2.01901
1.26124
1.3121
2.0052
2.0052
1.62069
1.67928
1.67928
1.67928
1.67928
1.67928
1.67928
1.61658
0.201632
-0.122339
0.723998
0.723998
0.723998
0.723998
0.723998
0.723998
-0.201209
-0.201209
-1.14988
0.0333383
0.0333383
0.0333383
-0.345224
-0.345224
-0.345224
1.56243
1.56243
-0.513527
1.07526
-0.937701
-0.937701
-0.0140244
-0.0140244
-0.0140244
-0.0140244
0.162219
-1.2464
-1.2464
-0.635492
-0.635492
-0.635492
-0.838628
-0.838628
0.798167
0.798167
-0.631724
-0.631724
-0.631724
0.690796
0.690796
-0.188441
0.817756
0.853505
0.853505
0.853505
-0.644301
0.304083
0.132257
0.132257
0.132257
0.132257
0.132257
0.0993231
0.0993231
0.0993231
0.259627
0.259627
0.259627
0.259627
0.259627
1.01548
-1.16836
-1.16836
0.846634
1.30031
1.30031
1.30031
1.30031
-1.07855
-1.07855
0.0765888
0.0765888
0.178345
0.178345
0.539644
-1.63287
0.47104
-1.74244
-0.932659
-0.932659
1.44742
1.38674
1.38674
-0.956659
-0.956659
-0.87546
-0.87546
0.270995
0.270995
0.270995
0.270995
0.270995
0.898173
0.898173
0.520362
0.520362
0.0385902
-0.571182
-0.571182
-0.385443
0.763427
-0.710617
-0.710617
0.522189
0.522189
0.522189
0.522189
0.522189
-1.37331
-1.37331
-1.24027
-1.24027
0.0896969
1.21229
-0.0180101
-0.576341
-0.576341
0.959217
0.959217
0.959217
-0.372296
-0.372296
-0.372296
-0.321026
-1.53496
-1.53496
-1.53496
-1.3194
0.325526
-0.507467
-0.507467
-1.42206
-1.42206
-0.998356
1.32612
1.32612
-0.518196
0.176814
0.176814
-0.537534
-0.330847
1.39778
1.39778
1.36822
-0.495869
0.324045
0.324045
-1.05058
-1.05058
-1.05058
-0.443678
-0.443678
-0.443678
-0.246387
-0.246387
-0.246387
0.276129
-0.484847
-1.42691
-0.380738
-0.813023
0.293824
0.0474794
0.0474794
0.0474794
0.740639
0.740639
0.475873
0.475873
0.475873
-0.906147
-0.163278
2.20796
1.8834
1.8834
1.8834
1.8834
1.8834
1.8834
-0.100541
0.919375
0.919375
-0.867485
0.478311
0.478311
1.66601
1.5617
1.95646
0.212142
0.212142
0.212142
1.08962
1.08962
-0.449404
-0.449404
0.561612
-0.746419
0.208125
-0.79031
-0.0574888
-0.0574888
-0.0574888
1.0589
1.0589
1.0589
1.0589
-0.968831
-0.968831
1.44946
1.44946
-0.00221421
-0.543336
-0.0813868
0.579531
0.51984
0.0998019
0.0998019
0.0998019
0.0998019
0.0998019
-0.465922
-0.465922
-0.465922
-0.379586
-0.379586
-0.379586
-0.0167594
-0.216721
-0.216721
-0.333641
-0.333641
0.0764585
-1.68368
-1.68368
-1.96609
-1.5689
-1.5689
-0.365478
-0.503633
1.22334
1.04747
1.04747
1.04747
1.04747
2.32011
0.24375
0.263645
0.263645
0.530777
0.723641
-0.797444
-0.303816
1.63317
1.63317
1.62258
1.62258
-0.00269381
-0.00269381
-0.137112
-0.137112
-0.137112
-0.137112
-0.137112
-0.137112
-0.137112
-0.137112
-0.137112
-0.137112
-0.509882
0.972953
0.972953
1.2951
1.41572
-0.0645598
-0.0645598
-0.0645598
0.972415
0.972415
0.972415
0.972415
-0.991144
-1.179
-2.00818
-2.00818
-0.0353508
0.185887
-0.415187
-0.415187
-0.415187
-0.415187
-1.10483
-1.10483
-1.10483
-1.07864
0.934596
0.475817
0.475817
-0.421194
0.188648
1.08996
0.332192
0.332192
-0.831194
0.165665
-0.413152
-0.413152
0.734177
0.734177
0.734177
-0.262554
0.114562
-0.515729
-0.0646829
-0.0646829
-0.0646829
-0.0646829
-0.583111
-0.583111
-0.583111
-0.583111
-0.583111
-0.583111
0.270976
0.270976
0.270976
-0.149833
-0.149833
-0.149833
-0.149833
-0.585592
-0.47089
-0.47089
-0.47089
0.527137
0.527137
0.0065416
-0.786493
-0.786493
0.371438
-1.38783
-1.38783
-1.11123
-1.17124
-1.17124
1.26635
1.26635
1.30231
0.0772563
0.0772563
1.53825
0.977682
0.746893
0.865199
0.143284
0.143284
-1.43393
0.60187
-1.15241
-1.99316
-1.08136
-1.08136
-1.08136
0.181893
-0.361085
1.43521
-0.547771
-0.107543
-0.107543
0.0571501
-0.288078
-0.382219
-1.10041
-0.196068
0.513913
0.513913
-0.160333
-0.160333
-0.160333
-0.160333
-0.160333
0.0724497
0.0910015
0.0910015
1.09354
-1.25412
-1.758
-1.758
-1.758
-1.758
0.239564
-0.509591
-2.24339
-2.22392
-2.22392
-2.22392
-1.75524
-1.58998
-1.58998
-1.87293
-0.651957
-2.12738
-2.12738
-1.96985
-1.96985
-1.95552
-0.796609
-0.478754
-0.478754
-0.435634
-0.435634
-0.435634
-0.435634
0.17633
0.17633
0.17633
0.17633
0.17633
0.17633
-0.222058
-0.222058
-0.222058
-0.0519238
-0.0519238
1.06503
1.06503
0.107607
-0.0484232
-0.0484232
-0.0484232
0.637101
0.146127
0.333028
0.231218
0.231218
0.231218
0.42672
0.42672
-1.85089
-1.85089
-1.85089
-1.48675
0.0626647
0.0626647
0.0626647
0.0626647
0.0626647
0.0626647
-0.410901
-0.410901
-0.410901
-0.410901
-0.410901
-0.410901
-0.410901
-0.410901
-0.410901
-0.410901
-0.410901
0.130991
0.130991
0.130991
0.130991
0.130991
0.130991
0.747365
0.747365
0.662671
0.598537
0.598537
-0.773809
-0.773809
-0.668432
-0.668432
0.483038
-0.489388
0.470281
-0.918814
0.385105
-0.145328
-0.145328
-1.30343
-1.30343
0.447627
0.447627
0.447627
0.693285
1.26989
1.14604
1.14604
1.14604
1.14604
1.14604
1.70201
1.12212
1.31238
0.316875
0.316875
0.316875
0.316875
0.316875
0.316875
-1.06814
-0.586845
-0.586845
-0.586845
-0.586845
0.268698
-0.417719
-1.35538
-1.35538
0.663818
0.922922
-0.101853
1.00795
1.00795
-0.360822
-0.360822
-0.360822
-0.360822
-0.360822
-0.360822
-0.360822
0.54456
1.36191
1.36191
-0.924362
-0.924362
-0.924362
-1.39089
-1.39089
-0.0753775
0.060831
0.060831
0.883262
0.883262
0.883262
0.883262
-1.39353
-1.39353
-1.24866
-1.59028
-1.59028
-1.59028
-1.59028
-1.59028
-1.59028
-1.59028
0.384015
0.384015
0.384015
0.384015
0.384015
-1.09177
0.760735
2.07585
1.24821
1.24821
-0.416295
-1.66169
-1.79967
-0.768294
-0.768294
1.14229
0.915068
-1.06507
0.105544
0.250527
1.3036
3.02918
0.63571
0.873298
-0.37262
-0.773881
-0.202725
-0.202725
-0.202725
-0.202725
-0.202725
-0.202725
1.34993
1.63304
1.14886
1.14886
1.14886
1.14886
1.14886
0.394593
0.394593
0.839493
-1.61898
-1.61898
-1.78485
-1.78485
-1.78485
-1.78485
-1.78485
0.581681
0.82916
-0.182003
-0.182003
0.104111
0.104111
0.823962
-0.39813
-0.39813
-0.39813
-0.39813
-1.25685
-1.25685
-1.72916
-1.2805
-1.2805
-1.90143
-1.90143
0.389024
-0.179386
-0.179386
-0.179386
1.65911
1.65911
-0.819751
1.45847
1.45847
-0.92471
-1.04695
-1.04695
-1.04695
0.29435
-1.17708
-1.17708
-0.547022
0.874647
-0.345464
-0.345464
-0.345464
-0.490265
-0.490265
-0.490265
-2.02617
-2.02617
-2.30447
-1.28252
0.157275
0.157275
-0.0444455
-0.0930557
-0.0930557
-0.0930557
-1.40746
-0.969704
-0.775454
1.30189
1.61622
-0.691764
-0.691764
-0.691764
-0.691764
-0.0291849
-0.0291849
-0.0291849
0.617731
-0.29811
-0.29811
0.752653
-1.03936
0.296233
0.296233
-1.91079
-1.91079
-1.91079
-0.537362
-0.537362
-0.537362
-0.537362
-0.537362
-0.494786
-0.762697
-0.762697
-0.795556
-0.795556
-0.795556
-0.795556
0.384561
-0.0956546
-0.0956546
-0.0956546
-0.0956546
-0.0956546
-0.0956546
-0.0956546
-0.0956546
-0.0956546
-0.438457
-0.119116
-0.119116
-0.119116
-0.119116
-0.119116
-0.223637
-0.223637
-0.223637
0.317291
0.317291
2.41456
1.51962
1.51962
2.53426
0.243755
-1.01449
1.41184
1.13261
-0.702857
-0.702857
-1.66164
0.0744723
0.0744723
0.534302
0.229701
-1.87115
-1.87115
-2.43841
-0.192379
-0.192379
-0.192379
-0.192379
-0.688926
-0.688926
0.804701
0.804701
0.994153
0.994153
0.994153
0.994153
0.994153
0.781924
0.77484
0.77484
0.77484
1.28247
-0.0843165
-0.0505021
-0.0505021
-0.0505021
-0.0505021
-0.0505021
0.388273
1.07006
-0.873725
-0.873725
-0.707812
-0.341165
-0.341165
-0.341165
-0.64828
-0.64828
-0.64828
-0.926334
0.406185
0.406185
0.406185
0.406185
0.341144
0.679308
0.679308
0.899343
0.899343
0.899343
0.899343
0.899343
0.899343
-0.363087
-0.363087
-0.127598
-0.193661
-0.0580738
-0.0580738
-0.0580738
-0.671213
-0.671213
0.385779
0.385779
0.385779
-1.2955
0.215396
-0.0214626
0.383914
0.163258
0.163258
0.163258
0.163258
0.405078
-0.472007
0.776053
0.950201
0.950201
0.422725
0.111463
0.198342
0.198342
-0.673105
-0.673105
-0.673105
0.374061
0.374061
2.04413
2.16923
2.16923
2.16923
2.16923
2.16923
2.16923
1.50547
1.50547
1.78097
0.856816
-0.540507
-0.540507
-0.540507
-0.540507
-0.540507
-0.540507
-0.540507
-0.540507
-0.540507
-0.540507
-0.540507
-0.540507
0.784848
0.550121
0.276303
0.276303
-0.616978
0.615558
0.106878
1.21817
1.03546
1.03546
1.03546
1.07669
1.10983
1.10983
-0.814457
1.37056
1.37056
1.33255
-0.408065
-0.443772
-0.352391
-0.352391
0.582308
0.582308
0.582308
0.582308
0.582308
0.582308
1.86387
0.717558
0.717558
0.717558
-0.573067
-0.573067
-1.43073
-1.43073
-0.0921013
-1.59536
-1.59536
-1.59536
0.374588
0.374588
1.02147
1.02147
-0.197776
-0.197776
-0.197776
-1.48959
0.473396
0.240438
0.240438
0.240438
0.240438
-0.996242
-0.683555
-0.683555
-2.10558
-1.72991
-1.47412
-1.47412
-1.47412
-1.41658
-1.34147
-1.34147
-1.0842
-1.0842
0.927873
0.927873
0.927873
-0.669109
-0.669109
-0.669109
-0.669109
-0.840849
-0.825625
-0.825625
0.055088
0.055088
0.055088
-0.800579
-0.800579
-0.52198
1.1737
-0.892552
-1.40745
0.602149
-0.424697
-0.436193
-0.436193
-0.522106
-0.522106
-1.42833
0.367922
0.367922
0.367922
0.367922
0.367922
0.319339
0.319339
0.319339
1.25005
1.02574
0.269211
-1.60413
0.305962
0.305962
0.305962
1.61179
-0.750529
0.656188
-0.329329
1.20037
1.69635
1.06643
-1.301
-1.301
-1.301
-0.660978
-0.419168
0.880563
0.880563
0.880563
0.880563
0.880563
0.880563
0.880563
0.0683602
0.23146
0.23146
0.290683
0.290683
0.290683
0.290683
0.290683
0.290683
0.290683
0.290683
0.290683
0.290683
0.290683
-0.71044
-0.0952016
-0.0952016
-0.0952016
-0.0952016
-1.67901
-0.31777
-0.0881503
-0.0881503
-0.0881503
-0.770653
-0.770653
-0.770653
0.0500602
0.0500602
0.294697
0.294697
-0.333757
-0.333757
-0.333757
-0.333757
-0.333757
-0.732001
-0.732001
-0.732001
0.418796
-0.294011
0.715437
0.259332
0.259332
0.452876
-0.976524
-0.976524
-0.976524
-0.976524
-0.976524
-0.21284
-0.21284
-0.21284
1.24696
1.24696
0.432167
-1.59838
-1.59838
-1.59838
-1.59838
-1.59838
-1.59838
0.853458
0.853458
0.853458
0.853458
0.853458
0.741765
0.741765
0.58928
-0.887568
-0.388774
-0.388774
-0.388774
0.221881
0.221881
0.718351
0.718351
0.718351
0.718351
0.718351
0.718351
-0.85942
0.920061
0.396626
0.396626
0.396626
0.396626
0.396626
0.326508
0.326508
2.29876
2.27102
2.27102
2.27102
0.388165
0.388165
0.388165
0.388165
-0.432981
-0.432981
-0.432981
-0.432981
-0.432981
0.16308
0.16308
0.16308
0.16308
0.16308
0.16308
0.16308
-0.158439
-0.158439
-0.0199144
0.156066
0.156066
0.156066
1.92365
1.16527
0.989485
0.604177
0.362934
0.362934
-0.0427567
-0.0427567
0.42408
0.42408
0.42408
0.0203452
0.614208
0.614208
0.347045
-0.231811
-0.231811
0.419361
0.419361
-0.169313
-0.169313
-0.169313
-0.169313
-0.169313
1.50635
0.222427
-0.675425
-0.118032
-0.118032
0.139322
0.139322
0.139322
0.139322
1.14372
1.14372
1.14372
1.14372
0.875041
0.875041
0.146883
0.905077
1.46764
-0.79418
-0.79418
-0.79418
-0.79418
-0.79418
-0.623873
-0.623873
0.230853
0.230853
0.230853
1.17582
1.17582
1.64442
-0.559379
-0.559379
0.232287
0.232287
0.232287
-0.0467946
-0.0467946
-0.0467946
0.339695
1.35027
1.1288
1.1288
1.1288
0.768247
-0.438318
-0.09551
-1.58243
-1.58243
0.613168
0.613168
0.613168
1.04315
-0.0164116
-0.403984
-1.35728
-1.35728
-1.35728
-1.01724
-1.51725
-1.64304
-1.64304
-1.64304
-1.38016
-1.38016
-0.935162
0.170142
0.170142
0.170142
-0.391712
0.384824
1.01362
1.01362
-0.903055
-0.903055
-2.32327
-2.32327
-1.49848
-1.49848
-0.188078
0.293819
0.293819
0.293819
0.293819
0.449229
0.449229
0.449229
0.387736
0.387736
0.387736
0.387736
-0.00414894
-0.149709
0.0735652
-0.160583
0.512683
0.512683
0.512683
0.512683
0.512683
0.512683
0.512683
-0.805013
-0.805013
0.576052
0.576052
0.576052
0.576052
0.576052
0.732006
-0.751265
-0.714963
-0.711268
-0.711268
-1.74148
-1.74148
-1.74148
-1.7847
-0.983725
0.683599
-1.52908
0.683777
0.113838
0.113838
-0.671555
-0.671555
0.897336
0.897336
0.897336
1.22664
0.0939339
0.0939339
0.0939339
0.664156
0.664156
0.398673
0.398673
-1.84246
0.48884
0.693412
-1.50979
-1.043
-1.043
-1.61709
-1.61709
0.266263
0.266263
0.266263
-1.51675
-1.51675
0.00566933
-0.746368
-0.746368
-0.636945
-0.636945
-0.636945
0.59023
0.59023
0.0269259
0.0269259
-0.789023
-0.901367
-0.901367
-0.792968
1.02487
1.02487
1.02487
-0.65766
-0.65766
-0.65766
-0.65766
-0.65766
-1.1926
-1.1926
-1.1926
-0.230868
-0.230868
-0.230868
-0.230868
-0.230868
0.339551
0.339551
-1.02132
-1.02132
-0.444712
-0.501631
-0.501631
-0.501631
-1.46188
-1.46188
-1.46188
0.32175
0.32175
0.32175
0.32175
0.332195
0.0598513
0.0598513
-1.15968
-1.10707
-1.10707
-0.385245
-0.385245
-0.385245
-0.385245
-0.385245
0.93014
0.688597
0.344707
0.705488
-0.60646
-0.133117
-0.133117
0.453504
0.453504
-1.49798
-1.49798
-1.49798
-1.49798
-1.41342
-1.41342
-1.41342
-1.41342
-1.41342
0.16222
-0.167639
-0.167639
-0.0693562
-1.81864
-1.50027
-0.0477415
-0.50481
-0.50481
-0.50481
-0.50481
-0.829556
-0.0172163
-0.0172163
-0.0172163
-0.0172163
0.318946
1.91364
1.91364
1.91364
1.60634
1.60634
1.60634
1.60634
-0.48365
-0.0562721
-0.31471
-0.31471
0.806194
0.806194
-1.36634
-0.43627
-0.43627
-0.43627
-0.071721
-0.071721
0.107829
0.107829
0.107829
0.107829
0.107829
0.107829
0.107829
0.107829
0.107829
0.107829
0.107829
0.107829
1.30031
1.30031
-1.06851
-1.06851
-1.07026
-1.07026
-0.229681
0.464
0.562332
0.562332
-0.600794
-0.63354
-0.188353
-0.188353
0.277893
0.277893
-1.82452
0.315892
0.690669
-1.24526
0.073762
0.073762
0.073762
-0.140777
-1.17157
-0.0716108
-0.0716108
-0.0716108
-0.0716108
-0.438596
-0.438596
-0.515139
-0.515139
0.0974037
0.0974037
0.0974037
0.0974037
0.0974037
0.0974037
0.0974037
0.0974037
-0.234625
-0.234625
0.495078
0.495078
-0.170772
-0.668007
0.443899
0.443899
0.443899
0.377404
0.25217
0.0451737
0.0451737
-1.33448
0.5227
-0.469232
-0.469232
1.14349
1.14349
1.14349
1.14349
1.14349
-1.33578
1.07269
-0.84987
0.840007
-0.423048
-0.423048
1.77291
0.867071
0.867071
0.867071
0.867071
1.58509
1.58509
-0.499147
0.536521
-0.449784
-0.449784
0.740274
0.740274
0.740274
0.740274
0.740274
0.740274
-1.27215
0.570497
-0.251066
-0.251066
-0.251066
-0.251066
-0.251066
-0.251066
-0.251066
-0.251066
-0.251066
2.14194
2.14194
1.43724
-0.908303
-0.908303
-0.386279
-0.395643
-0.395643
0.575511
0.575511
0.575511
0.575511
0.467103
-0.477917
-0.477917
-0.596314
0.677017
0.677017
0.677017
0.677017
0.0942481
0.0942481
-0.888795
-0.197495
0.528597
0.528597
0.528597
0.528597
0.528597
0.528597
-0.41764
-0.41764
0.0889247
0.0889247
0.0889247
0.0438042
0.0438042
0.0438042
0.0438042
0.0438042
0.605946
1.93202
1.93202
-0.34276
-0.34276
-0.34276
0.374147
0.374147
-0.0158218
-0.0158218
0.684338
0.684338
0.684338
0.323818
-1.05729
-1.05729
0.97344
1.02843
1.02843
1.02843
-0.986718
-0.110783
-0.110783
-0.935547
0.133944
0.133944
0.133944
0.133944
1.09384
-0.767926
-0.767926
-0.767926
-0.508126
-0.508126
-0.0922522
-0.0922522
-0.0922522
-0.0922522
-0.0922522
0.152386
0.152386
0.435793
0.435793
0.435793
0.435793
-0.120607
-0.759904
-0.759904
-0.759904
1.08931
1.08931
0.80208
-1.28367
-0.480076
1.15541
0.962445
0.878196
0.878196
0.878196
-0.0473785
0.0675391
0.534422
0.534422
-1.15158
0.698956
0.358483
-0.133658
-0.133658
0.227231
0.227231
0.227231
-0.691345
1.77437
1.37515
1.37515
2.85734
1.09129
-0.831743
-0.831743
-0.731509
-0.731509
-0.119416
-0.119416
1.80152
1.88962
-0.0550954
0.652103
0.652103
0.652103
0.652103
-1.63052
-1.63052
-1.63052
-1.63052
-1.07238
-0.645164
0.740693
-0.2241
-0.2241
-0.211858
0.144109
0.144109
-0.98089
-0.98089
-0.636454
-0.636454
-0.636454
-0.636454
-0.636454
-0.636454
-0.636454
-0.636454
-0.636454
-0.636454
0.0380217
1.19238
1.19238
0.35025
0.454366
-0.420365
-0.420365
-0.102315
-0.102315
-0.102315
0.353613
0.353613
-1.22633
0.948918
-0.0152044
-0.274578
0.6283
0.6283
0.6283
0.0512662
0.0512662
0.0512662
-0.601886
-0.601886
-0.601886
-0.601886
-0.601886
-0.601886
-0.246703
-0.246703
-0.384563
-0.58196
-0.492657
-0.492657
-0.492657
0.201993
0.201993
0.201993
0.201993
0.201993
0.201993
-0.920953
-0.920953
-0.37046
-0.37046
0.649776
0.649776
1.67474
1.67474
1.67474
1.67474
1.67474
1.67474
0.749851
0.749851
0.749851
0.749851
-1.6317
-1.09311
0.622895
0.71325
-1.0272
-1.0272
0.223359
0.223359
0.223359
0.223359
0.223359
-0.801644
-0.782188
-0.782188
-0.885778
-0.0106927
-0.0106927
0.563748
0.563748
0.563748
0.563748
0.563748
-1.00831
-1.08631
-0.765943
-0.521377
0.249216
1.26188
1.26188
-0.0267988
-0.0267988
-0.672753
-1.07473
-1.07473
-0.74615
-0.74615
-0.74615
-0.74615
1.13746
-0.169654
0.730746
0.730746
1.06913
1.06913
1.06913
1.06913
1.06913
1.06913
0.296846
0.300713
0.300713
0.28882
1.19757
1.19757
1.19757
-0.105408
-0.105408
1.20835
1.20835
1.20835
1.20835
1.20835
1.20835
0.643808
0.643808
0.372535
0.372535
0.372535
0.372535
0.372535
0.372535
0.372535
1.14398
-0.495961
0.626567
0.626567
0.012059
0.012059
0.012059
0.012059
0.012059
0.012059
0.0471215
-0.239326
-0.239326
-0.105593
-0.105593
-0.105593
-0.105593
1.72673
1.72673
1.06462
1.06462
-0.543951
-0.645276
-0.645276
-0.645276
-0.645276
0.197738
0.197738
0.0318528
0.0318528
0.0318528
0.0318528
-0.504004
-0.504004
1.74204
1.74204
1.56774
-0.190725
-0.190725
0.488241
0.499493
0.499493
0.499493
0.499493
0.443708
0.250347
-0.799645
-0.799645
-0.799645
-0.799645
-0.799645
-0.566326
1.53192
-0.596845
-0.596845
-0.596845
-0.596845
-0.596845
-0.596845
0.185443
0.358021
0.358021
0.358021
0.358021
0.358021
0.358021
0.358021
0.358021
0.358021
0.358021
0.358021
-1.93946
-1.68549
-1.68549
0.277947
0.277947
0.277947
0.277947
0.277947
0.0130993
0.829876
-0.426929
0.833879
0.356297
-0.0661713
-0.0661713
-0.0661713
-0.0661713
-0.0661713
-0.0661713
-0.0661713
-0.0661713
-0.0661713
0.366064
0.366064
0.0996382
1.6529
0.622852
0.622852
0.403541
0.13662
-1.25132
-0.416685
-0.416685
-0.416685
-0.416685
-0.416685
-0.416685
-0.416685
0.904187
0.904187
0.36774
0.172176
0.172176
0.172176
0.172176
0.172176
0.172176
0.172176
0.172176
0.172176
0.0546324
0.206576
0.206576
0.206576
0.206576
0.206576
0.216164
0.216164
-0.726772
1.45765
1.3316
1.22943
-0.304942
-0.304942
-0.304942
-0.304942
-0.304942
-0.304942
-0.304942
-1.08389
-0.177245
-0.177245
-0.177245
-0.177245
-0.177245
0.521582
-0.412991
-0.412991
-0.412991
-0.412991
0.0243487
0.0337941
0.0337941
0.0337941
0.0337941
0.0337941
0.113838
0.308385
0.688296
-1.16293
-1.16293
-1.82048
-1.82048
-1.82048
-1.82048
0.144477
0.144477
0.144477
0.144477
0.144477
0.144477
-0.548564
-0.548564
-0.548564
-0.106189
-0.639129
-0.639129
-0.639129
-0.639129
-1.01754
0.558552
0.558552
1.97043
1.97043
1.95631
1.01951
1.01951
1.01951
-1.01136
0.644468
-0.389708
-0.960357
-0.715632
-0.303032
-0.315779
-0.315779
-0.206075
-0.206075
-0.206075
-1.14618
-1.14618
-1.14618
-1.14618
-1.14618
-1.14618
-1.14618
0.463497
-0.864808
-0.864808
0.305241
0.305241
0.802811
0.62944
0.62944
0.62944
0.62944
-1.42657
-1.58482
-1.58482
-0.732535
-0.732535
-0.0979249
-1.22095
0.684941
-1.44303
-1.44303
-1.44303
-1.44303
0.0587131
0.0587131
0.642165
-1.11588
-2.01472
-2.01472
-0.0497302
-0.0497302
0.200959
0.200959
0.075427
0.075427
0.116483
0.921024
-0.368487
-0.437971
-0.437971
-0.30937
-0.30937
0.172176
0.518512
-0.322846
-0.322846
-0.322846
0.859979
0.859979
1.26861
-0.418375
0.81659
0.617512
-0.208599
0.120354
0.112498
0.112498
0.112498
-1.06021
-0.332204
0.298941
0.298941
0.298941
0.298941
0.298941
0.716518
-0.494867
-0.494867
1.10754
1.10754
1.48198
-1.0007
-1.0007
-1.0007
0.681968
1.00878
0.8075
-0.202236
-0.202236
0.728984
0.728984
0.728984
0.695508
0.695508
0.935072
0.935072
0.586134
0.586134
1.36439
-0.114348
-0.114348
-0.114348
-0.114348
0.518063
0.593868
-0.645458
-0.645458
-1.43161
-0.678688
-1.1534
-1.1534
-1.1534
-1.1534
0.412758
0.168528
0.898391
0.309074
0.309074
0.309074
0.351608
0.6695
0.579626
0.620522
0.620522
0.620522
0.620522
-0.997395
0.57705
1.28763
1.28763
1.28763
0.142639
0.142639
0.439399
0.439399
0.61046
0.758073
0.758073
0.758073
-0.262514
-0.262514
-0.262514
0.235887
0.235887
0.235887
0.235887
0.235887
-0.616973
-0.616973
-0.131435
-0.131435
1.11584
2.48131
2.48131
0.666984
0.666984
0.666984
0.666984
-0.0653589
1.2567
1.39521
1.56654
-0.814276
-0.757864
-1.20751
-1.20751
-0.279611
-0.279611
-0.279611
-0.279611
-0.571022
-0.571022
-0.598972
0.321654
0.321654
-0.104118
0.207109
0.207109
0.207109
-0.0696135
0.569685
0.569685
0.569685
-1.42114
-1.42114
-0.610685
-0.610685
-0.610685
-0.610685
-0.222687
-0.222687
-0.222687
-0.222687
-0.222687
-0.222687
0.0822591
-0.556823
-0.556823
-0.556823
-0.556823
-0.430022
-0.430022
0.901908
0.0749905
0.0749905
0.139877
-1.11248
-1.11248
-1.11248
0.518466
0.518466
-0.343733
-0.343733
0.182957
0.182957
0.182957
0.182957
0.795346
0.795346
0.795346
0.795346
0.801471
0.801471
-1.38337
-1.38337
-1.38337
-0.522607
-0.522607
0.621151
0.0706316
-1.15648
0.200574
0.200574
0.200574
0.200574
0.200574
0.200574
0.200574
0.200574
0.200574
0.200574
0.200574
0.508518
0.508518
1.05037
1.05037
1.05037
-0.821549
-1.14968
-1.03677
-1.03677
-1.03677
-1.03677
0.838267
-0.175724
-0.175724
-0.175724
-0.175724
-0.175724
-0.175724
-0.207045
-0.924465
-0.924465
-1.67021
-1.30241
-1.30241
-1.30241
-0.252706
-0.252706
1.40709
1.40709
1.40709
1.40709
1.40709
1.40709
0.700876
0.700876
0.464102
0.464102
0.464102
0.464102
0.464102
-0.58296
-0.155954
-0.155954
1.69156
2.05357
1.26855
-0.549533
-0.549533
-0.549533
-0.549533
-0.549533
0.760342
-0.349509
-0.349509
-0.349509
0.698451
0.698451
-0.643748
-0.643748
-0.643748
0.55845
0.55845
0.55845
0.55845
0.55845
0.51323
0.51323
0.468671
0.673543
0.166439
0.166439
0.166439
0.166439
0.166439
0.166439
0.60458
-0.151457
-0.841592
-0.729234
-1.19049
-1.19049
-1.19049
-1.19049
0.226564
0.226564
0.226564
0.226564
0.226564
-0.557959
-0.557959
-0.557959
0.621976
1.29665
0.139942
0.237016
0.237016
-0.10248
-0.10248
-0.10248
-0.0754565
-0.0754565
0.942929
0.590541
0.48452
0.295626
0.295626
0.295626
0.295626
0.295626
0.35109
0.35109
0.35109
0.35109
0.35109
0.35109
0.475854
-0.335459
-0.19739
0.626827
0.626827
0.626827
1.5701
-0.0591824
-0.629065
-0.629065
0.494385
0.50691
0.50691
0.50691
-0.076799
-1.12823
-1.21861
-1.21861
-1.00825
-1.00825
-1.00825
-1.00825
-1.00825
-1.00825
0.0792678
0.869405
-1.17864
-0.0485464
-0.0485464
-0.414041
-0.414041
-0.414041
-0.414041
-0.414041
0.738778
0.738778
0.142861
1.25349
-0.949155
1.05594
-0.206157
-0.206157
-0.206157
0.973037
0.525115
0.178481
0.178481
-0.146528
0.83485
0.83485
0.83485
0.83485
0.83485
0.384187
0.249101
-1.51825
-1.51825
-1.51825
-1.51825
-1.51825
-1.51825
-1.51825
-1.51825
-1.62076
0.474614
-0.0685838
1.06339
-1.4355
-1.4355
-0.262797
-0.262797
-0.262797
-0.262797
-0.772744
0.12527
0.12527
0.12527
1.22349
1.22349
1.22349
1.22349
0.0830567
0.0830567
0.0830567
0.915386
-0.629854
-0.629854
-0.629854
-0.629854
0.0721719
-0.19756
-0.19756
-0.19756
-0.7959
0.483553
-0.864438
-0.864438
-0.864438
1.18497
1.18497
0.735982
-0.636719
0.812502
-0.370612
0.305527
-0.577501
-0.577501
-0.621304
-0.621304
-0.621304
0.357788
0.357788
0.357788
-0.317641
-0.317641
-0.317641
-0.155995
-0.155995
-0.155995
-0.155995
-0.155995
-0.213364
-0.213364
-0.213364
0.595859
0.736014
0.736014
0.46832
0.46832
-0.357119
0.826427
-0.312063
0.224122
-1.82128
-1.95567
-1.12463
-1.12463
1.12642
1.12642
1.73082
1.73082
-0.321702
-0.321702
-0.321702
-1.27492
-1.27492
-2.20445
-1.3982
-1.3982
-1.3982
-1.06444
-1.06444
-1.06444
-1.06444
-1.06444
-1.06444
-1.06444
1.22487
1.22487
-0.374378
0.885958
0.885958
0.885958
0.118622
0.118622
0.118622
0.0893057
0.0893057
-0.0312321
-0.0312321
-0.0312321
0.28661
0.28661
0.321451
0.279621
-0.415262
-0.768209
-0.768209
1.36426
0.267036
0.267036
0.267036
0.267036
0.267036
-0.192569
1.55463
1.55463
1.52028
-0.58614
-0.58614
-1.32232
0.501349
0.501349
0.827654
0.624419
0.624419
0.624419
0.360019
1.1786
1.1786
0.194428
-0.944759
-0.944759
0.899703
-1.03353
1.04249
1.93101
1.93101
1.93101
-0.192971
1.1114
0.308565
0.239087
0.17215
-0.665998
-0.665998
0.390332
0.390332
0.390332
-1.54832
-1.54832
-1.00525
-1.23294
0.895024
1.5672
1.5672
0.760397
0.760397
0.760397
0.760397
-0.273148
-0.273148
0.814388
-0.184222
-0.207337
-0.207337
0.955937
0.955937
0.669557
0.180927
0.180927
-0.744227
-0.744227
-0.808024
-0.808024
-0.808024
-0.808024
-0.808024
-0.808024
-0.808024
-0.808024
-0.663428
-0.663428
-0.533365
-0.103273
-0.103273
-0.103273
0.109872
0.109872
-0.469766
-0.652366
-1.21454
0.707219
0.580337
-0.789977
-0.789977
-1.53975
-1.56137
-1.56137
-0.0133005
-0.0133005
-0.0133005
0.494007
-0.32556
-0.32556
-0.32556
0.410011
-0.905675
-0.905675
-0.905675
-0.905675
1.07316
-0.875379
-0.875379
-0.875379
1.14291
-0.985176
-0.985176
-0.985176
0.0386553
-0.0650067
-0.0650067
-0.865424
1.53972
0.629182
0.629182
0.629182
-0.598601
-2.24942
-2.24942
-0.468126
-0.468126
-0.468126
-0.468126
1.10192
1.10192
1.10192
1.10192
1.10192
0.937523
-0.256663
-0.0708026
-0.0708026
1.52549
0.668239
0.668239
-1.41373
-0.386135
-0.386135
-1.18942
-1.18942
-1.18942
0.771813
0.771813
0.771813
-0.627239
-0.407874
-0.407874
-0.407874
-0.407874
-0.407874
-0.407874
-0.407874
-0.407874
-0.0902873
1.16011
1.12019
-0.0221004
-0.0221004
1.57194
-0.679825
-0.679825
-0.679825
0.0409377
0.0409377
-1.71383
-0.222116
-0.222116
-0.222116
-0.222116
-0.222116
-0.222116
-0.222116
-0.222116
-0.222116
-0.222116
-0.222116
-2.07151
-0.718168
-0.718168
-1.09227
-1.09227
-1.09227
-1.09227
0.585507
0.585507
0.575118
0.70955
0.70955
0.466148
0.466148
0.466148
0.466148
-0.346414
-0.264023
-0.264023
-0.421908
1.29871
0.683079
0.683079
-0.603993
-0.603993
0.589433
-0.719903
-0.719903
-0.719903
-0.719903
-1.12874
-1.12874
-0.934076
-0.934076
-0.934076
-0.318069
-1.21529
-1.21529
-1.21529
-0.765922
-0.578122
0.247902
0.247902
0.247902
0.247902
-0.45874
0.405984
0.411217
-1.39776
-0.300531
-0.300531
-0.300531
-0.300531
-0.300531
0.707175
0.707175
0.707175
0.757592
-1.36388
-0.538344
-0.538344
0.600551
0.600551
0.600551
0.600551
0.600551
-0.0523855
-0.0523855
-0.0523855
1.38376
1.38376
1.38376
-0.407981
-0.61789
-0.61789
-0.61789
-0.61789
-0.61789
0.0296277
0.0296277
0.935278
0.935278
0.935278
0.935278
0.935278
0.935278
0.630062
0.630062
0.787391
0.608497
0.0991445
0.410112
-0.480429
-0.480429
-0.480429
-0.480429
0.950824
0.422933
0.422933
-0.901982
-0.901982
-0.0219513
-0.0219513
-0.0219513
0.307589
0.00772724
0.00772724
0.116125
-0.157393
0.0325475
0.0325475
-1.04194
0.383584
0.383584
0.522087
-1.45789
-0.835838
0.585195
0.585195
0.585195
0.585195
0.585195
0.962947
0.962947
-0.254285
0.739595
-1.39381
-0.196547
-0.196547
-0.15966
0.577213
-1.24207
-1.24207
-0.138631
0.30332
0.30332
1.54628
1.09811
0.242111
0.242111
0.242111
0.242111
-0.509716
-0.543473
-0.813346
-0.813346
0.54613
-0.319473
-0.319473
1.03767
1.03767
1.03767
1.03767
1.03767
1.03767
-0.929365
0.791394
0.163669
0.163669
0.163669
0.163669
-1.48581
-1.48581
-1.48581
-1.09107
-1.09107
-1.09107
-1.09107
-1.09107
1.24933
0.478923
0.478923
0.478923
0.478923
-0.117477
-0.117477
-0.117477
-0.117477
-0.117477
-0.557497
-0.557497
-0.557497
-0.0325077
-1.17185
-0.0902151
-0.0902151
0.198076
0.198076
0.198076
0.198076
1.05571
2.05115
1.93619
0.0361153
0.0361153
0.0361153
0.0361153
0.0361153
0.631216
-0.665073
0.749739
1.13271
0.691603
0.632424
-1.08759
-1.08759
0.831482
-0.201154
-0.635969
-0.566084
-0.0909676
-0.0909676
-0.762584
-0.762584
-0.844122
-0.844122
1.19837
1.19837
-1.21008
-0.445904
-0.445904
0.72441
0.72441
0.72441
0.494286
0.494286
0.494286
0.494286
-1.22477
-1.22477
-0.34288
1.50406
0.651865
0.651865
1.05979
0.393354
0.115881
-1.08415
1.21785
1.21785
1.23985
1.23985
1.23985
1.23985
1.23985
-0.928573
-0.928573
-1.55467
-1.84435
-1.84435
-1.84435
-1.12102
-0.265295
-0.265295
-1.44459
0.58818
0.58818
0.58818
-1.76927
-1.76927
-1.76927
-1.76927
-1.34623
-0.844532
-0.844532
-0.844532
0.939321
-0.230174
-0.230174
-0.230174
0.454496
0.794013
0.794013
0.794013
0.77787
0.77787
0.301712
0.301712
-0.488577
-0.488577
-0.488577
0.544301
0.544301
0.544301
1.04115
1.04115
-0.705663
-0.705663
-0.705663
-0.846259
-0.846259
0.372661
0.372661
0.372661
-0.534306
0.709385
-0.115019
0.686356
0.686356
0.686356
-0.0707524
0.154295
0.154295
0.154295
0.154295
0.154295
0.154295
0.154295
-1.19516
-1.19516
-1.18393
-1.18393
-2.18681
-2.18681
-1.66863
-1.66863
0.369076
0.369076
0.369076
0.369076
0.0157165
-0.095671
-0.095671
-0.095671
0.0489894
0.350515
-0.409131
-0.409131
-0.409131
0.338501
-1.52117
-1.52117
-0.895272
1.10723
1.10723
1.10723
1.10723
1.10723
1.10723
-0.670545
-0.670545
0.384507
0.384507
-0.653807
-0.800768
-0.800768
-0.00312133
-0.00312133
-0.00312133
-0.00312133
-0.0393479
-0.0393479
-0.0393479
0.038108
1.02218
0.485193
0.745732
0.353083
0.353083
0.0689686
-0.299172
-0.299172
-0.299172
-0.299172
-0.299172
-0.299172
-0.299172
0.19601
0.19601
0.19601
0.19601
0.19601
0.19601
0.19601
0.19601
0.19601
0.0115988
1.378
1.378
1.378
1.378
1.378
1.378
1.378
1.378
1.378
0.397351
0.397351
0.397351
1.10426
1.10426
-1.18905
0.556695
0.0530737
0.0530737
0.0530737
0.0530737
0.493264
0.493264
0.493264
1.19919
1.19919
1.19919
1.19919
1.19919
-0.307706
-0.307706
-0.307706
-0.0246187
-0.0246187
-0.0246187
-0.0246187
-0.0246187
-0.235167
-0.235167
-0.235167
0.805201
-0.420212
0.134822
0.134822
0.134822
0.0429543
0.0429543
-0.694068
-0.694068
-0.785762
-0.154904
-0.154904
0.0936039
0.0936039
0.0936039
-0.638446
0.837923
0.837923
0.837923
0.46552
0.46552
0.46552
1.19529
1.19529
1.19529
1.5586
0.796585
0.796585
0.796585
0.796585
0.848553
1.42277
0.58165
0.58165
0.58165
0.14311
0.14311
0.346001
0.346001
1.28674
0.934769
-0.6952
-0.6952
-0.6952
1.13717
1.12028
1.12028
-0.0169951
0.335538
0.335538
0.873403
0.900299
0.900299
0.900299
0.900299
0.900299
-0.0849288
-0.0849288
-1.26568
0.651596
-0.900926
1.21043
1.21043
-1.28377
-1.28377
-0.40301
-0.733787
-0.733787
-0.733787
-0.733787
-1.20614
-0.728578
0.589036
0.589036
0.557056
0.557056
1.20609
1.20609
1.20609
1.94994
1.94994
1.39228
1.39228
1.57068
1.57068
1.57068
1.43451
1.43451
-0.662646
-0.662646
-0.662646
-0.170596
-0.170596
-0.170596
-0.170596
-0.170596
-0.170596
-0.460712
0.515201
0.515201
0.515201
0.515201
0.515201
0.515201
0.515201
0.515201
0.255207
0.220086
0.220086
0.220086
0.220086
0.220086
1.65531
1.65531
1.62698
1.62698
1.62698
1.62698
1.62698
1.62698
1.62698
-0.558361
-0.080017
0.487636
0.487636
-1.01792
0.0449746
0.0449746
0.0449746
-0.612117
-0.00944924
-0.00944924
0.218728
0.218728
0.218728
0.218728
0.218728
0.218728
-1.18277
-0.699669
0.425049
0.425049
0.657336
0.657336
0.657336
-0.211474
-0.737275
-0.737275
-1.08331
-1.08331
-0.0397101
1.04618
-0.236397
-0.12788
-0.12788
-0.832166
-0.819986
-0.819986
0.41106
0.223194
0.223194
1.28469
1.28469
1.28469
0.32532
0.32532
0.534636
0.534636
0.534636
0.534636
0.534636
0.113559
0.113559
0.113559
-0.708621
-0.708621
-0.708621
-0.708621
-0.708621
-0.708621
-0.708621
-0.708621
0.130005
0.130005
2.33937
0.607067
-0.614137
0.329164
0.329164
0.329164
-1.03067
0.185116
0.185116
0.622545
0.622545
-1.18257
-1.18257
-0.532717
0.990567
1.11085
1.11085
1.11085
1.0236
1.0236
1.0236
0.60768
0.60768
-0.327664
0.126787
0.126787
0.126787
0.0514652
0.0514652
-1.0371
-1.0371
-0.595456
-0.595456
-0.595456
-0.595456
1.46349
1.46349
1.59364
0.437668
-0.43009
0.273615
0.273615
0.431602
-0.492876
-0.492876
-0.877861
-0.877861
-0.877861
-0.152092
-0.152092
1.2023
1.2023
1.2023
1.2023
-0.986488
-0.746274
-0.746274
-0.148912
0.481084
1.0202
1.0202
-1.42632
0.844737
0.844737
0.844737
0.844737
0.285667
-0.575698
-0.383597
-0.383597
-0.383597
-0.484548
0.780919
-0.136392
-0.136392
-0.533812
-0.0270277
-0.0270277
-0.0270277
0.484791
0.407673
-0.252471
0.715136
0.530867
0.00684507
-1.62591
-0.72995
-1.17259
-0.179013
-0.267468
-0.267468
-0.267468
-0.267468
-0.267468
-0.267468
0.270027
0.270027
0.270027
-0.342888
-0.342888
0.308151
0.308151
0.974127
-0.463686
-0.463686
-0.463686
-0.463686
-0.0980504
0.00582978
0.00582978
-0.454441
-0.454441
-0.454441
-0.454441
-0.762218
-0.757618
-0.757618
-0.757618
0.408406
0.408406
0.314261
0.314261
0.314261
-0.139604
-0.139604
-0.139604
0.0900291
0.0900291
-0.535646
-0.535646
-0.324823
0.0827985
1.0007
1.48092
1.48092
1.48092
1.38573
0.537249
0.150887
0.160535
-1.41225
-1.41225
-1.29062
0.832
-0.200826
0.753155
1.05195
1.05195
1.05195
1.05195
1.05195
1.05195
1.05195
1.05195
-0.792643
-0.678746
-0.678746
-0.678746
0.412762
0.412762
0.412762
1.33474
0.26653
0.26653
-1.36302
-1.36302
-1.05829
-1.13349
-0.19371
-0.19371
-0.19371
-0.417736
-0.417736
-0.417736
-0.417736
-0.417736
-1.44249
-0.965743
-0.965743
-0.965743
-0.692454
-0.692454
-0.692454
1.41595
0.264516
0.445406
-0.314854
-0.61858
-0.730134
-0.730134
-0.730134
0.83117
1.77262
1.39253
0.0653415
-0.458388
0.397085
0.397085
0.397085
0.337268
0.337268
-0.879
-0.560697
-0.0173138
-0.0173138
-0.0173138
-0.0173138
-0.0173138
-0.0173138
-0.0173138
0.716104
0.716104
-0.058794
-0.058794
-0.058794
-0.058794
0.0852721
0.0852721
0.0852721
0.0852721
1.43488
0.112138
-0.480823
-0.480823
-0.480823
0.704796
0.704796
-0.69641
-1.10724
-0.507333
0.406121
0.0968657
0.982847
0.982847
0.982847
0.982847
0.982847
0.26586
-1.37956
-0.831065
1.63422
1.63422
0.650111
-1.51718
0.471557
0.471557
0.0569156
0.0569156
0.0569156
0.132263
0.132263
0.132263
0.132263
-0.0679624
-0.0679624
-0.0679624
-0.0679624
-0.0679624
-0.00598315
0.849155
0.406682
0.406682
0.943736
-0.988766
-0.988766
-0.290177
0.841991
0.841991
0.382454
0.382454
0.382454
0.382454
0.382454
0.382454
0.382454
0.382454
0.382454
0.382454
0.382454
-0.714739
-0.78397
0.896441
-1.06201
-1.06201
-1.06201
-1.5015
-1.5015
-1.56942
0.347757
0.347757
0.347757
0.347757
0.347757
0.347757
0.347757
-0.361233
-0.361233
1.12653
0.593724
0.656072
0.678848
0.678848
0.678848
0.678848
0.678848
0.678848
-0.00432631
-0.342953
0.750556
0.43458
0.43458
0.553748
0.553748
0.553748
0.553748
-0.224515
-0.224515
-0.224515
-0.224515
-0.224515
-1.11061
-1.11061
-1.03392
-1.8821
0.0114351
0.0114351
0.0114351
0.276345
0.276345
0.276345
1.05903
-1.13537
-0.263026
-1.09291
-1.09291
-1.71113
-1.71113
-1.71113
-1.71113
-0.383084
0.230181
0.230181
0.230181
0.230181
-0.155859
-0.155859
-0.155859
-0.155859
-1.34427
-0.175271
-0.494639
-0.494639
1.56744
1.13941
0.475535
0.475535
0.475535
-0.0720305
-0.0720305
0.357384
0.357384
-0.602648
-0.602648
-0.602648
0.493451
-1.2201
-1.2201
-1.2201
-1.4055
-1.37206
-1.37206
-0.0771403
1.02572
-0.524429
0.861401
-0.808681
-0.808681
-0.808681
-0.808681
-1.04375
-0.481934
0.843976
0.843976
0.675435
0.675435
0.675435
0.675435
0.0589201
0.92115
0.237701
0.69713
-0.188036
-0.295345
-0.295345
-0.295345
-0.295345
0.111476
0.111476
0.111476
-0.317029
-0.317029
-0.317029
0.0450943
-0.519017
-0.58305
-1.91054
-1.91054
-1.71223
0.74577
0.74577
-0.860052
-0.860052
-0.562504
-0.562504
-0.562504
-0.562504
-0.562504
-0.562504
-0.562504
-0.562504
-0.562504
-0.562504
-0.562504
-0.167405
0.527789
-0.463258
0.108117
-0.323593
1.17491
1.09079
-0.854489
-0.854489
-0.854489
-0.531353
-1.59574
-1.59574
-1.59574
-1.10865
0.821214
0.821214
-0.321322
1.22208
-0.216437
-0.216437
-0.216437
0.110564
0.110564
0.110564
0.110564
1.98407
-0.0485592
-0.0485592
0.35558
0.35558
0.35558
0.796846
0.796846
0.796846
1.37437
1.37921
1.20097
1.06916
1.06916
1.085
0.581901
0.581901
0.581901
0.581901
0.781902
0.781902
-0.549378
-0.0619556
-0.0619556
-0.0619556
-0.0619556
-0.0619556
-0.103095
-0.839534
-0.839534
-0.839534
-0.839534
-1.03556
-1.03556
0.249958
-0.382053
-0.382053
-0.382053
-0.382053
0.665527
0.665527
-1.31584
0.986713
0.986713
0.40063
0.697335
0.697335
0.697335
0.80841
-0.249747
-1.32411
-1.32411
-2.01055
0.481502
-0.0285751
-0.0285751
-0.0285751
-1.62759
-1.62759
-1.62759
0.433476
-1.31673
-1.6521
-1.6521
-1.6521
-1.78327
-2.14024
-2.14024
-2.14024
-2.18459
-2.18459
-0.188798
-0.188798
0.499557
0.499557
0.400445
1.4386
1.4386
0.864921
0.864921
-0.232433
-0.232433
-2.10726
-2.10726
-0.193064
-0.193064
-1.0708
-1.0708
-1.0708
-0.552353
1.91871
1.91871
1.02461
-0.725586
-0.209827
-0.209827
-0.209827
-0.209827
-0.209827
-0.209827
-0.209827
-0.209827
0.556699
0.874557
0.874557
0.874557
0.874557
0.194115
0.568858
-0.887817
0.324309
0.324309
0.888939
0.888939
0.888939
0.554595
0.35844
0.35844
0.694083
0.891032
0.238829
0.238829
0.238829
0.501262
0.501262
0.501262
-0.207369
-0.239785
-0.360205
-0.360205
-0.360205
-1.80669
-1.80669
-2.04521
-0.142692
-0.142692
-0.517937
-0.324127
-0.324127
-0.324127
-0.324127
-0.324127
-0.324127
-0.324127
-0.324127
-1.02908
1.07761
1.07761
1.07761
-0.757292
0.0744153
0.0744153
0.0744153
0.0744153
0.0744153
0.0744153
0.0744153
0.0744153
1.58459
1.58459
-0.140344
1.13905
1.50648
-0.861581
-0.861581
-0.861581
0.628111
0.864533
-0.894383
-0.894383
0.460973
0.806371
0.806371
0.806371
-0.783753
-0.783753
0.904703
-0.294106
-0.294106
0.112216
0.112216
0.112216
0.112216
0.112216
0.112216
0.112216
0.112216
-1.03166
0.294586
0.294586
0.294586
0.738128
1.23204
1.23204
1.23204
1.29542
0.299139
0.299139
-1.99515
-1.33012
-1.33012
0.877812
-1.14486
-1.14486
0.41377
0.41377
0.41377
0.41377
0.566543
0.566543
0.566543
0.566543
0.566543
1.09114
-0.557034
-0.557034
-0.557034
-0.550391
0.152199
0.152199
0.152199
0.351156
0.351156
1.56484
-0.914075
-0.914075
0.100668
0.100668
0.100668
0.100668
0.100668
0.100668
0.100668
-0.249545
-0.249545
-0.249545
-0.249545
-0.249545
0.983079
0.983079
-1.37993
-0.0389512
-0.0389512
-0.0389512
-0.0389512
-0.0389512
-0.575883
-0.575883
-1.28885
1.01517
-1.37336
-1.03455
-1.03455
-0.00426377
-0.00426377
-0.00426377
-0.00426377
-0.00426377
-0.00426377
-1.42801
-0.316805
0.120299
0.120299
0.120299
0.120299
-1.7201
-1.7201
-1.7201
-1.39851
-0.327825
0.5762
-0.607391
0.143311
0.143311
-0.0742135
1.72491
1.72491
1.72491
-0.536688
-0.370569
1.43575
1.43575
1.43575
-0.767376
-0.767376
-0.767376
-0.767376
-0.767376
0.757797
0.757797
0.757797
-0.200497
0.543591
0.543591
-1.35572
-1.35572
-1.64556
-1.64556
0.0313708
0.0313708
0.58575
0.58575
0.58575
0.196399
0.196399
0.229418
0.229418
0.229418
0.229418
0.229418
0.229418
-0.964858
1.37789
-0.558931
-0.531767
-0.531767
0.244646
2.03429
2.03429
2.03429
1.30799
1.30799
-0.971132
-1.04213
-1.04213
-1.04213
-1.04213
-1.04213
-1.04213
-0.437155
-0.437155
-0.437155
-0.437155
-0.437155
-0.437155
-0.437155
-0.437155
-0.744367
-0.00402181
-0.00402181
-0.00402181
-0.00402181
-0.00402181
-0.00402181
-0.00402181
-0.00402181
-0.353025
0.405362
0.35292
0.35292
0.35292
1.48358
0.501909
1.51971
1.51971
0.590191
0.0478165
-0.0382142
-0.0382142
-0.0382142
-0.0382142
-0.0382142
-0.132212
-0.132212
0.468326
0.468326
0.468326
0.468326
-1.28186
-1.28186
-1.28186
-0.637955
0.246005
0.246005
0.246005
0.246005
0.246005
0.887444
0.887444
0.887444
0.887444
0.857419
0.857419
0.857419
0.857419
0.747479
0.747479
0.747479
1.61514
0.158296
0.158296
0.158296
-1.48674
-0.446675
-0.400353
-0.928301
-0.928301
-0.504006
0.0135882
0.0135882
0.793596
0.793596
0.793596
-0.684021
1.0906
0.550843
0.358353
0.358353
0.358353
0.358353
0.358353
0.358353
0.358353
0.358353
-0.41327
-0.41327
-0.41327
0.591666
0.500759
-0.769431
-0.769431
-0.769431
1.13113
0.778221
0.778221
-0.21156
0.311427
0.311427
0.311427
0.311427
0.305915
0.305915
0.0902959
0.261427
0.261427
0.261427
0.261427
0.771983
0.771983
0.421963
0.421963
-1.5239
0.108643
0.108643
-0.490817
0.920759
0.955334
0.955334
0.955334
0.955334
0.955334
0.955334
0.955334
0.955334
-0.654398
-0.187274
-0.187274
-0.187274
0.427534
-0.276773
-0.276773
-0.276773
-0.276773
-0.276773
-0.276773
-0.276773
1.24831
1.24831
1.24831
0.930423
-0.0569628
-1.00867
-1.00867
-1.1292
-1.1292
-1.1292
-1.50103
-1.64603
0.56226
0.56226
0.56226
0.56226
0.56226
0.484201
0.484201
-0.319039
-0.319039
-0.319039
-0.319039
-0.319039
0.862327
0.862327
1.28047
1.28047
1.28047
0.279089
0.279089
0.279089
1.24458
1.28518
1.28518
1.28518
-1.04
-1.04
-1.18284
-1.18284
-0.961535
-1.11074
-1.11074
-1.11074
-0.267735
-0.164365
-0.164365
-0.0460557
-0.0460557
-0.0460557
-0.0460557
-0.0460557
-0.0460557
-0.0460557
-0.0460557
-0.0460557
-0.0460557
-0.0460557
0.610944
0.708167
0.708167
0.708167
0.799384
-0.382719
-0.382719
-0.382719
-0.814258
-1.24607
-1.24607
1.08967
0.522161
-1.19661
-1.19661
-1.19661
-0.016724
0.395229
-1.19466
-0.87538
-1.6208
0.151995
1.03936
0.436506
0.436506
0.436506
0.436506
0.574753
0.848126
0.763759
0.590744
0.590744
-0.838081
-0.815556
0.704056
-0.720202
-0.705101
-0.705101
1.71221
1.71221
0.30818
0.30818
0.30818
0.528775
-0.273096
-0.273096
0.819529
0.593319
0.593319
0.593319
-1.66929
-1.66929
-1.66929
-1.66929
-1.32297
-1.32297
-1.32297
0.208635
0.208635
0.393392
0.393392
0.393392
-1.2084
-0.294646
-0.294646
-0.133737
-0.133737
-0.133737
-0.133737
-0.133737
1.07131
0.524937
-0.555866
-0.555866
0.818472
-1.36654
-0.137728
-0.137728
-0.659565
-0.527172
-0.527172
-0.145588
-0.145588
-0.145588
-0.145588
-0.300587
1.57185
1.57185
1.52058
-0.531443
-0.531443
-0.531443
-0.531443
-0.531443
-0.520899
-0.520899
-0.520899
-0.520899
-0.60813
-0.396873
-1.47916
-1.47916
-1.47916
-1.47916
-1.47916
-0.452787
-0.452787
0.498262
0.498262
0.498262
1.15177
1.15177
1.15177
-0.829161
-0.692383
-0.692383
1.15109
0.740165
0.740165
-1.00402
-1.00402
0.409933
-0.0450385
-0.0450385
-0.0450385
-0.0450385
-1.00238
0.884887
-0.717601
0.821998
0.821998
-0.438485
-0.438485
-0.438485
1.07848
-0.940391
-0.00600374
-0.00600374
-0.596769
-0.596769
-0.596769
-0.572393
-0.572393
-0.567941
-0.849663
-0.997124
-0.997124
-0.997124
-0.997124
-0.997124
0.440378
0.440378
0.440378
0.440378
0.440378
0.741326
-1.02153
-0.42534
-0.42534
1.00514
-0.385858
-0.0127994
-0.0127994
-0.900145
-0.900145
-0.900145
-0.900145
-0.383953
-0.383953
-0.383953
0.898439
-0.8773
-0.8773
-1.54989
-1.54989
-1.54989
0.246547
0.246547
0.246547
0.246547
0.246547
0.0638139
0.0638139
-1.09961
-1.09961
-1.09961
-1.09961
-1.09961
0.509299
0.509299
1.06561
1.06561
-0.35476
-0.35476
-0.35476
-0.35476
-0.35476
-0.35476
-0.13827
-0.543023
0.921268
0.921268
1.82394
0.910789
1.06136
-0.44555
0.870558
-0.276521
0.827161
-0.753152
-0.762566
-1.03851
0.673976
-0.553854
-0.553854
-0.553854
-0.553854
-0.553854
0.177342
2.40185
1.71293
2.07481
1.1684
1.1684
1.38776
0.285266
0.285266
-1.35194
-1.35194
0.282864
-0.900222
1.4201
0.797428
-0.886084
-0.886084
-0.886084
-0.886084
-0.886084
-0.886084
-0.886084
1.04271
1.04271
0.557
0.557
1.28643
1.28643
1.28643
0.771421
-0.535704
0.888213
0.101186
0.424396
-0.211661
0.166348
0.166348
-0.210128
-0.793164
-0.793164
-1.30529
-1.30529
-0.192677
-0.192677
-0.912208
-0.912208
0.0850214
0.622412
0.340462
0.0781182
-0.0622616
-0.0622616
0.0976943
0.0976943
0.766946
-1.23643
-0.469006
-0.469006
-0.469006
-1.39585
0.554734
0.554734
0.554734
0.554734
-0.607784
0.614223
-0.864513
0.685666
0.685666
0.685666
0.685666
-0.298243
-0.298243
-0.298243
-0.202107
-0.202107
-0.202107
-0.202107
-0.202107
-0.202107
0.0331777
0.0331777
-0.04668
-0.04668
-0.04668
-0.924595
-0.70855
-0.70855
0.947029
-0.184961
-0.546554
1.00742
-1.37183
0.95031
-0.51138
-0.251206
-0.251206
-0.429658
0.287901
0.486891
-0.903164
-0.903164
-0.65944
-1.34432
-1.34432
-0.534683
0.82817
0.544548
0.544548
-0.498029
-0.525946
-0.200389
-0.200389
-0.200389
1.31047
0.0443994
0.833709
0.833709
0.833709
0.833709
0.581133
-0.179978
-0.493222
1.45653
1.45653
2.4718
2.4718
1.01716
0.295574
0.295574
0.295574
0.774739
0.774739
0.774739
0.774739
-0.823109
-2.01323
-0.520682
-1.34584
1.06514
-0.286415
-0.286415
-0.286415
-0.607956
-0.607956
-0.607956
0.974317
0.974317
0.0612617
0.0612617
-0.370121
0.902747
1.15593
1.15593
1.15593
-0.0239166
-1.34797
-1.56213
-2.23614
-2.88138
-2.88138
-2.06448
-2.06448
-2.06448
-2.06448
-2.06448
-2.06448
-2.06448
0.108503
0.108503
-0.0508595
-0.0508595
-0.0508595
-0.327318
-0.327318
-0.327318
0.414376
-0.372275
-0.372275
0.306266
0.306266
-0.222909
-0.222909
-0.222909
-0.222909
-0.222909
-0.222909
-0.299164
-0.299164
-0.299164
-0.299164
-0.0572589
-0.0572589
-0.688158
-0.698888
-1.8859
-1.89877
0.509503
0.509503
0.135373
0.135373
1.36259
1.36259
1.36259
0.885429
0.885429
-0.432901
-0.432901
-0.432901
0.0788965
-0.94751
-1.47985
-1.47985
0.390968
0.390968
-0.431773
-0.431773
-0.431773
-0.431773
-0.431773
-0.431773
-0.431773
-0.431773
-0.431773
0.379457
0.379457
0.379457
0.379457
0.379457
-0.613732
-0.613732
-1.71586
-1.71586
0.133998
-0.232191
-0.232191
-0.232191
0.00519179
-0.36393
-0.36393
-0.36393
-0.36393
0.426713
0.348384
0.348384
0.348384
0.348384
0.348384
0.876767
-0.803236
-0.803236
-0.803236
1.46562
1.46562
-0.779972
-0.779972
1.24577
0.0703461
0.0703461
0.0703461
0.0703461
0.0703461
0.0703461
0.0703461
0.0703461
0.0703461
0.0703461
0.0703461
0.0703461
-0.238685
-0.238685
-0.642208
-0.212656
-0.212656
-0.212656
-0.212656
1.38452
-0.587492
-0.587492
-0.587492
-0.716196
-0.469906
0.430307
-1.17795
-1.17795
0.625115
-0.41958
0.471052
0.67309
0.67309
0.67309
0.67309
0.67309
0.67309
0.67309
-0.598059
0.992377
2.02062
2.02062
-0.409631
-1.18607
-1.18607
-1.18607
-1.18607
0.470287
0.470287
0.470287
0.189715
0.189715
0.189715
0.189715
0.189715
0.189715
0.189715
0.189715
0.163249
-0.143093
-0.143093
-0.143093
-0.143093
-1.60437
-0.0136036
-0.0136036
-1.05647
-1.05647
-1.05923
-0.639614
-0.639614
-0.639614
-0.639614
-0.00523314
-0.00523314
-0.00523314
0.706618
0.706618
-0.369389
-0.369389
-0.369389
-0.369389
0.624603
0.00103993
0.00103993
0.00103993
0.00103993
0.00103993
0.482265
0.482265
0.0291041
-0.48158
-0.48158
-0.48158
-0.828735
-0.977665
-0.216114
-0.501801
0.198719
-0.425344
-0.214174
0.5678
0.5678
0.5678
0.5678
0.5678
0.467021
0.110319
0.110319
-0.05172
-0.05172
0.545161
-0.289452
-0.289452
-0.289452
-0.289452
-0.289452
-0.883146
-1.1933
-1.3493
-1.3493
-1.3493
-2.09639
-2.1156
-1.45018
-1.45018
-1.45018
-0.0256593
-1.20804
-1.17348
-0.034882
-0.00242709
-0.00242709
0.123027
0.123027
0.123027
-0.00360869
-0.00360869
-0.00360869
0.3941
1.41426
2.02863
2.02863
2.02863
1.71844
1.71844
0.197015
-0.614361
-0.614361
-0.918186
-0.918186
1.20856
-0.347353
-0.347353
1.48102
1.48102
-0.269175
-0.269175
-0.269175
2.09903
1.2208
-0.20067
1.65641
1.65641
1.65641
1.65641
0.398904
1.50538
-0.626489
-0.126908
-0.126908
-0.126908
0.200536
0.200536
-1.18906
-1.18906
1.04541
1.04541
-0.486643
-0.728543
-0.728543
-0.728543
-0.993861
0.546956
0.546956
0.546956
-0.7912
-0.7912
0.947444
-0.330458
0.48247
-1.04904
-0.932651
-0.144148
-0.144148
-0.144148
-0.217015
0.356065
-1.45322
-1.45322
-1.41274
-1.41274
-0.061928
-0.061928
-0.061928
-0.061928
-0.061928
-0.061928
-0.061928
-0.061928
0.00665968
0.00665968
-1.28627
-0.0239666
-0.0239666
-0.0239666
-0.0239666
-0.0239666
0.326618
0.326618
-1.29761
-0.338097
0.766609
0.309025
0.309025
0.963709
-0.373861
0.644807
0.644807
0.644807
0.644807
0.644807
0.798395
0.798395
0.798395
0.798395
0.798395
-0.00199988
-0.00199988
-0.00199988
-0.00199988
-0.00199988
-0.00199988
-0.00199988
-0.00199988
-0.818787
-0.459984
-0.459984
-0.459984
-0.283502
-0.526364
-0.526364
-0.526364
-0.526364
-0.490281
-0.490281
0.881867
0.881867
-0.718158
-0.0319834
-2.09856
-2.08491
-1.6647
-1.6647
-0.432316
-0.432316
0.558086
0.558086
-0.301383
-0.207551
-0.207551
-0.798846
-0.0120718
-0.0120718
-0.405712
-0.405712
0.800578
0.800578
0.767567
0.767567
-0.937971
-0.937971
-0.937971
0.617549
0.617549
0.494184
0.494184
0.494184
0.20135
0.441147
0.441147
0.441147
0.441147
0.441147
0.441147
0.441147
0.441147
0.441147
-0.648608
-0.648608
-0.648608
-0.648608
-0.648608
-0.208969
-0.208969
-0.208969
-0.0021628
-0.0021628
1.01836
1.01836
-0.706034
0.138282
0.138282
0.138282
0.478392
0.478392
-0.693396
-0.229082
-0.229082
0.432427
0.432427
0.432427
0.432427
-1.63213
-0.986831
-0.986831
-0.744501
-0.744501
-0.744501
1.59342
1.59342
0.117671
2.17511
1.04513
1.67709
1.67709
0.309728
0.309728
-2.08183
-1.99324
-0.792702
1.05705
1.09054
1.09054
1.09054
1.09054
1.09054
1.09054
1.09054
1.09054
1.09054
-1.12119
-1.12119
-1.12119
-1.12119
0.296504
0.296504
0.296504
0.296504
0.296504
0.296504
0.296504
0.296504
0.296504
0.296504
0.296504
0.296504
-0.760012
-1.1345
-1.1345
0.487784
0.487784
-0.438682
0.869217
0.869217
-1.30826
-0.783563
1.37366
1.37366
-0.477089
-0.618931
-0.618931
-0.618931
-0.618931
-0.0800876
-0.0800876
-0.0800876
0.179949
-0.749274
-0.749274
-0.749274
-0.749274
-0.963734
0.637895
-0.636538
-0.636538
-0.540064
-0.540064
-0.392254
-0.34064
-0.34064
0.0156614
0.0156614
-1.14608
-1.14608
-1.01604
-0.553311
0.22987
-0.831096
-0.831096
0.621451
-0.338197
0.287767
0.287767
0.287767
1.43348
-0.667727
-0.832866
0.247219
-0.746545
-0.746545
1.23854
1.23854
1.23854
-1.13166
-1.13166
-1.13166
-1.13166
-1.13166
-0.368645
-0.368645
-0.368645
0.200301
0.538168
0.538168
-0.858287
-1.13263
-1.13263
-1.13263
-1.13263
-1.13263
1.29699
0.568865
0.568865
0.568865
-0.156707
0.00157819
-0.266206
-0.266206
-0.266206
0.192993
0.192993
0.192993
0.192993
0.192993
0.192993
-0.799303
-0.799303
-0.799303
-0.799303
-0.799303
-0.799303
1.0651
1.0651
0.468311
0.468311
0.468311
0.468311
0.468311
0.468311
-0.337076
-0.0625283
-0.0625283
0.451259
0.483776
0.533866
-0.580137
-0.580137
-0.580137
-0.580137
-0.580137
-0.493929
-0.0178901
-0.0178901
-0.0178901
0.0377548
-0.395897
-0.395897
-0.395897
-1.65617
-1.65617
-1.65617
-1.65617
-0.799586
-0.799586
-0.799586
0.92193
0.898009
1.38717
0.754561
-0.721801
-1.38461
-1.38461
-1.17692
-1.17692
-0.949717
-1.19139
1.2239
0.600195
0.600195
-0.51026
-0.51026
0.238993
0.238993
0.238993
-0.240507
-0.240507
-0.765859
0.276589
-0.18701
-1.58554
-0.154757
-0.154757
-0.154757
-0.154757
-0.154757
-0.154757
-0.154757
-0.702405
0.639304
0.639304
0.639304
-0.75133
-0.75133
0.580184
0.580184
0.580184
-0.503647
1.24458
1.24458
1.24458
1.63951
1.26787
1.06138
0.847276
-0.198415
-0.449572
-0.28958
-0.28958
-0.28958
-0.28958
0.972603
0.283527
0.283527
0.283527
0.283527
0.283527
0.283527
0.116409
0.116409
-1.45653
-0.0324898
-0.0324898
-0.0324898
-0.0324898
1.40438
-0.302554
-0.302554
-0.302554
0.089875
-0.277332
-0.277332
-0.277332
-0.277332
0.738432
0.39869
0.39869
-0.286091
-0.286091
1.12508
0.327729
-0.903821
-0.656448
-0.656448
-0.689484
-0.689484
-0.17008
0.222562
0.222562
-0.414629
-0.414629
-0.414629
1.8031
0.996113
1.68351
1.68351
1.68351
0.0302556
0.0302556
0.151171
-1.1081
-1.1081
-1.1081
-0.0999183
-0.0999183
-0.0999183
-0.0999183
-0.0999183
0.838782
0.0973156
-0.276618
0.0238757
0.0238757
-0.0327202
-0.0327202
0.812612
0.83706
0.83706
0.83706
0.635012
0.635012
0.635012
0.61364
-0.320468
-0.320468
-0.320468
0.863786
0.514138
1.05302
2.71493
1.61962
0.191628
-0.388142
0.826271
0.932878
0.932878
-0.0383747
0.362121
0.303058
0.303058
0.303058
0.401857
-0.092724
-0.092724
-0.092724
-0.092724
-0.092724
-0.092724
-0.092724
-0.092724
-0.092724
-1.24194
-1.24194
-1.24194
-1.24194
-1.24194
-1.24194
0.632231
-0.136874
0.622442
0.622442
0.622442
-0.460295
0.631659
1.08824
0.74931
-0.125444
0.383827
0.370111
0.370111
0.370111
0.370111
-0.291281
-0.291281
0.733816
0.733816
1.20503
0.984053
0.984053
0.623843
0.623843
0.623843
0.623843
-0.998589
-1.09877
-1.09877
-1.27387
-1.27387
-1.3606
-1.83904
-1.33987
-1.17283
-0.0909221
0.397443
0.397443
-0.154906
-0.154906
-0.413487
0.0971409
0.0971409
1.55069
1.53995
-0.470695
-1.68017
-1.50363
0.720265
0.720265
-0.61167
-0.708333
0.140896
0.140896
0.561964
-1.76011
-1.76011
-2.01625
-0.427536
1.35895
-0.941243
-0.941243
-0.941243
-0.941243
1.27932
1.27932
1.27932
0.00773997
0.00773997
0.703486
0.703486
0.703486
-0.618266
-0.618266
-0.618266
-0.618266
1.15759
0.625769
0.625769
0.625769
-0.399075
-0.399075
-0.262565
-0.262565
-0.521989
1.92371
1.92371
2.58541
1.23245
1.23245
1.23245
1.58118
-0.787146
-1.024
-1.024
-1.024
-1.024
-0.278841
-0.278841
-0.231525
-0.231525
-0.231525
-1.10434
0.697018
0.697018
0.697018
-0.572657
-0.572657
-0.572657
-0.572657
-0.572657
-0.572657
-0.572657
-0.572657
-0.572657
-0.572657
-0.0429091
-0.0429091
0.697488
0.0229519
0.512424
0.512424
0.33428
0.33428
-0.125142
0.571621
0.571621
-0.812126
-0.812126
-0.843455
0.075593
0.075593
0.075593
-0.760891
0.552808
0.552808
0.552808
0.552808
0.217996
0.217996
0.217996
0.217996
-0.0944394
-0.0944394
-0.0944394
-0.212207
-0.212207
-0.212207
1.37257
0.346617
0.346617
-0.187387
-1.59685
-0.212424
-0.212424
1.08648
-0.38055
-0.38055
0.861115
0.861115
-0.88783
-0.88783
-0.148759
0.940381
0.940381
0.940381
0.458732
0.889378
-0.336296
0.568956
-0.376069
0.125223
0.125223
0.125223
-0.0416323
-0.0416323
-0.0788614
0.987005
-1.0202
1.0951
1.0951
1.0951
-0.880329
-0.880329
-0.880329
-0.880329
-0.880329
-0.25182
-0.25182
-0.25182
-0.25182
-0.25182
0.755516
0.755516
0.471556
0.471556
2.38016
2.38016
0.588192
0.588192
0.0174141
0.501645
0.269169
0.269169
0.269169
0.269169
-0.0710642
-0.0710642
0.184307
0.621016
0.621016
-0.681986
0.0478375
-0.197596
-0.197596
-0.401298
0.748647
0.748647
0.748647
0.748647
-0.076701
-0.076701
-0.076701
-0.076701
-0.076701
0.419876
0.419876
-0.65975
1.2711
1.63649
1.63649
1.63649
1.62153
1.62153
0.526785
0.232979
0.468722
0.468722
0.260526
0.260526
0.260526
0.260526
0.260526
0.260526
0.48604
-0.176954
-0.176954
-0.176954
0.0804067
0.0804067
0.310453
0.310453
0.310453
0.241959
0.241959
0.241959
0.0546676
-0.781713
-0.781713
-0.781713
-0.781713
-0.781713
-0.781713
0.465206
-0.392188
-0.519391
-0.0481997
0.448292
0.448292
0.448292
-0.390012
-0.390012
-0.390012
-0.390012
-0.390012
1.78562
1.78562
1.56767
-0.879584
-0.879584
-0.879584
-0.879584
0.862755
0.862755
0.862755
0.664524
0.670895
0.670895
0.670895
-0.580403
0.790882
0.790882
0.790882
0.790882
0.790882
1.23597
1.23597
0.964614
0.964614
0.714406
-0.0473418
-0.0473418
-0.183874
1.30395
-1.1288
-0.602198
-0.602198
-0.349522
-0.349522
-0.349522
0.257464
0.257464
-0.533375
-0.429318
-0.429318
-0.429318
-0.429318
-0.429318
0.734604
-0.650527
-0.650527
-1.17184
-1.17184
1.27039
1.27039
-0.00462365
1.34316
1.34316
0.144813
0.144813
0.0436195
0.0436195
0.0720453
0.0720453
-0.421715
-0.421715
1.96825
1.96825
2.27967
1.32242
-0.899784
-0.899784
0.363595
0.363595
0.363595
0.363595
-1.14217
-1.14217
-1.24368
-1.24368
-1.24368
0.829577
0.766359
0.766359
-0.373303
0.599536
0.599536
0.599536
0.599536
0.097879
0.097879
0.902157
0.165804
0.302678
0.726304
0.951583
0.951583
-0.0594657
-0.0594657
0.202426
0.202426
0.0531186
-1.17459
-1.17459
-0.304882
-0.304882
-0.304882
-0.304882
-0.304882
0.94398
0.94398
0.94398
1.03318
1.03318
-0.0780955
-0.0780955
0.62134
0.62134
-0.229303
-0.819575
-0.819575
1.12239
1.12239
1.12239
1.12239
0.781049
0.781049
-0.0431304
0.204732
0.204732
0.204732
0.204732
0.204732
0.204732
0.204732
-0.410136
0.783512
0.783512
0.783512
-0.571516
-0.571516
0.562988
0.562988
-0.95057
-0.95057
-1.2637
-1.2637
1.18093
1.18093
1.40828
-1.03953
-1.03953
-1.03953
-1.03953
-1.22425
-0.419356
-1.63015
-1.63015
0.0571046
0.791411
0.791411
-0.652135
0.192084
-0.0232776
1.05434
1.05434
0.981215
-1.09343
-1.09343
-1.09343
0.58396
0.944111
1.34898
-0.805419
-0.805419
0.0412271
0.0412271
0.0412271
0.0412271
0.0412271
0.0412271
0.373245
-0.453168
0.341621
-0.440321
-0.440321
1.54506
-0.7457
0.593379
0.593379
-0.812292
-0.812292
-0.812292
-0.383563
-0.383563
-0.656964
-0.587986
-1.28134
-1.28134
-1.28134
-0.24582
-0.24582
0.144848
0.144848
0.144848
0.832887
0.832887
0.0661564
1.62353
0.126993
-1.69252
0.612777
0.612777
0.612777
1.53369
-0.21009
-0.21009
-0.30112
0.721759
0.369665
1.86996
1.38321
1.38321
-0.962138
-0.207886
-0.207886
-0.207886
1.50143
1.50143
-0.500991
-0.500991
-0.500991
-0.500991
-1.06612
-1.4764
-1.4764
-1.4764
-1.4764
-0.150682
-0.150682
-0.150682
-0.150682
0.701001
0.701001
0.701001
0.73041
-1.41442
-1.41442
-1.05132
-0.397316
-0.397316
-0.397316
-0.940117
-0.940117
-0.940117
0.0634668
-0.713454
-0.713454
-0.713454
-0.713454
-0.713454
-0.713454
0.571531
0.000268417
0.000268417
0.000268417
1.70002
0.347987
0.766955
0.766955
0.345637
0.345637
1.44158
1.32773
1.32773
1.32773
0.310427
0.310427
0.38622
0.38622
-0.265702
-0.485315
-0.485315
-0.485315
-0.485315
0.0169198
0.0169198
0.93982
0.93982
-0.585036
0.78703
1.03349
1.03349
-1.03942
-0.917773
-0.917773
-0.917773
-0.917773
-0.917773
-0.917773
-0.917773
0.712005
0.235718
0.235718
-0.378036
0.0262381
0.0262381
-0.239414
-0.239414
0.560758
0.560758
-0.0148489
-0.145901
0.730085
0.730085
1.22285
0.358046
0.358046
0.358046
0.358046
0.944034
0.153291
0.153291
0.153291
1.33522
1.48561
1.48561
1.48561
1.48561
1.48561
-0.0418885
-0.0418885
0.69782
0.230336
0.604731
-0.0513735
-0.0513735
-0.0513735
-0.0513735
-0.0513735
-0.0513735
-0.459461
-0.684967
0.627629
-0.973432
-0.973432
-1.83
-1.83
-0.467258
0.991814
0.991814
0.700252
0.700252
0.784615
-0.523308
-0.523308
0.294822
0.294822
0.294822
0.294822
0.294822
0.294822
0.294822
0.294822
-0.346304
0.422687
-0.902105
-0.902105
1.23233
1.23233
1.23233
1.23233
1.23233
1.23233
0.838714
0.838714
0.946241
0.946241
-1.46073
-1.46073
-1.22982
0.867193
-0.0643258
0.566929
-0.20347
-0.20347
-0.240545
-0.240545
-0.92154
-1.68858
-1.68858
0.719337
0.00425719
0.00425719
0.00425719
-0.000433974
-0.000433974
-0.000433974
-0.000433974
-0.000433974
-0.000433974
-0.000433974
0.152476
0.59364
0.59364
0.59364
0.59364
0.59364
-0.0673961
-0.0673961
-0.0673961
-0.0673961
-0.509487
-0.509487
-0.509487
-0.283558
-0.170795
-0.170795
-0.170795
-0.170795
-0.170795
-0.170795
-0.170795
-0.237631
-0.237631
1.64038
1.64038
1.68141
1.68141
1.68141
-0.300378
0.486808
-0.253387
-0.253387
-0.253387
-0.253387
-0.0451158
-0.0451158
-0.0451158
-0.039533
-0.039533
-0.039533
-0.039533
-0.039533
-0.152791
-0.152791
-0.152791
-0.152791
0.450975
-1.18763
-0.287576
-0.114149
1.18979
-0.88115
-0.88115
-0.0270369
-0.0270369
-0.0270369
-0.441584
-1.00543
-0.00138442
-0.00138442
-0.00138442
-0.00138442
-0.505941
-0.505941
-1.38832
-1.38832
-1.39823
-1.39823
-1.61614
0.599169
-0.408543
-0.408543
-1.18306
-1.18306
-1.18306
0.983373
-1.49045
-1.49045
0.187488
0.187488
-0.459816
0.181836
0.181836
0.181836
-0.2883
-0.2883
-0.2883
1.37757
1.37757
1.2108
1.2108
1.2108
0.608361
0.063323
0.063323
0.063323
0.063323
0.063323
0.105233
0.105233
0.105233
0.404017
0.404017
-0.480447
1.38195
0.0484333
0.0484333
0.0484333
0.0484333
1.26211
1.53702
-0.515669
-0.421511
-0.874343
-0.874343
0.251438
0.458562
0.458562
-1.75919
-0.135963
-1.26325
-1.26325
0.696771
0.696771
1.07791
1.07791
1.07791
1.07791
0.681313
-0.130633
-0.519168
0.922201
0.922201
0.922201
0.922201
0.922201
0.794604
0.267979
-0.559108
-0.559108
-0.559108
-0.559108
-0.559108
-0.687022
-0.687022
-0.687022
-0.687022
-0.687022
-0.837844
-0.844645
-0.606408
-0.606408
-0.149427
0.409377
0.409377
0.409377
0.409377
0.409377
0.409377
0.409377
0.46488
0.46488
0.368124
0.368124
0.368124
0.368124
0.368124
0.368124
0.368124
0.714155
0.714155
0.731979
0.731979
0.087511
-0.673948
-1.34311
-1.55347
-1.55347
-1.28705
-1.28705
-1.28705
-0.966784
-0.751079
-0.751079
-0.751079
1.67684
1.67684
1.67684
0.79733
-1.27614
-1.27614
-0.828534
0.93858
-0.487893
-0.487893
-0.197905
-0.197905
-0.279741
-0.279741
-0.279741
-0.279741
-0.279741
-0.279741
0.11606
0.11606
0.11606
-0.396235
-0.396235
1.06415
1.06415
-0.986613
1.34905
2.26085
2.26085
0.463294
-0.778976
-0.778976
-1.28556
-0.174542
-1.4603
-0.906652
-0.906652
-0.923035
-0.60245
-0.60245
-1.1946
-1.1946
0.499531
0.741416
-0.358127
-0.358127
0.139756
-1.53672
0.515949
0.515949
0.515949
-0.253778
0.876515
0.108248
-0.577056
-0.329157
-0.329157
-0.329157
-0.329157
-0.329157
-0.329157
-0.329157
-0.329157
-0.329157
-0.345913
-0.98157
-0.98157
1.35727
-0.463037
1.09562
0.780929
0.780929
0.324322
0.324322
0.324322
0.666148
-0.306103
-0.306103
-0.306103
-0.841642
0.202527
-0.034202
-0.034202
-1.63164
-1.63164
-1.63164
-1.63164
-1.63164
-0.655475
-1.09072
-1.09072
-1.09072
-1.49104
-1.7269
-0.291085
-0.291085
-0.291085
0.328095
0.328095
0.194689
0.194689
0.194689
1.41868
-0.647362
-0.647362
-0.481895
-0.875095
-0.875095
0.712786
0.712786
0.712786
-0.0305265
-0.000753083
-0.000753083
-0.000753083
-0.320404
-1.6843
-1.6843
-0.240137
-0.180361
-0.180361
-0.101876
-0.101876
0.00820015
1.43486
0.544259
-0.423979
1.03012
1.03012
-0.781279
-0.781279
0.184494
0.184494
0.531815
0.0417538
0.0855075
0.0855075
1.07851
-0.442686
-0.442686
0.0318638
0.0318638
-1.62326
0.210873
0.210873
0.182116
0.182116
-0.0463236
-0.0463236
-0.0463236
-0.706313
-0.706313
-0.706313
-0.000387033
0.527994
0.527994
0.527994
-0.510382
-0.510382
-0.510382
-0.510382
-0.510382
-0.00354099
-0.00354099
-0.00354099
-0.177604
-0.332079
0.336664
-0.850828
-0.692528
-1.14884
-1.14884
-0.592381
0.178485
0.178485
0.178485
-0.0875065
0.757044
0.757044
0.757044
-0.257789
-0.419767
-0.419767
-0.419767
-0.715811
-0.283114
-0.230534
-0.230534
-0.230534
-0.230534
-0.230534
-0.230534
-0.230534
-0.230534
0.982942
0.926911
0.926911
-0.551871
-0.951849
-0.255983
-0.255983
-0.54446
-1.51298
-0.53173
-0.53173
1.38481
1.38481
1.38481
-0.945271
-0.945271
0.483983
0.483983
-0.336411
-0.30963
0.196368
-0.241891
0.818314
1.01459
-0.919029
0.655511
-0.0231009
-0.0231009
-0.0231009
0.939867
0.337269
0.337269
0.337269
0.337269
0.337269
0.337269
0.337269
-1.04512
-0.636919
-0.649203
-0.649203
-0.954443
0.416151
0.104777
0.448203
0.448203
-0.904023
-1.74315
-1.2707
-1.2707
0.845504
1.29117
1.29117
1.29117
-0.877284
-0.950265
0.875331
0.875331
0.875331
0.875331
0.138002
-0.136317
-1.29122
-1.29122
-1.29122
-1.29122
0.395152
0.749654
-1.54555
-1.54555
-0.886875
-0.489064
-0.489064
-0.489064
-0.489064
-0.489064
-0.489064
0.017929
-1.10906
-1.10906
-1.10906
-1.10906
-1.10906
-1.10906
-1.10906
-1.10906
-1.10906
-1.10906
0.692557
0.692557
0.692557
0.692557
1.19352
1.19352
1.25828
1.25828
-0.106614
0.848749
0.848749
0.687961
-1.14282
-0.316541
-0.316541
-0.316541
-0.316541
0.0728898
0.0728898
0.0728898
1.13973
0.00330175
-0.904964
0.346381
0.346381
-0.818017
-0.818017
-0.818017
0.541734
0.541734
0.541734
-0.736311
0.720536
0.720536
-0.961764
-0.961764
-0.961764
-0.415015
-0.415015
-0.415015
-0.415015
0.250101
0.250101
0.250101
0.250101
0.250101
0.250101
0.250101
0.37065
0.37065
0.37065
0.726245
0.193995
-1.07885
-1.07885
-1.07885
-1.07885
-0.355539
-0.434138
-0.434138
-0.434138
-0.434138
-0.434138
0.546279
0.0663295
0.0663295
0.0663295
0.0663295
0.393722
0.393722
0.393722
0.0479585
-0.810553
-0.810553
0.605239
0.605239
1.44455
-0.213643
-0.213643
-0.213643
-0.213643
-0.487548
0.180553
0.180553
0.0326274
0.244856
0.244856
0.244856
0.122151
0.122151
0.122151
0.122151
0.935122
-0.372969
-0.372969
0.803651
0.565424
0.565424
1.84994
1.84994
0.229726
1.28989
1.28989
-0.600263
-0.600263
-0.429057
0.869227
0.869227
2.0529
0.179843
-0.743601
-0.743601
-0.743601
-0.743601
-0.743601
-1.68278
-1.68278
-1.68278
0.286726
0.20386
0.20386
0.053953
0.400511
0.400511
0.400511
1.00951
-0.595099
-0.595099
-0.595099
-1.21837
-0.423478
-0.423478
-0.423478
-0.423478
-0.423478
-1.40305
-1.43931
-1.43931
0.204287
0.204287
0.204287
-0.270608
-0.270608
-1.45092
-1.79149
-1.50834
-1.50834
0.406139
0.827612
0.827612
0.746783
-0.726409
-0.0944523
-0.0944523
-1.04548
-0.768492
-1.05451
-1.05451
-1.34113
-0.179896
-0.179896
-0.179896
-0.179896
-0.179896
0.0397627
-0.557024
-0.557024
-0.557024
-0.654812
0.525025
0.525025
0.247829
0.247829
0.247829
0.247829
0.828384
0.77286
0.77286
0.395283
0.686232
0.686232
0.686232
-0.128379
-0.657162
-0.657162
0.383078
0.383078
0.383078
1.68105
1.68105
1.41709
-0.855318
1.31794
1.31794
-0.548399
-0.548399
-0.548399
-0.548399
0.247365
0.192169
0.192169
0.192169
0.192169
0.192169
-0.146314
0.217095
0.217095
-0.860831
-0.860831
-0.860831
-0.860831
-1.61915
-1.61915
-1.61915
-1.61915
-1.61915
0.364303
0.364303
-1.97227
-1.97227
-0.846381
-1.13864
0.643447
0.643447
0.643447
-0.368377
0.653787
-0.636312
-0.636312
0.820396
-1.32985
-1.52456
0.910915
-0.702602
-0.702602
-0.685827
-0.456857
-0.456857
-0.456857
-1.11801
-0.184302
-0.859923
0.433133
0.433133
0.433133
-0.512789
-0.512789
-0.512789
-0.512789
-0.512789
0.380343
0.484473
0.484473
0.484473
0.484473
0.783799
0.783799
0.783799
0.783799
0.783799
0.651464
0.651464
0.651464
0.651464
0.827283
1.37421
1.37421
-0.878347
-0.878347
-1.09554
0.495978
0.495978
0.495978
0.495978
-0.251469
-0.251469
-0.251469
-0.251469
-0.829713
-0.829713
-0.252343
0.632689
0.221759
0.221759
-0.236414
0.602701
0.602701
-0.765564
-0.765564
1.27425
-0.0221182
-0.176129
0.132371
0.132371
0.132371
0.132371
0.132371
0.132371
-0.0608198
-1.17436
-1.17436
-1.47373
-1.29962
-1.29962
-1.21302
1.23009
-0.385715
-0.385715
-0.892988
-0.892988
-0.488059
0.823354
0.823354
0.952949
0.952949
0.952949
0.952949
0.952949
-0.923828
0.00211383
-0.817484
-0.817484
-0.707659
-0.707659
0.909729
-0.532784
-0.532784
-0.482927
0.0518262
-0.502977
-0.502977
-0.60882
1.59834
1.55908
0.409876
1.06828
1.06828
1.12944
1.12944
0.0684843
0.0684843
0.849352
-0.610032
-0.610032
-0.610032
0.520892
1.30724
1.30724
0.00475566
0.00475566
-0.85658
-0.85658
-0.85658
0.0646466
0.0646466
0.0646466
0.0646466
0.875596
-0.0656497
-0.0656497
-0.0656497
-0.137128
-0.137128
0.0746152
-0.671484
-0.671484
-0.465146
-0.376968
-0.376968
-0.376968
0.412802
0.412802
0.673596
0.673596
0.673596
0.673596
0.673596
1.68984
0.0990822
0.0990822
0.0990822
0.0990822
0.0990822
0.0990822
1.31377
-0.726619
-0.726619
-0.726619
-0.726619
-0.726619
-0.726619
-0.726619
-0.726619
-1.1276
-1.6909
-0.826014
-0.826014
0.812445
0.82852
0.82852
0.82852
0.967181
0.967181
0.967181
0.577208
1.42495
1.42495
1.42495
-0.916313
-0.916313
-1.18656
-1.18656
-1.18656
0.857702
1.04051
0.232914
-0.551686
-0.422086
-0.422086
0.358799
0.358799
0.358799
0.41339
0.41339
-0.136488
-0.791318
-0.791318
-0.224131
-0.224131
-0.224131
-0.224131
-0.224131
-0.224131
-0.00707097
-0.00707097
-0.00707097
0.109913
0.109913
-0.551016
0.0138288
0.0138288
0.579987
0.405501
0.405501
-0.331629
0.290029
-1.40793
-0.666595
1.22262
1.22262
-0.804945
0.881172
0.881172
0.881172
1.49146
1.49146
1.68125
1.86054
1.00652
0.330253
-0.869618
-0.869618
-0.869618
-0.869618
1.18475
-0.111122
-0.111122
0.355049
-0.71218
-0.71218
-0.322693
-0.322693
-0.322693
0.0601519
0.280478
-0.0500882
2.20864
1.01826
-0.044477
-0.400604
0.587782
0.286402
0.286402
-0.365098
-0.365098
-0.365098
-0.242605
-0.135716
-0.135716
-0.135716
-0.88848
-1.35391
0.448655
0.448655
0.448655
0.448655
0.567654
-0.991421
-1.09026
-1.09026
0.0860258
-2.04964
-1.02828
0.869551
0.869551
0.276815
-0.594856
-0.594856
0.799459
-1.1016
0.515878
-0.999361
-0.999361
-0.999361
-0.279411
-0.126061
-0.126061
-0.126061
-0.321664
-0.321664
-0.321664
-0.321664
-0.321664
-0.723398
-0.723398
-0.723398
1.42239
0.034158
0.034158
0.034158
0.034158
-0.453958
-0.453958
0.461575
0.796252
0.796252
0.796252
0.796252
-0.00561591
-0.00561591
0.655316
-0.796832
-0.796832
-0.796832
-0.796832
-0.285864
1.41327
1.45976
1.45976
1.09129
1.09129
1.09129
-0.367175
1.02865
1.1888
1.20418
0.808279
0.808279
1.04986
1.04986
1.04986
0.988551
-0.397967
-0.280287
-0.280287
-0.280287
-0.280287
-0.280287
-0.280287
0.103403
0.103403
0.103403
0.209461
-0.0611889
-0.0611889
-0.0611889
-0.220396
-0.634926
-0.634926
-0.634926
-1.17072
0.153688
0.153688
-0.429111
-0.429111
-0.429111
-0.429111
-0.429111
0.966032
-0.930663
-0.930663
-0.930663
-0.781325
-0.781325
-0.984588
-0.984588
-0.984588
-0.984588
-1.5045
0.143117
0.221389
1.39541
0.950188
0.950188
-0.628572
-0.628572
-0.628572
-0.628572
0.603317
0.214147
0.214147
0.214147
0.511898
0.969404
0.625722
0.123389
0.172873
0.172873
0.172873
-1.28384
-0.733932
0.421463
0.421463
0.421463
0.142847
-0.8884
-0.8884
-1.62069
-1.02027
-1.02027
-1.26373
-1.26373
-1.26373
-1.26373
0.744735
-0.806816
-0.806816
-0.806816
1.09254
1.09254
1.23775
0.750578
0.975487
-0.604051
1.36604
-0.264033
-0.260526
-0.260526
-0.260526
-0.260526
-0.260526
-0.260526
-0.260526
0.14679
-0.218261
-0.218261
-0.218261
1.0008
1.06975
1.81072
1.81072
1.50503
-0.278534
-0.278534
-0.278534
0.712076
-1.342
1.11754
-1.20683
-0.194088
0.119294
0.119294
0.119294
0.63568
0.63568
0.63568
0.63568
-0.135834
-0.600478
-0.600478
0.678313
0.678313
0.276364
0.873045
0.873045
0.873045
0.152765
-0.812209
-0.812209
0.529399
0.412516
0.412516
0.412516
-0.0760311
-0.0760311
-0.0760311
-1.03925
-1.03925
-0.189038
0.0544042
-2.43632
-2.43632
-2.43632
-2.43632
-1.66672
0.113652
0.113652
1.0829
1.0829
1.0829
-0.625964
1.16726
1.16726
1.16726
-1.18144
-0.0755053
-1.4977
0.814934
-1.11043
-0.938622
-0.449567
0.844429
0.352223
2.45096
2.45096
2.45096
0.16118
0.16118
0.16118
0.16118
0.16118
0.16118
0.16118
0.16118
0.807798
-0.549053
-0.549053
-0.549053
-0.549053
-0.549053
-0.549053
-0.525532
-0.587842
1.32156
1.32156
1.38191
1.38191
1.38191
1.38191
-0.703985
-0.824335
-0.824335
-0.961731
-1.22933
-1.22933
1.02645
1.02645
1.02645
0.0559223
0.0559223
0.0559223
-0.572638
-0.572638
0.167262
0.167262
0.167262
0.167262
0.167262
1.23763
-1.05915
-0.870249
-0.870249
-0.870249
-0.870249
-0.870249
-0.870249
-0.870249
0.814453
1.35375
1.35375
1.35375
-1.14017
-0.215207
-0.670265
-0.670265
0.726056
0.726056
0.726056
0.00989786
0.00989786
0.00989786
0.926699
0.926699
0.926699
2.07614
2.07614
-0.313043
-0.313043
-0.313043
-0.313043
-0.313043
-0.313043
-0.27501
-0.27501
-0.27501
-0.27501
-0.27501
-0.542876
0.592602
-0.406795
-0.406795
-0.406795
0.278905
0.278905
0.278905
0.278905
-1.19971
-1.19971
0.757122
-0.226502
-0.250312
-0.250312
-0.250312
-0.250312
-0.250312
-0.250312
-0.250312
-0.250312
0.687925
0.0962738
-0.225161
-0.225161
0.37831
1.23007
1.23007
-0.0986841
-0.978681
1.11944
-0.136734
0.0744463
-0.73437
-0.46591
-0.46591
0.0217807
0.586353
1.01221
1.01221
1.01221
1.01221
1.01221
-0.921053
-0.921053
-0.921053
-0.921053
-0.921053
1.14444
1.14444
1.14444
-0.449746
-0.449746
-0.449746
-1.15509
-1.11188
-1.11188
-0.109268
-0.109268
-1.12284
-0.454337
-0.454337
1.6403
1.6403
1.6403
1.6403
1.6403
1.6403
0.0669375
0.0669375
0.0669375
0.0669375
0.0669375
-0.31195
-0.31195
-0.31195
-0.31195
-0.31195
-0.31195
0.00369353
0.00369353
-0.231911
-0.231911
-1.52472
-1.11602
-1.11602
-1.26393
-1.0179
-0.698095
-0.698095
-0.698095
-0.698095
-0.690886
-0.12487
0.326669
0.326669
0.145638
0.145638
0.145638
0.160134
0.160134
-1.82617
-0.252225
0.9921
-0.855684
0.9452
-0.493758
-0.493758
0.325263
0.325263
0.325263
0.325263
0.325263
1.1985
1.1985
0.408139
0.408139
0.408139
0.408139
0.408139
0.144308
-0.430389
1.21877
-0.8111
1.37242
-0.974987
-0.416005
-0.416005
0.61794
0.61794
-0.173383
-0.173383
-0.976036
-0.437731
-0.437731
-0.437731
-0.437731
-0.437731
-0.437731
-0.437731
-0.18242
0.301319
0.301319
0.108305
0.108305
0.108305
0.108305
0.108305
0.563404
0.802938
1.68349
1.48322
-0.305288
-0.305288
-0.305288
-0.305288
-0.305288
-0.305288
1.22994
1.22994
1.22994
-1.18069
-1.18069
-0.503835
-0.503835
-1.30108
-1.30108
0.25995
0.25995
0.25995
0.25995
0.25995
0.25995
0.25995
0.25995
0.25995
0.24161
0.24161
0.24161
1.46586
1.45229
1.45229
1.45229
1.45229
1.45229
-0.747206
-0.747206
-0.747206
0.670911
0.220613
1.26953
1.26953
-0.535385
-0.501172
-0.501172
-0.501172
0.492319
0.492319
-0.674467
-1.69375
-2.31293
-2.2942
-2.2942
-0.28547
-0.28547
0.8162
1.21195
1.21456
-0.175107
-0.0968368
-0.0968368
-0.0968368
1.47926
0.893386
0.893386
0.893386
-1.48592
0.727022
0.473338
0.473338
0.473338
1.00032
1.00032
1.00032
-0.470174
-0.470174
0.812641
0.812641
0.812641
-0.585503
-0.585503
-0.585503
-0.585503
-0.585503
-0.782729
-0.782729
-0.782729
1.2754
1.2754
1.2754
0.426377
0.426377
0.426377
0.426377
0.000558104
-0.620462
-0.744508
-0.744508
-0.744508
-0.744508
-0.383131
-0.335198
1.24384
-0.670359
-0.670359
-0.447762
-0.447762
-0.447762
-0.447762
-0.447762
-0.923597
-0.923597
-0.923597
-0.242335
-0.242335
-0.242335
0.241362
0.241362
0.241362
0.241362
-0.716505
-0.982412
-0.503852
-0.821758
-0.61856
-0.61856
-0.61856
0.0220434
0.349679
0.349679
0.349679
0.349679
0.349679
-0.742854
1.23324
1.23324
1.25747
1.25747
0.987927
0.987927
0.987927
0.952493
-0.62789
-0.62789
-0.62789
-0.62789
0.997962
2.24258
0.759723
0.759723
0.759723
0.759723
0.759723
0.759723
0.759723
0.759723
0.759723
0.759723
0.759723
0.759723
1.16678
1.0799
0.0964593
0.0964593
0.0964593
1.46724
1.46724
1.46724
1.62814
-0.398535
-0.122999
-0.122999
-0.122999
-0.122999
-0.122999
-0.122999
-0.122999
0.0979427
0.665951
-0.313439
-0.3596
0.591931
-0.0581761
-0.541509
-0.541509
-1.15147
-1.52327
-1.52327
-1.52327
-1.52327
-1.52327
-1.52327
-1.52327
-0.979473
-0.979473
-0.979473
1.20537
0.196989
0.88468
1.05262
0.265766
-0.212859
-0.212859
-0.212859
-0.212859
-0.212859
-0.948764
-0.948764
-0.948764
-0.948764
1.34197
0.101561
-0.353388
-0.55193
-0.55193
-0.55193
-0.55193
0.091919
0.091919
0.091919
0.82166
-1.55153
-1.55153
-1.56926
-1.56926
-1.56926
-1.56926
-0.306743
-0.306743
-0.495323
-0.335344
-0.335344
0.0841118
0.0841118
-0.300458
-0.300458
-0.300458
-0.746486
-0.147487
-0.147487
-0.147487
-0.147487
-0.147487
0.949301
0.949301
0.950641
0.950641
0.923925
0.122996
-1.14845
0.27004
0.27004
-1.2335
0.376493
1.19325
-1.057
-0.928244
-0.928244
-0.928244
-0.21427
-0.880182
-0.880182
-0.880182
-1.53987
-1.21532
-1.21532
0.152048
-0.0787404
-0.0787404
-0.0787404
-0.0787404
-0.0787404
-0.0787404
0.147594
0.900251
-0.0516865
-0.544429
-0.544429
0.208999
0.208999
-0.369294
-0.962789
-0.962789
-0.962789
-1.97996
-0.893732
-0.893732
0.429858
-0.281035
-0.281035
-0.281035
-0.281035
-0.281035
0.585941
-0.829908
-0.829908
0.771709
0.771709
0.771709
0.771709
-0.222308
0.466067
0.466067
0.516405
0.516405
0.615734
-0.45027
-0.45027
-0.45027
-0.45027
-0.0400566
0.157695
0.157695
-0.152574
-0.152574
0.330629
0.330629
0.330629
0.330629
1.55409
0.834668
-1.38664
-0.786487
-0.786487
-0.786487
-0.786487
-0.786487
-0.786487
-0.786487
-0.786487
1.66608
0.369365
0.369365
0.369365
0.731654
0.731654
0.731654
1.20196
1.20196
0.613799
0.159185
0.159185
0.159185
0.159185
0.143086
0.143086
-0.0700237
-0.0700237
0.496277
0.404978
0.404978
0.404978
0.365292
0.365292
-0.718003
-0.718003
-0.718003
0.932168
-0.499864
-0.499864
-0.499864
-0.499864
0.509944
0.509944
0.509944
0.449218
0.449218
0.780659
0.780659
0.780659
0.203392
-0.808844
-0.808844
-0.808844
-0.808844
-0.808844
-0.808844
-1.60065
-1.6011
-1.6011
-1.6011
-1.6011
-0.521217
-0.521217
-0.521217
-0.521217
0.462591
-0.223971
1.11662
0.612107
0.612107
0.612107
0.612107
0.612107
0.729542
-0.7597
-1.52817
-1.52817
-1.52817
-1.52817
-1.57325
-1.57325
-1.57325
-1.57325
-0.938809
-1.41359
1.06997
1.06997
0.00400091
1.22953
1.22953
0.0263641
-0.0798358
-0.0798358
-0.718915
-0.718915
-0.718915
-0.410131
-0.410131
-1.38116
-1.38116
-1.38116
-1.38116
-1.38116
0.0574251
0.0574251
0.0574251
0.0574251
-0.024988
-0.024988
-0.024988
-0.024988
0.817722
0.817722
0.0387926
-0.5465
1.44071
0.572014
0.572014
-0.263994
0.573585
0.573585
-0.338634
-0.338634
-0.338634
-0.71499
0.0459824
1.58627
1.58627
0.78708
0.385824
0.385824
0.385824
0.385824
0.385824
0.385824
0.385824
0.217025
0.217025
-0.149214
-0.149214
-0.149214
-1.10755
-0.530999
0.2573
0.191694
0.191694
0.191694
-0.913022
-0.528487
-0.528487
-0.528487
-0.0105584
-0.0105584
-1.63085
-1.04658
-1.04658
-0.149481
-0.149481
-0.149481
0.166497
-0.244081
0.404521
0.404521
0.258682
0.258682
0.193566
0.193566
1.37171
0.399123
-0.046573
1.02488
-0.514241
-0.514241
-0.514241
-1.35772
-1.35772
-1.35772
-0.415969
-0.415969
-1.1869
-0.561091
-0.686592
-0.243345
-0.243345
-0.243345
0.79329
-0.780837
-0.780837
-0.780837
-1.63861
-0.20885
-0.20885
0.672181
0.672181
0.0296271
0.0296271
-0.747735
-0.747735
0.114211
-0.506643
-0.506643
-0.506643
-0.506643
0.639514
1.14085
-0.602322
-0.602322
-0.602322
-0.602322
-0.602322
-1.21372
-0.30655
-1.17851
-1.71091
-0.47738
-0.0805397
-0.0805397
-0.18146
0.260737
0.260737
0.260737
0.886499
0.646534
-1.11847
-0.616735
-0.616735
-0.69303
-0.69303
-0.69303
-0.625767
-0.625767
-0.989959
0.297992
0.661726
0.661726
-0.108688
-0.108688
-1.22643
-1.22643
1.00515
0.0335502
-0.367192
1.08687
-0.131991
-0.131991
0.988914
0.988914
0.770469
0.770469
0.429808
-0.598851
-0.0445097
-0.0445097
-0.0445097
-0.0445097
-0.0445097
-0.0445097
-0.0445097
-1.50967
-1.50967
-1.50967
-1.90507
-1.90507
-2.62525
-2.62525
-0.5964
0.691735
-0.56287
1.21552
-0.0262743
0.629652
0.629652
0.629652
1.1979
-0.488832
-1.4686
-1.08658
0.789845
-0.408717
0.551193
0.551193
0.078685
-0.44465
-0.44465
-0.44465
-0.44465
-0.44465
-0.44465
-0.44465
0.554508
0.554508
-0.853777
-0.853777
-0.970937
0.977476
0.977476
-0.567794
-0.567794
-0.149401
1.04407
-0.342589
-0.342589
-0.342589
-1.29793
-1.29793
-1.29793
0.54694
1.54311
1.54311
0.119085
0.119085
-1.18849
-1.18849
-1.18849
-1.18849
0.966618
0.966618
0.98521
0.98521
0.98521
0.98521
0.679517
0.679517
0.94497
0.94497
0.486837
0.486837
1.12152
1.12152
-0.520202
-0.685688
-0.685688
-0.685688
-1.72112
-0.73999
-0.73999
0.335549
0.335549
-1.05157
0.61637
0.61637
1.45601
-0.862751
0.773937
0.773937
0.773937
-0.428072
-0.725837
-0.227899
-0.540622
-0.0826778
-0.0826778
-0.0826778
-0.304661
-0.304661
-0.304661
-0.304661
-0.304661
-0.304661
-0.2509
-0.2509
-0.2509
-0.217414
0.555447
0.555447
-0.149531
-0.149531
-0.149531
-0.149531
1.51678
-0.09124
-0.09124
-0.231806
-0.231806
-0.424297
-0.424297
-0.424297
0.208896
0.208896
0.208896
0.208896
-0.0886319
-0.0381209
2.24864
2.24864
2.24864
1.89156
1.89156
-0.236439
-0.295916
-0.960022
1.46115
1.46115
0.402321
0.402321
0.402321
1.35701
-0.0598813
-0.861314
1.178
1.178
0.487443
0.680436
-0.639873
-0.275821
-0.473648
0.755425
-0.0349427
-0.0349427
-0.0349427
-0.0349427
0.0798699
0.393788
-0.573582
-0.573582
-1.10309
1.1477
0.952362
-0.896637
-0.896637
0.361327
0.361327
1.3507
-1.10226
-0.536974
-0.536974
-0.536974
-0.536974
1.10011
-0.956632
-0.956632
-1.00034
0.0275575
-0.0464565
0.741772
0.741772
0.741772
0.741772
-1.16518
1.12397
1.12397
1.12625
1.12625
-0.220683
-0.220683
-0.220683
-1.45751
1.00124
1.00124
-0.0940714
-0.0940714
-0.0940714
-0.0940714
0.0396314
-0.647007
-0.647007
-0.647007
0.159534
0.446303
0.446303
-0.662696
-0.662696
-0.662696
-0.662696
-0.10042
0.16443
0.901313
0.901313
-0.879107
1.09485
1.09485
-0.778542
0.531127
0.531127
0.169968
0.169968
0.169968
0.169968
0.169968
1.46732
1.46732
0.756831
-0.64926
1.23901
1.23901
1.23901
0.773372
0.773372
0.773372
0.773372
0.773372
0.773372
0.785246
0.386675
-0.254183
-0.254183
-0.0995847
0.348143
0.348143
-2.03601
0.325208
0.325208
0.325208
0.325208
1.49583
1.49583
0.0518899
0.0518899
0.0518899
0.0518899
0.0592766
0.0592766
0.0592766
-0.158148
-0.158148
-0.158148
-0.158148
-0.158148
0.123086
-0.929244
-0.929244
-0.929244
0.397793
-0.877934
-0.877934
-0.877934
-0.877934
1.31775
1.31775
1.31775
-0.164229
-0.164229
-0.164229
0.478225
0.478225
0.478225
0.478225
0.397716
-0.889422
-0.889422
-0.889422
0.405469
0.279921
0.490189
0.490189
-0.430693
0.677303
0.677303
0.677303
0.677303
0.677303
0.469743
0.469743
0.469743
-1.35149
-1.35149
-1.35149
-1.35149
-0.348081
-0.259103
-0.259103
-0.31692
0.314944
-1.1949
0.226244
0.307605
0.307605
0.488198
0.488198
0.488198
-0.294225
-0.180464
-1.41725
0.681576
0.681576
0.681576
0.681576
0.968756
0.972052
-0.342897
0.207055
0.207055
-0.635735
-0.635735
-0.635735
0.647167
0.647167
0.647167
0.647167
0.647167
-0.788156
-0.788156
-1.15685
-1.15685
-0.944244
0.749177
0.22737
-0.287514
-0.287514
-0.287514
-0.091781
0.347677
0.347677
0.347677
0.347677
0.347677
0.347677
0.347677
0.347677
0.347677
0.347677
0.347677
-0.200441
-1.15728
0.564601
0.564601
0.199301
0.199301
-0.959241
0.962446
1.33123
1.33123
1.33123
0.741179
2.09724
1.49397
1.12872
-0.235755
-0.117937
-0.106389
-0.389441
-0.389441
0.742775
0.742775
-0.506825
-0.506825
-0.506825
-0.913385
-0.33753
-0.33753
-0.143571
-0.143571
-0.143571
0.191485
0.191485
0.191485
0.191485
0.191485
0.191485
-0.136979
-0.136979
-0.136979
-0.136979
-0.136979
-0.136979
-0.136979
-0.136979
-0.136979
-1.42495
-1.42495
-1.42495
-1.42495
-0.0791721
-0.0791721
-0.0791721
0.682152
-1.07522
-1.07522
-0.310791
-0.310791
-0.639594
-0.639594
-1.1544
-1.1544
1.22893
1.22893
1.30983
1.09738
0.501049
0.501049
0.620809
0.620809
0.620809
-0.851019
-0.396042
1.1682
1.1682
1.1682
1.1682
0.556181
0.556181
1.08611
1.08611
0.945583
1.16143
0.19507
0.19507
0.19507
0.19507
-0.185158
-0.185158
-0.0266663
-1.69933
0.11089
-0.515411
-0.374943
-0.374943
-1.54857e-05
-1.54857e-05
0.805475
0.805475
0.805475
0.805475
0.328413
0.328413
0.328413
0.310759
0.310759
0.310759
0.16951
0.16951
0.16951
0.16951
0.482513
-0.459515
0.768366
0.841475
0.841475
0.707048
0.707048
0.707048
-1.03382
1.03683
-0.646595
-0.646595
-0.646595
0.656922
0.502898
0.502898
0.502898
0.185048
0.185048
0.185048
0.185048
0.185048
0.185048
0.185048
0.418969
0.418969
0.270843
0.270843
0.270843
0.270843
0.66512
0.798748
0.564738
0.440722
0.440722
0.440722
0.440722
0.440722
0.440722
0.440722
0.440722
1.09997
1.04296
1.04296
1.04296
1.04296
1.04296
-0.848813
-0.848813
-0.729374
-0.729374
-0.729374
-0.416502
1.54308
1.54308
1.54308
-0.272848
-0.272848
-0.272848
0.466515
0.466515
0.466515
0.67457
0.67457
