33.1831 40.8522
28.9474 37.7238
27.2787 35.0674
26.5323 32.1736
25.1402 30.214
24.0102 28.5747
22.9237 27.0522
22.0868 26.1665
20.9103 24.9678
20.3199 23.6827
20.1511 23.0921
18.6664 22.2536
18.0471 21.6152
17.0786 20.4368
17.0526 19.3628
16.1439 18.5778
15.5207 17.8928
14.6671 17.1578
12.7233 16.6389
11.9721 15.9
11.9615 15.1939
11.6259 14.4582
11.243 13.2638
11.243 12.6918
10.8999 12.1777
10.8999 11.7881
10.3994 11.4619
10.3994 11.1635
10.0581 10.8311
9.45421 10.5994
9.0896 10.33
8.74837 10.0056
8.62123 9.63928
8.00948 9.30477
7.24971 9.00019
7.02161 8.68239
7.02161 8.11184
6.84187 7.59543
6.70533 7.24598
6.70532 7.0577
6.7052 6.89157
6.45695 6.78274
6.45695 6.71286
6.3203 6.65343
6.3203 6.55446
6.3203 6.46419
6.25651 6.38471
6.25651 6.3353
6.25651 6.30225
6.25651 6.28835
6.25651 6.27382
6.24596 6.26638
6.24596 6.26705
6.24596 6.26733
6.24596 6.25297
6.24596 6.24889
6.24596 6.2476
6.24596 6.24718
6.24596 6.24596
6.24596 6.24596
6.24596 6.24596
6.24596 6.24596
6.24596 6.24596
6.24596 6.24596
6.24596 6.24596
6.24596 6.25047
6.24596 6.24596
6.24596 6.24596
6.24596 6.24596
6.24596 6.24596
6.24596 6.24596
6.24596 6.24596
6.24596 6.24596
6.24596 6.24596
6.24596 6.24596
6.24596 6.24596
6.24596 6.24596
6.24596 6.24596
6.24596 6.24596
6.24596 6.24596
6.24596 6.24596
6.24596 6.24596
6.24596 6.24596
6.24596 6.24596
6.24596 6.24596
6.24596 6.24596
6.24596 6.24596
6.24596 6.24596
6.24596 6.24596
6.24596 6.24596
6.24596 6.24596
6.24596 6.24596
6.24596 6.24596
6.24596 6.25098
6.24596 6.24651
6.24596 6.24596
6.24596 6.24596
6.24596 6.24596
6.24596 6.24596
6.24596 6.24596
6.24596 6.24596
6.24596 6.24596
6.24596 6.24596
6.24596 6.24596
6.24596 6.24596
6.24596 6.25
6.24596 6.2468
6.24596 6.24596
6.24596 6.24596
6.24596 6.24596
6.24596 6.24596
6.24596 6.24596
6.24596 6.24596
6.24596 6.24904
6.24596 6.24596
6.24596 6.24596
6.24596 6.24596
6.24596 6.24596
6.24596 6.24596
6.24596 6.24596
6.24596 6.24596
6.24596 6.24596
6.24596 6.24596
6.24596 6.24596
6.24596 6.24596
6.24596 6.24596
6.24596 6.24596
6.24596 6.24596
6.24596 6.24596
6.24596 6.24596
6.24596 6.24596
6.24596 6.24596
6.24596 6.24596
6.24596 6.24596
6.24596 6.24596
6.24596 6.24596
6.24596 6.24596
6.24596 6.24596
6.24596 6.24596
6.24596 6.24596
6.24596 6.24596
6.24596 6.24596
6.24596 6.24596
6.24596 6.24596
6.24596 6.24596
6.24596 6.24596
6.24596 6.24596
6.24596 6.24596
6.24596 6.24596
6.24596 6.24596
6.24596 6.24596
6.24596 6.24596
6.24596 6.24596
6.24596 6.24596
6.24596 6.24596
6.24596 6.24596
6.24596 6.24596
6.24596 6.25286
6.24596 6.24596
6.24596 6.25758
6.24596 6.24778
6.24596 6.24596
6.24596 6.24596
6.24596 6.2472
6.24596 6.24853
6.24596 6.24596
6.24596 6.24596
6.24596 6.24596
6.24596 6.24596
6.24596 6.24596
6.24596 6.24596
6.24596 6.2464
6.24596 6.25676
6.24596 6.24596
6.24596 6.24596
6.24596 6.24596
6.24596 6.24596
6.24596 6.24596
6.24596 6.24596
6.24596 6.24596
6.24596 6.24596
6.24596 6.24596
6.24596 6.24596
6.24596 6.24596
6.24596 6.24596
6.24596 6.24657
6.24596 6.25572
6.24596 6.24596
6.24596 6.24596
6.24596 6.24723
6.24596 6.24596
6.24596 6.24596
6.24596 6.24596
6.24596 6.24596
6.24596 6.24596
6.24596 6.24596
6.24596 6.24596
6.24596 6.24596
6.24596 6.24596
6.24596 6.24894
6.24596 6.24596
6.24596 6.24596
6.24596 6.24839
6.24596 6.2475
6.24596 6.24596
6.24596 6.24596
6.24596 6.24596
6.24596 6.24596
6.24596 6.24596
6.24596 6.24596
6.24596 6.24596
6.24596 6.24596
6.24596 6.24596
6.24596 6.24596
6.24596 6.24596
6.24596 6.24596
6.24596 6.24596
6.24596 6.24596
6.24596 6.24596
6.24596 6.24596
6.24596 6.24768
6.24596 6.28291
6.24596 6.24596
6.24596 6.24596
6.24596 6.24596
6.24596 6.24734
6.24596 6.34849
6.24596 6.28213
6.24596 6.25829
6.24596 6.24596
6.24596 6.24596
6.24596 6.24596
6.24596 6.24596
6.24596 6.24596
6.24596 6.24596
6.24596 6.24596
6.24596 6.24596
6.24596 6.24596
6.24596 6.24596
6.24596 6.24596
6.24596 6.24596
6.24596 6.24596
6.24596 6.24596
6.24596 6.24596
6.24596 6.24596
6.24596 6.24978
6.24596 6.24596
6.24596 6.24596
6.24596 6.24619
6.24596 6.25237
6.24596 6.25731
6.24596 6.24596
6.24596 6.24596
6.24596 6.24596
6.24596 6.24596
6.24596 6.24596
6.24596 6.24596
6.24596 6.24596
6.24596 6.24596
6.24596 6.24596
6.24596 6.24596
6.24596 6.24596
6.24596 6.24596
6.24596 6.24596
6.24596 6.24596
6.24596 6.24596
6.24596 6.24596
6.24596 6.24596
6.24596 6.24596
6.24596 6.24596
6.24596 6.24596
6.24596 6.24596
6.24596 6.24596
6.24596 6.24596
6.24596 6.24596
6.24596 6.24596
6.24596 6.24596
6.24596 6.24596
6.24596 6.24682
6.24596 6.24596
6.24596 6.24596
6.24596 6.24596
6.24596 6.24596
6.24596 6.24596
6.24596 6.24596
6.24596 6.24596
6.24596 6.24596
6.24596 6.24596
6.24596 6.24596
6.24596 6.24596
6.24596 6.24596
6.24596 6.24596
6.24596 6.24596
6.24596 6.24596
6.24596 6.24596
6.24596 6.24596
6.24596 6.24596
6.24596 6.24596
6.24596 6.24596
6.24596 6.24596
6.24596 6.24596
6.24596 6.24596
6.24596 6.24596
6.24596 6.2488
6.24596 6.24596
6.24596 6.25036
6.24596 6.24596
6.24596 6.24596
6.24596 6.24674
6.24596 6.24596
6.24596 6.24596
6.24596 6.24596
6.24596 6.24596
6.24596 6.24596
6.24596 6.24596
6.24596 6.24596
6.24596 6.24596
6.24596 6.24596
6.24596 6.24596
6.24596 6.24596
6.24596 6.24596
6.24596 6.24596
6.24596 6.24596
6.24596 6.24638
6.24596 6.24596
6.24596 6.24596
6.24596 6.24596
6.24596 6.24596
6.24596 6.24596
6.24596 6.24596
6.24596 6.24596
6.24596 6.24596
6.24596 6.24596
6.24596 6.24596
6.24596 6.24712
6.24596 6.24596
6.24596 6.24596
6.24596 6.24596
6.24596 6.24596
6.24596 6.24596
6.24596 6.24596
6.24596 6.24596
6.24596 6.24791
6.24596 6.24596
6.24596 6.24596
6.24596 6.24596
6.24596 6.24596
6.24596 6.24596
6.24596 6.24596
6.24596 6.24596
6.24596 6.24596
6.24596 6.24596
6.24596 6.24596
6.24596 6.24596
6.24596 6.24917
6.24596 6.25097
6.24596 6.24596
6.24596 6.24596
6.24596 6.24596
6.24596 6.24596
6.24596 6.24596
6.24596 6.24596
6.24596 6.24596
6.24596 6.24596
6.24596 6.24596
6.24596 6.24596
6.24596 6.24596
6.24596 6.24596
6.24596 6.24596
6.24596 6.24596
6.24596 6.24596
6.24596 6.24596
6.24596 6.24596
6.24596 6.24596
6.24596 6.24596
6.24596 6.24596
6.24596 6.24596
6.24596 6.24596
6.24596 6.24596
6.24596 6.24596
6.24596 6.24602
6.24596 6.26624
6.24596 6.24755
6.24596 6.2463
6.24596 6.24596
6.24596 6.24596
6.24596 6.24596
6.24596 6.24678
6.24596 6.24596
6.24596 6.24617
6.24596 6.24596
6.24596 6.24596
6.24596 6.24596
6.24596 6.24596
6.24596 6.24596
6.24596 6.24596
6.24596 6.24596
6.24596 6.24596
6.24596 6.24596
6.24596 6.24596
6.24596 6.24596
6.24596 6.24596
6.24596 6.24596
6.24596 6.24596
6.24596 6.24596
6.24596 6.24596
6.24596 6.24596
6.24596 6.24596
6.24596 6.24596
6.24596 6.24596
6.24596 6.24596
6.24596 6.24596
6.24596 6.24596
6.24596 6.25037
6.24596 6.24596
6.24596 6.24596
6.24596 6.24596
6.24596 6.24596
6.24596 6.24596
6.24596 6.24596
6.24596 6.24677
6.24596 6.24596
6.24596 6.24596
6.24596 6.24596
6.24596 6.24596
6.24596 6.24596
6.24596 6.24596
6.24596 6.24596
6.24596 6.24596
6.24596 6.24596
6.24596 6.24596
6.24596 6.24596
6.24596 6.24596
6.24596 6.24596
6.24596 6.24596
6.24596 6.24596
6.24596 6.24596
6.24596 6.24596
6.24596 6.25624
6.24596 6.24596
6.24596 6.24596
6.24596 6.24596
6.24596 6.24596
6.24596 6.24596
6.24596 6.24596
6.24596 6.24596
6.24596 6.24596
6.24596 6.24596
6.24596 6.24596
6.24596 6.24596
6.24596 6.24596
6.24596 6.24596
6.24596 6.24596
6.24596 6.24596
6.24596 6.24893
6.24596 6.25534
6.24596 6.25745
6.24596 6.24596
6.24596 6.24596
6.24596 6.24596
6.24596 6.24596
6.24596 6.24596
6.24596 6.24596
6.24596 6.24596
6.24596 6.24596
6.24596 6.24596
6.24596 6.24596
6.24596 6.24596
6.24596 6.24596
6.24596 6.24596
6.24596 6.24596
6.24596 6.24596
6.24596 6.24596
6.24596 6.24596
6.24596 6.24596
6.24596 6.24596
6.24596 6.24596
6.24596 6.24596
6.24596 6.24596
6.24596 6.24596
6.24596 6.24596
6.24596 6.24596
6.24596 6.2463
6.24596 6.24596
6.24596 6.24596
6.24596 6.24904
6.24596 6.24596
6.24596 6.24596
6.24596 6.24596
6.24596 6.24596
6.24596 6.24706
6.24596 6.2482
6.24596 6.24596
6.24596 6.24596
6.24596 6.24596
6.24596 6.24596
6.24596 6.24596
6.24596 6.24596
6.24596 6.24596
6.24596 6.24596
6.24596 6.26919
6.24596 6.25223
6.24596 6.24754
6.24596 6.26481
6.24596 6.24596
6.24596 6.24596
6.24596 6.24596
6.24596 6.24596
6.24596 6.24598
6.24596 6.24596
6.24596 6.24596
6.24596 6.2485
6.24596 6.24596
6.24596 6.24596
6.24596 6.24596
6.24596 6.24596
6.24596 6.2657
6.24596 6.24596
6.24596 6.24596
6.24596 6.24596
6.24596 6.24596
6.24596 6.24596
6.24596 6.24596
6.24596 6.24596
6.24596 6.24596
6.24596 6.24596
6.24596 6.24596
6.24596 6.24596
6.24596 6.24596
6.24596 6.24596
6.24596 6.24596
6.24596 6.24596
6.24596 6.24596
6.24596 6.24596
6.24596 6.24596
6.24596 6.24596
6.24596 6.24596
6.24596 6.24596
6.24596 6.24621
6.24596 6.24596
6.24596 6.24596
6.24596 6.24596
6.24596 6.24596
6.24596 6.24596
6.24596 6.24596
6.24596 6.24596
6.24596 6.24596
6.24596 6.24596
6.24596 6.24596
6.24596 6.24596
6.24596 6.24596
6.24596 6.24596
6.24596 6.24596
6.24596 6.24596
6.24596 6.24596
6.24596 6.28976
6.24596 6.24596
6.24596 6.24776
6.24596 6.24987
6.24596 6.24596
6.24596 6.24596
6.24596 6.24596
6.24596 6.24596
6.24596 6.24596
6.24596 6.24596
6.24596 6.24596
6.24596 6.24625
6.24596 6.24596
6.24596 6.24596
6.24596 6.24596
6.24596 6.24596
6.24596 6.25076
6.24596 6.25723
6.24596 6.25162
6.24596 6.2463
6.24596 6.24786
6.24596 6.24596
6.24596 6.24676
6.24596 6.24596
6.24596 6.24596
6.24596 6.24596
6.24596 6.24596
6.24596 6.24596
6.24596 6.24596
6.24596 6.24596
6.24596 6.24596
6.24596 6.24596
6.24596 6.24596
6.24596 6.24596
6.24596 6.24596
6.24596 6.24596
6.24596 6.24596
6.24596 6.24596
6.24596 6.24596
6.24596 6.24596
6.24596 6.24596
6.24596 6.24596
6.24596 6.24596
6.24596 6.24596
6.24596 6.24596
6.24596 6.24596
6.24596 6.24596
6.24596 6.24596
6.24596 6.24596
6.24596 6.24596
6.24596 6.24596
6.24596 6.24596
6.24596 6.24596
6.24596 6.24596
6.24596 6.24596
6.24596 6.24596
6.24596 6.24596
6.24596 6.24596
6.24596 6.24596
6.24596 6.24596
6.24596 6.24596
6.24596 6.24596
6.24596 6.24596
6.24596 6.24596
6.24596 6.24596
6.24596 6.24596
6.24596 6.24596
6.24596 6.24596
6.24596 6.24596
6.24596 6.24596
6.24596 6.24596
6.24596 6.24596
6.24596 6.24596
6.24596 6.24596
6.24596 6.24596
6.24596 6.24596
6.24596 6.24596
6.24596 6.24596
6.24596 6.24596
6.24596 6.24596
6.24596 6.24922
6.24596 6.24596
6.24596 6.24596
6.24596 6.24596
6.24596 6.24596
6.24596 6.24596
6.24596 6.24596
6.24596 6.24596
6.24596 6.24596
6.24596 6.24596
6.24596 6.26734
6.24596 6.24676
6.24596 6.24596
6.24596 6.24596
6.24596 6.24596
6.24596 6.24596
6.24596 6.24596
6.24596 6.24596
6.24596 6.24596
6.24596 6.24596
6.24596 6.24621
6.24596 6.24626
6.24596 6.24596
6.24596 6.24596
6.24596 6.24596
6.24596 6.24596
6.24596 6.29951
6.24596 6.25278
6.24596 6.24596
6.24596 6.24596
6.24596 6.24596
6.24596 6.24596
6.24596 6.24596
6.24596 6.24596
6.24596 6.24596
6.24596 6.24596
6.24596 6.24596
6.24596 6.24596
6.24596 6.24596
6.24596 6.24596
6.24596 6.24596
6.24596 6.24596
6.24596 6.24596
6.24596 6.24596
6.24596 6.24596
6.24596 6.24596
6.24596 6.24596
6.24596 6.2517
6.24596 6.24765
6.24596 6.25044
6.24596 6.24682
6.24596 6.24853
6.24596 6.24854
6.24596 6.25961
6.24596 6.25346
6.24596 6.25742
6.24596 6.24596
6.24596 6.26806
6.24596 6.24596
6.24596 6.24596
6.24596 6.24596
6.24596 6.24596
6.24596 6.24596
6.24596 6.24596
6.24596 6.24596
6.24596 6.24596
6.24596 6.24596
6.24596 6.24596
6.24596 6.25082
6.24596 6.24596
6.24596 6.24596
6.24596 6.246
6.24596 6.24596
6.24596 6.2769
6.24596 6.27721
6.24596 6.24598
6.24596 6.24596
6.24596 6.24596
6.24596 6.24596
6.24596 6.24596
6.24596 6.25021
6.24596 6.24596
6.24596 6.24811
6.24596 6.24617
6.24596 6.24596
6.24596 6.24596
6.24596 6.24596
6.24596 6.24596
6.24596 6.24596
6.24596 6.24596
6.24596 6.24596
6.24596 6.24596
6.24596 6.24722
6.24596 6.24596
6.24596 6.24596
6.24596 6.24596
6.24596 6.24596
6.24596 6.24596
6.24596 6.25131
6.24596 6.24596
6.24596 6.24596
6.24596 6.24596
6.24596 6.24596
6.24596 6.24596
6.24596 6.24858
6.24596 6.24596
6.24596 6.24596
6.24596 6.24596
6.24596 6.24596
6.24596 6.24596
6.24596 6.24596
6.24596 6.24596
6.24596 6.24596
6.24596 6.24596
6.24596 6.24596
6.24596 6.24737
6.24596 6.24596
6.24596 6.24596
6.24596 6.24596
6.24596 6.24596
6.24596 6.24596
6.24596 6.24596
6.24596 6.24596
6.24596 6.24596
6.24596 6.24596
6.24596 6.24596
6.24596 6.24596
6.24596 6.24596
6.24596 6.24596
6.24596 6.24596
6.24596 6.24596
6.24596 6.24596
6.24596 6.24646
6.24596 6.24596
6.24596 6.24596
6.24596 6.24596
6.24596 6.24596
6.24596 6.24596
6.24596 6.24596
6.24596 6.24596
6.24596 6.24596
6.24596 6.24596
6.24596 6.24596
6.24596 6.24596
6.24596 6.24596
6.24596 6.24596
6.24596 6.24596
6.24596 6.24596
6.24596 6.24596
6.24596 6.24596
6.24596 6.24596
6.24596 6.24596
6.24596 6.24596
6.24596 6.24596
6.24596 6.24596
6.24596 6.24596
6.24596 6.24596
6.24596 6.24596
6.24596 6.24596
6.24596 6.24596
6.24596 6.24693
6.24596 6.24596
6.24596 6.24596
6.24596 6.24596
6.24596 6.24596
6.24596 6.24596
6.24596 6.24596
6.24596 6.24596
6.24596 6.24596
6.24596 6.25084
6.24596 6.24596
6.24596 6.24596
6.24596 6.24596
6.24596 6.24596
6.24596 6.24596
6.24596 6.24596
6.24596 6.24596
6.24596 6.24596
6.24596 6.24596
6.24596 6.24596
6.24596 6.24596
6.24596 6.24991
6.24596 6.24938
6.24596 6.24596
6.24596 6.24596
6.24596 6.24596
6.24596 6.24596
6.24596 6.24596
6.24596 6.24596
6.24596 6.24596
6.24596 6.24596
6.24596 6.24596
6.24596 6.24596
6.24596 6.28293
6.24596 6.24657
6.24596 6.24596
6.24596 6.24596
6.24596 6.24596
6.24596 6.24821
6.24596 6.24596
6.24596 6.24596
6.24596 6.24596
6.24596 6.24596
6.24596 6.24596
6.24596 6.24596
6.24596 6.24596
6.24596 6.24596
6.24596 6.24596
6.24596 6.24596
6.24596 6.24596
6.24596 6.24596
6.24596 6.24596
6.24596 6.24596
6.24596 6.24596
6.24596 6.24596
6.24596 6.24596
6.24596 6.24596
6.24596 6.24596
6.24596 6.24596
6.24596 6.24596
6.24596 6.24596
6.24596 6.24596
6.24596 6.24596
6.24596 6.24596
6.24596 6.24596
6.24596 6.24621
6.24596 6.24596
6.24596 6.24596
6.24596 6.24596
6.24596 6.24596
6.24596 6.24596
6.24596 6.24596
6.24596 6.24596
6.24596 6.24596
6.24596 6.24596
6.24596 6.24596
6.24596 6.24596
6.24596 6.24596
6.24596 6.24596
6.24596 6.24596
6.24596 6.24596
6.24596 6.24596
6.24596 6.24596
6.24596 6.24596
6.24596 6.24596
6.24596 6.24596
6.24596 6.24596
6.24596 6.24732
6.24596 6.24808
6.24596 6.24965
6.24596 6.24596
6.24596 6.24596
6.24596 6.24596
6.24596 6.24596
6.24596 6.24596
6.24596 6.24596
6.24596 6.24596
6.24596 6.24596
6.24596 6.24596
6.24596 6.24596
6.24596 6.24681
6.24596 6.24642
6.24596 6.25827
6.24596 6.25481
6.24596 6.24596
6.24596 6.24596
6.24596 6.24596
6.24596 6.24596
6.24596 6.24596
6.24596 6.24596
6.24596 6.24596
6.24596 6.24968
6.24596 6.24596
6.24596 6.24596
6.24596 6.24596
6.24596 6.24596
6.24596 6.24596
6.24596 6.24596
6.24596 6.24596
6.24596 6.24596
6.24596 6.26466
6.24596 6.24596
6.24596 6.24596
6.24596 6.24596
6.24596 6.24596
6.24596 6.24596
6.24596 6.24596
6.24596 6.24596
6.24596 6.24596
6.24596 6.24596
6.24596 6.24596
6.24596 6.24596
6.24596 6.24596
6.24596 6.24596
6.24596 6.24596
6.24596 6.24596
6.24596 6.24596
6.24596 6.24596
6.24596 6.24596
6.24596 6.24596
6.24596 6.24596
6.24596 6.24596
6.24596 6.24596
6.24596 6.24596
6.24596 6.24617
6.24596 6.246
6.24596 6.24663
6.24596 6.24668
6.24596 6.24596
6.24596 6.24596
6.24596 6.24596
6.24596 6.24596
6.24596 6.24596
6.24596 6.24596
6.24596 6.24596
6.24596 6.24596
6.24596 6.25506
6.24596 6.25844
6.24596 6.26145
6.24596 6.24596
6.24596 6.24596
6.24596 6.24602
6.24596 6.2602
6.24596 6.24596
6.24596 6.24596
6.24596 6.24596
6.24596 6.24596
6.24596 6.24596
6.24596 6.24596
6.24596 6.24596
6.24596 6.24596
6.24596 6.24596
6.24596 6.24596
6.24596 6.24596
6.24596 6.24596
6.24596 6.24596
6.24596 6.24596
6.24596 6.24596
6.24596 6.24596
6.24596 6.24596
6.24596 6.24596
6.24596 6.24596
6.24596 6.24596
6.24596 6.2463
6.24596 6.24596
6.24596 6.24596
6.24596 6.24596
6.24596 6.24596
6.24596 6.24596
6.24596 6.24923
6.24596 6.24602
6.24596 6.25077
6.24596 6.24596
6.24596 6.24596
6.24596 6.24596
6.24596 6.24596
6.24596 6.24596
6.24596 6.24596
6.24596 6.24596
6.24596 6.24596
6.24596 6.24596
6.24596 6.24596
6.24596 6.24596
6.24596 6.24596
6.24596 6.24596
