3.003 0
3.01208 0.00907252
3.06962 0.0577839
3.03751 0.0519675
3.08147 0.0596086
3.0684 0.0503968
3.08647 0.0462678
3.07268 0.0423738
3.0897 0.041061
3.12319 0.0497071
3.14433 0.0496826
3.15824 0.0474392
3.15873 0.0436404
3.16884 0.04165
3.16335 0.0391614
3.15794 0.0370282
3.15543 0.0348725
3.15594 0.032882
3.15535 0.0311089
3.15383 0.0295515
3.14622 0.0291211
3.14137 0.0281863
3.13734 0.0272321
3.13724 0.026073
3.13407 0.0252078
3.13187 0.0243185
3.12777 0.0237571
3.13433 0.0238123
3.13784 0.0232438
3.13395 0.02279
3.13725 0.0222882
3.13873 0.0216314
3.14704 0.0225526
3.14361 0.022147
3.14144 0.0216146
3.14125 0.0210064
3.14555 0.0208783
3.14501 0.0203286
3.14254 0.0199537
3.14162 0.0194704
3.14367 0.0191002
3.14393 0.0186417
3.14349 0.0182084
3.14352 0.0177897
3.14332 0.017391
3.14067 0.0172149
3.13911 0.0169164
3.13723 0.0166668
3.14012 0.0165765
3.14289 0.0164763
3.14411 0.0161961
3.14071 0.0162412
3.14585 0.0167395
3.14474 0.0164634
3.14403 0.016177
3.14233 0.0159763
3.14688 0.0163382
3.14535 0.0161269
3.14653 0.0158956
3.1465 0.0156285
3.144 0.0155721
3.1467 0.0155546
3.14747 0.0153248
3.14902 0.015163
3.14719 0.0150392
3.14968 0.0150168
3.15343 0.0152605
3.1507 0.0152814
3.14908 0.0151443
3.14916 0.0149266
3.14924 0.0147151
3.1481 0.0145536
3.14792 0.014354
3.14735 0.0141703
3.14543 0.0141119
3.14648 0.0139651
3.1492 0.0140478
3.14876 0.0138734
3.14859 0.0136978
3.14677 0.0136473
3.14614 0.0134924
3.14429 0.0134553
3.14248 0.013415
3.1431 0.013269
3.1421 0.01315
3.14295 0.0130242
3.14527 0.0130803
3.14438 0.012961
3.1445 0.0128151
3.14495 0.0126798
3.14196 0.0128894
3.14369 0.0128642
3.14338 0.0127288
3.14227 0.0126411
3.14417 0.01265
3.14407 0.0125179
3.14449 0.0123952
3.14323 0.0123325
3.14619 0.0125614
3.14784 0.0125442
