1.0203
-0.704305
0.59263
0.24702
0.0837843
-1.04175
0.544726
13.3758
12.708
-3.87131
0.397905
-0.434705
-1.2747
-1.20579
1.12111
1.83136
0.179622
-0.325725
-0.164217
3.61409
-2.80274
-0.370534
2.32863
-0.963983
0.208904
0.428573
-9.62201
-4.11266
3.44937
0.22864
-0.0419227
1.687
0.436975
-2.85792
15.0769
-1.1398
-2.37667
-21.2956
-3.4705
0.20929
-0.0700145
1.05615
0.21144
-22.8505
0.348323
8.04476
4.16377
-0.790714
0.803138
-1.10148
-0.178487
2.1514
1.45741
1.26417
0.00455788
-0.234469
7.34953
1.19001
-0.600859
-0.268979
4.92876
-0.314207
3.56797
5.01043
-4.77639
-4.31506
1.56386
-0.400075
2.12233
17.7357
1.98417
-35.0366
1.03444
-0.051371
-0.0853404
-0.941509
-0.917735
0.0660176
-12.2156
1.18794
2.38675
-0.865973
-0.0571613
-5.29214
0.564701
-1.41036
1.18817
-0.954796
-0.0194104
0.531553
0.852984
14.5917
1.61879
-13.2094
3.67567
-0.448727
-0.250335
2.38091
0.124819
3.2342
0.631161
4.99918
-0.991909
-4.8384
3.0174
1.9017
-0.528681
0.522476
-2.22497
-5.27905
3.46911
-0.269576
-2.3963
-0.287419
-1.25559
0.685398
-5.14664
0.652209
-0.579972
0.434947
1.46345
0.615389
0.48414
-0.219438
-0.151039
-0.991345
1.98579
-4.11995
-2.74544
0.219228
-2.48753
-4.30634
-14.4223
-0.0458165
5.79935
0.436148
-0.453489
-0.625928
0.359497
-0.21582
0.154023
0.987768
0.372102
1.15869
-0.0800749
-0.702374
1.2162
-1.11222
8.71875
0.566105
2.82534
-0.552256
-1.00049
-0.332208
1.04996
3.25452
0.243528
-3.04317
-0.798337
-16.7672
2.43683
3.31781
-1.50356
-2.85968
3.00473
0.71458
1.46122
-0.603701
-0.255638
3.70861
1.08421
2.66619
-0.726207
-0.761209
-0.115598
-8.2728
0.367459
3.57569
1.2506
0.584536
-1.55364
1.94532
-0.786228
2.44941
-1.50236
0.109769
18.8478
-2.52835
-0.0948384
0.912138
0.380919
0.411746
1.54625
-0.48424
0.660105
-0.733966
-3.29537
0.371849
2.05159
0.951502
-4.44947
1.19846
-0.168474
0.0125965
0.327257
0.186853
29.0403
-3.47135
5.54259
-0.919639
-0.171474
0.946087
-0.913724
0.172259
-8.16306
-0.364664
-0.644995
-0.215634
-0.345067
1.42766
5.36634
-26.7727
-49.3515
0.72423
-1.77818
2.18366
-0.900199
0.517185
-0.00430855
0.317103
-1.2349
-0.534079
-0.0580706
1.37981
7.58573
3.79424
3.12719
-0.759955
0.422687
-0.0742993
1.96998
-0.161646
4.53241
-1.00704
-126.116
-0.488163
-0.0790543
1.31711
8.04092
-11.0884
-4.37547
-0.289426
0.776447
0.44684
0.409246
0.973229
1.21283
-0.576455
-0.618204
-4.2047
0.132166
0.150585
-1.67713
-5.77327
3.03788
-1.52958
-1.53437
0.422421
0.259405
6.6274
-1.08333
-0.641196
-1.35816
1.97673
2.31327
-0.419048
0.178336
-3.25786
-0.245142
-5.13839
-0.540529
-0.786363
2.47612
-3.11925
-1.88754
3.14162
-1.6067
0.663978
-0.226299
1.87269
0.849744
-3.06866
1.0085
6.3453
-1.11771
-0.0330551
-5.95954
48.383
9.66328
0.0536822
-0.00157677
0.430912
-0.260255
-2.6611
-3.04804
0.274633
-6.54013
-5.9121
-1.4382
-1.05387
-0.167671
0.558209
2.43492
-2.71826
-1.75813
-8.35276
-0.230409
-4.57628
1.10771
-27.2586
1.04345
0.250369
-1.23904
-1.85432
-0.22991
1.32343
-0.783425
2.11813
-5.17414
0.613388
3.24017
-1.75583
-0.244494
-3.70124
0.456689
-0.100999
2.4626
-1.58989
-0.843907
-0.357146
0.505168
0.335661
0.458236
-1.63779
-0.213178
0.876242
-0.297628
11.9675
4.79664
-0.765461
-10.6454
-0.577192
-8.48407
-0.0307517
0.0489069
-0.43017
-0.198996
-0.592171
1.36112
0.122688
1.54747
0.198471
0.228746
4.82238
-0.660136
2.35445
-2.03325
0.866461
-0.625616
-0.096279
-0.170802
-2.97725
-3.10161
-0.372444
7.84264
-5.25359
0.34843
0.176232
1.16295
-3.27787
-1.53887
-1.42992
0.332295
-0.477364
0.514648
0.699249
-4.2811
3.27062
-2.56026
0.654527
-7.67018
-0.750546
2.53769
-0.505115
-1.60902
2.188
-0.050025
0.256411
0.864536
0.120053
-1.76858
0.913398
1.04369
-34.346
1.03516
0.373712
-1.79666
0.326764
9.49451
0.124579
0.375455
-1.50844
-391.737
-17.4963
2.36214
-0.868845
-0.690052
0.258018
0.064001
1.96984
-0.680871
-0.609645
-0.249097
-1.52315
1.9219
0.173406
0.507406
-0.583925
0.402556
-1.86419
-1.18542
-0.675593
1.2612
-6.3661
-2.28565
0.180717
-4.31239
2.70058
-1.17212
-178.91
-0.691466
13.5929
2.8114
-4.11614
-2.67813
-0.367059
-6.2922
0.127882
-35.0278
0.541178
1.34483
0.464233
-0.0240459
-0.400861
1.70845
-2.69017
-1.18588
4.76981
-1.93961
0.0886067
0.649685
-0.504268
2.53048
0.334411
-1.46202
2.11263
1.42052
-0.364956
0.244095
0.0182139
-0.399706
0.5421
2.73859
1.42205
0.100474
-0.46667
-3.08324
0.594061
0.10489
-2.52593
1.04994
-2.42446
6.80938
-45.5772
-6.19907
1.32015
-5.4178
-5.59882
1.22575
3.2993
-13.0471
0.727236
0.511321
-1.00768
-0.0152314
-0.28266
-1.40846
1.33723
-3.21994
5.92035
-0.692315
4.87177
0.584536
0.26847
0.575024
-0.414898
0.791099
-0.213165
0.747291
5.09863
0.267327
-3.53191
-62.7659
-1.78691
0.480112
-0.00407948
0.512567
-0.447275
-0.939327
6.13048
-0.250856
4.25941
-1.79328
-1.42395
-1.87429
3.41171
-0.445629
-0.361097
2.70279
0.760336
-0.482145
-2.58268
2.58426
0.427754
-4.2751
-57.6416
0.05448
0.710195
-4.16405
1.26322
0.0762918
0.105985
-0.712481
0.645101
1.8517
8.04011
-0.838718
-0.00327343
0.898178
0.351439
-0.0421858
-1.10125
0.0205265
1.96571
1.5215
-0.782547
14.0057
-2.82571
-6.18727
7.88698
-0.735004
3.87973
-2.93582
3.63641
-1.65239
-1.41436
-1.52194
-2.43685
-0.135842
-1.76774
2.22218
0.392911
-5.22399
-1.09936
3.9457
1.05814
4.77931
-0.112776
2.60144
1.51244
-2.39057
-0.0998238
-0.952431
-3.67558
0.758993
-0.888313
1.62393
1.42881
-0.339229
-1.59033
4.09166
-0.46922
-0.526692
0.859237
-0.598619
-1.37238
0.328247
4.47909
-0.196546
-9.60556
1.90751
1.02622
-25.5189
0.815735
-2.22066
-12.8766
-0.400072
0.54873
-1.42864
1.96409
0.379172
1.27136
1.17686
3.51731
-1.40907
-0.86623
-0.602076
1.6217
-0.803128
0.0811004
-0.240677
6.86381
0.138869
0.300944
153.167
-3.17519
17.1114
-0.163066
-6.31588
0.639525
2.90751
1.45126
0.302138
0.751989
-2.3443
0.464721
0.625863
-0.132509
-1.17704
-0.00897531
-1.3547
0.874895
10.2164
7.47724
0.293153
-0.547871
0.809277
0.839029
-2.28048
-0.00633443
0.45863
-0.390495
3.18173
1.50407
1.63309
-0.776158
0.676889
0.412833
0.505829
0.136687
-0.333643
-3.76695
0.268943
1.03529
-0.522523
0.587383
-0.185034
-1.67609
2.55732
0.448292
1.45185
1.99221
-0.453132
-4.24529
0.550273
-1.00536
-0.302344
2.37143
1.1004
0.783549
0.519821
2.50441
-1.45886
-0.178601
-0.135333
1.66532
-32.9756
-0.022606
13.6208
0.665305
-0.333719
0.393248
0.552565
-2.31007
-0.33367
1.6747
0.635359
-0.544709
0.552098
-3.21709
0.811198
1.11994
1.26498
2.64529
1.52655
2.43404
-1.46719
0.776272
-4.73967
-0.0836249
0.395222
0.981424
-155.101
-0.303937
-3.92093
0.711282
-0.591211
-33.4597
-0.163607
-0.519538
-0.202486
1.85836
1.39843
5.26238
1.07233
-2.76154
0.126416
-1.3309
-0.879249
0.216351
1.09146
-1.15819
1.63687
-0.452949
4.50605
2.18178
-5.07133
0.0843899
-3.44126
1.23792
0.389563
4.59501
0.938305
-3.14598
-1.72179
0.282045
0.457961
0.333269
-4.0604
0.548935
-1.52517
0.783112
1.43049
-0.150627
-1.85599
1.53451
3.29422
2.63013
0.0979653
-10.5025
-4.70179
4.36165
0.848972
0.972431
1.13799
57.5612
-1.12476
-3.08841
-0.431485
4.21119
1.82924
-2.51655
0.439639
0.706994
0.605884
97.7798
1.40695
-1.39441
-1.26192
-0.149384
-2.34409
1.59319
-0.535142
0.617871
-0.451339
0.0719396
2.14711
0.191143
0.28361
0.0542321
1.10045
-0.618615
-0.150356
1.33242
-1.84647
1.63065
0.552365
0.59301
-0.622245
-0.690965
2.8948
-0.653484
-0.0663665
4.41495
0.429125
0.175213
-17.6855
0.00780216
0.043091
-0.153791
-0.269175
0.0406255
-1.20051
1.71189
-0.61339
-109.374
0.197395
1.22735
23.4988
-0.0508312
-1.38565
-0.907201
0.41474
-6.26905
-0.326461
2.31057
3.38779
0.124186
-2.1604
1.64557
-1.38354
-0.439421
0.143396
1.88181
2.47039
2.26036
0.448663
-1.61985
-0.201681
-10.9493
0.424133
-1.96257
1.21177
6.52358
0.702842
12.926
1.39162
-0.0846284
2.50808
15.769
-12.4353
4.64201
-0.907685
3.50341
-1.96341
-0.488485
0.374649
-1.40597
0.177006
-4.72963
0.907856
2.97724
-1.05583
0.0426788
0.350471
2.00913
0.76942
-0.091736
1.83301
-0.0368058
0.872497
0.115853
-0.10602
1.47816
2.28515
0.196439
0.542644
-1.05013
0.0732283
-1.92395
5.5013
-0.286262
1.55915
-0.476887
-0.740009
-0.153275
-0.951762
8.54048
0.613539
0.511772
2.06804
-1.61979
0.310546
0.000589333
0.148645
4.01043
-3.44759
2.77483
-3.64748
-2.49661
-0.339246
4.09512
6.74397
-0.364453
-2.99762
1.11678
1.40681
-0.882359
-16.7368
-1.53937
4.03663
0.222299
2.38553
0.603067
0.546499
-0.210564
-0.964043
-2.21514
0.0750281
0.935239
-1.75096
3.20061
-2.61489
-31.0375
0.225467
-1.20815
0.209013
0.880151
1.6518
-0.148667
2.56638
0.171268
-0.729557
0.019301
0.3672
2.32987
0.366979
-0.993247
-1.16855
-0.209312
-0.379435
2.33105
0.0914722
1.44784
2.55541
0.470917
0.26341
-1.34406
0.46528
2.03367
0.0368298
-0.255363
1.31152
2.26868
-0.0394167
-1.96029
0.588296
36.8489
-8.2957
-0.148264
-0.657064
-0.135691
0.919413
3.2344
-0.242448
1.3096
2.56163
-0.410489
1.55148
-0.178333
0.655687
4.66849
1.66412
7.64824
-1.52894
0.035101
-3.11152
0.612373
1.65933
-0.855619
-1.56674
2.75017
0.554581
0.00709083
0.0224658
0.373901
-1.3724
11.9744
2.73945
-3.60356
-1.05471
1.68238
-0.742035
-0.229949
0.894697
-0.755531
0.51417
0.574189
3.17927
-0.989063
0.0817525
0.0399163
-0.126353
-8.1185
0.0640223
1.86485
-4.79118
1.4406
0.557784
-5.50309
-0.0381447
-6.63535
-1.63689
99.085
0.877668
-0.742252
0.347431
1.10987
0.839161
-0.724111
-0.312304
0.735624
0.117236
-4.65436
-3.72536
-0.242551
1.03784
6.82974
-2.50499
16.6369
-2.38349
-0.664495
-0.975549
0.388083
1.44311
-3.52666
-1.10806
4.44541
0.0322248
-2.16866
-11.6882
0.489127
-0.577066
20.859
-0.307495
2.15014
1.26291
-1.95068
1.76233
-0.40676
1.89911
-0.594883
-2.36818
-1.95195
-1.17029
0.0485991
0.400952
0.651229
0.124601
2.74114
0.340634
-5.36046
0.771835
-16.2746
-0.156031
3.01321
0.465325
4.53145
0.758988
56.9649
0.503894
-28.8165
0.112304
1.05773
1.53606
3.83726
0.745838
2.73503
1.12825
1.68631
-0.065636
-0.873124
0.767564
2.11287
0.455473
0.51212
0.737171
0.946181
-0.725042
205.384
-0.396323
-3.87472
32.3443
-8.92483
10.3529
-0.664418
-1.29199
-0.215045
0.440907
-1.58884
2.53981
0.527058
1.79498
0.561496
-1.23527
-0.742309
-0.962364
-0.324452
-2.52103
-0.494683
0.263531
-4.88232
-0.179328
2.44867
0.943121
1.42981
-0.110951
0.818161
4.18674
-12.008
0.0125008
1.52075
0.121777
-1.14311
2.70793
-5.10535
2.874
-2.38997
-0.084659
-1.57491
1.12538
-1.09576
-189.066
4.7513
3.25586
0.44314
1.7476
-4.46102
-1.34112
-3.7665
0.762654
3.21628
1.07662
-0.920411
-0.573879
0.0656475
0.13991
-403.372
1.1108
-1.78201
-1.58543
-0.848497
3.16704
-5.14366
-0.631988
-9.70112
-0.515693
-0.501505
0.723531
0.147005
0.87864
2.86977
-0.723408
-2.55013
0.29124
4.86341
-1.48424
-0.964554
-1.60379
-0.42702
23.9808
-1.97157
4.41521
-0.297348
0.681078
-0.369199
0.0721941
-1.26009
0.72465
-0.798398
-0.544069
0.642826
-1.99118
-0.547414
-0.0377236
0.731205
1.73749
-31.7185
0.759789
-3.46565
-0.146034
0.519113
-1.3561
-29.378
-1.97573
-4.298
-0.841708
0.362132
-0.355046
-4.70544
0.28388
1.10153
-0.220381
1.18791
0.638454
-1.82224
-0.450947
33.9684
-1.30166
3.05134
0.011657
2.78405
-10.4154
-5.3345
-0.753571
1.02138
-0.508857
-22.8524
-0.23266
2.06705
0.10421
-1.60311
0.964173
-37.9026
0.0993074
0.0804895
0.891622
9.24387
0.0270997
0.446585
-1.11099
-2.54192
0.92026
-2.85485
1.10706
0.470273
4.44645
-0.211776
0.845374
-0.248244
-0.0983518
-1.47718
0.459502
-2.9553
-0.0640569
8.40725
0.12346
2.55644
-1.40426
0.33271
1.4703
-0.533358
0.763911
1.91782
-0.306654
1.64091
5.98195
1.68127
-1.21314
-0.0600663
-2.63459
-0.409636
3.49169
-1.21399
0.460287
1.27988
0.766528
-0.156129
10.5844
-0.359632
0.0663072
-1.40632
-0.700398
0.22625
1.07016
-1.11556
-0.890705
-0.528972
-1.00724
-0.0316711
0.379022
-2.42761
1.93732
1.04586
0.364264
-2.713
-0.722237
1.27013
4.8541
0.106386
-1.18589
-3.28873
1.01802
18.9165
-0.460182
-4.39211
3.2089
-1.29037
0.837702
0.139477
-0.733651
-0.57306
1.11215
0.0707795
0.639373
-3.45646
-7.40171
1.92732
-0.301825
-0.165372
0.0857919
0.839981
-4.17622
1.03201
-7.08367
2.30528
-0.218005
-3.85079
-1.82097
0.11945
-0.342159
-0.885241
3.43205
1.81948
-1.33325
0.160623
-0.572587
-0.5514
-0.994227
-0.0756813
-0.112941
-0.0109297
-2.95184
-0.612617
0.778779
-611.219
0.150399
0.0408151
0.375111
-0.627678
-1.38501
-0.319441
1.47674
-0.0229425
0.606454
-0.426726
0.69717
-0.126419
0.287055
-2.71495
-0.104597
1.73269
-0.777809
-0.129879
0.156761
2.3127
0.181733
-0.305815
-0.965531
0.410536
-1.09693
-0.617136
-0.305793
1.25521
-0.411219
-2.20328
-0.373144
-0.0533424
2.26578
9.48334
7.12992
0.526971
-0.0769551
-0.212455
1.12185
-0.761465
0.417942
-0.102142
0.831092
-0.452781
-0.845546
1.70676
-0.297907
-0.463215
1.27227
-4.5489
-0.0305521
1.34208
-1.08439
-0.0440831
3.67665
-0.515576
-1.06508
-0.863376
0.442155
-0.0299598
0.43044
0.213184
0.776448
-3.15628
0.427787
-6.44463
-1.27118
0.284115
-1.46926
0.603091
0.0267579
-0.276753
-0.0206489
1.30639
-1.40298
-4.31486
-2.51646
32.4313
2.31965
-1.1897
3.06905
-0.56144
0.203384
1.64
3.89308
1.62393
5.89293
0.206048
0.728865
-87.6783
1.68148
-11.8261
-1.01042
-2.75211
-2.25416
-0.205427
1.92099
-0.247553
-0.193758
-29.3462
-0.372316
0.19108
-3.52967
0.263913
-1.87563
0.805982
0.119601
2.06477
7.01087
-1.5302
-0.00445093
-4.43014
0.330227
-0.0723402
3.94088
0.656749
-0.709339
-2.29413
-2.74395
0.588312
0.234534
7.8767
-0.195397
4.26578
-0.176506
9.65865
1.92082
3.18826
0.215731
2.56122
1.18357
0.507639
0.0951326
2.0652
-0.608235
-46.7727
0.0853987
-0.612591
-0.405509
-0.173758
0.807923
-0.263405
1.39639
4.32511
-0.139537
-0.478571
-0.747417
-0.585051
0.997565
-0.0643224
-0.344116
-8.98187
-6.77986
-1.54594
-94.3206
0.520741
1.74062
-0.293327
0.156588
-1.06919
1.9871
2.89781
0.174852
-6.06395
-1.29888
-0.969651
4.17799
1.89129
-29.1243
-1.06957
-2.41189
-1.10669
-0.148562
0.0734716
-0.628712
0.523956
0.839291
-1.78139
0.730364
-0.140294
1.30357
-3.24246
3.07586
0.183194
-0.0224392
-0.442965
0.665635
-0.145
0.442501
0.0119899
1.04046
-1.42977
1.06702
0.416703
-0.597914
2.0939
-1.38232
0.302456
2.89076
-3.93263
0.728341
-1.83618
-1.36352
-9.54466
-0.147426
-0.226844
1.89339
-3.66599
7.98506
-14.4534
0.162117
1.14218
0.0361707
-1.05028
0.163071
-2.70439
0.566306
-2.02277
11.9942
-0.939296
-0.108328
-1.56009
0.617749
-0.415128
-0.596214
-0.211711
1.80736
-0.470959
3.14207
0.590502
-0.847807
1.44667
-0.640118
-2.19562
6.67065
-0.476192
-0.0305348
-0.817801
0.662029
1.75084
-2.40711
0.408399
-1.22392
-3.26294
1.21923
-1.25094
0.322128
4.59699
-2.33772
0.328684
0.153114
0.370234
1.35051
0.541193
0.450893
-0.986256
0.102839
1.85136
3.49668
-0.50809
-2.09712
0.53734
-1.5321
6.35865
3.17581
0.242095
-1.02568
-0.9553
-1.54088
-0.258877
-46.366
1.06732
-1.88047
1.37474
-25.1321
-1.2494
-0.416759
-0.228435
4.4958
2.748
6.49606
30387.9
-0.480431
0.475209
12.7442
-1.30592
-5.57296
-0.56987
-1.02569
47.3096
-0.856201
-0.925765
-0.561918
-2.49484
-2.18386
-0.432202
-1.144
7.7631
0.963835
0.616378
-0.0702938
-1.42879
-1.3351
-3.42955
-6.02747
-3.3572
0.322469
0.157496
5.3802
0.377079
-1.52815
0.738022
0.37544
1.0712
1.91646
-4.45703
2.90441
-0.772404
284.003
0.0175569
-1.44052
0.227992
-0.648177
0.308006
-8.79945
0.477386
0.737911
-0.308812
14.8147
-0.735005
2.11931
-0.450315
-1.0572
0.511144
-0.516173
-1.21341
-0.152749
-0.777118
1.79773
0.303183
2.06502
-2.6567
0.606936
-6.21653
-1.56509
0.480754
-0.387719
-0.867283
-0.843143
-12.5383
-1.04357
0.0622273
2.81594
-1.29991
1.11677
0.438653
1.56231
-10.5038
-0.170441
1.52253
0.516028
-0.668691
-0.36425
-0.606287
13.8592
-6.39794
0.595413
-1.74288
0.674984
5.93015
-5.3111
-1.91068
4.26564
-0.85007
-2.85237
0.334078
0.736744
-1.79847
1.91905
-0.480163
0.218787
-15.5568
5.16461
0.602609
0.276936
-0.453142
-0.682632
-0.181002
0.216964
-1.90073
-1.54809
-2.00059
-1.24371
-0.570169
1.63486
1.32103
0.53071
-0.997637
-2.60515
0.692308
-0.491528
2.43639
1.07893
-0.421654
11.6053
6.41454
-2.48588
8.00314
2.19464
-1.09673
-0.251328
-0.728822
-0.148191
0.167803
1.41248
0.419615
-1.59845
0.641805
-2.499
-1.53502
-2.87925
-0.46856
0.0983035
0.0305675
0.00232194
5.75399
-0.495878
1.05131
0.550549
5.2832
5.48251
-3.27897
-0.537862
0.388276
1.0023
0.150021
-0.862493
-3.19061
0.374442
0.0583049
2.48597
-5.9206
0.129249
-2.89434
20.9605
-3.08847
2.45052
-0.311914
-2.06754
1.56761
-0.511139
0.612988
-1.36637
0.00328496
1.2042
1.06615
-0.562877
-0.608741
0.0682142
-11.0451
2.05185
0.80872
-0.413797
0.488954
-0.349366
2.70683
0.690426
0.860953
2.53351
-0.0752065
2.55466
-1.09735
0.379023
-1.65747
-9.6947
-13.6972
-0.565864
-1.20609
1.65637
0.138897
-0.172809
1.08573
0.0330637
-0.842506
4.86966
0.18866
-6.58714
-2.70342
-0.219499
-0.512331
0.306501
1.7594
1.11636
-16.8891
-0.629331
0.79217
-2.49489
95.0498
-2.71093
-2.90296
1.34761
-0.125785
0.202749
-0.639769
14.5517
1.85952
-0.206924
1.23276
-1.76584
1.30459
1.5642
-0.242718
-0.195519
0.364175
1.57996
-6.13331
-0.163824
2.5146
1.07831
-1.89333
31.8876
-0.367037
0.277413
9.78399
2.59442
3.73567
-2.23271
0.129072
0.14867
-0.970516
1.49718
-1.29629
-12.1049
4.66656
-0.348339
1.66481
0.0618627
0.171614
-0.020578
2.69343
0.30163
0.304884
4.35046
0.966245
1.09073
1.77663
-0.135621
-1.28064
-8.02852
83.5681
-0.234759
-0.834649
-3.85299
2.02024
10.8769
-0.146584
-4.66885
0.968873
-0.2117
0.64771
-2.8099
-0.535632
0.839951
2.10209
-0.0418042
-0.742584
0.978752
-1.5214
-0.718826
1.51721
1.7911
4.43592
1.53593
-1.01055
-2.63419
-1.61369
-1.07662
-11.4129
1.004
2.13347
0.484464
-4.73062
0.761356
0.0916347
0.927376
-0.122036
-4.09419
1.20868
-3.16145
0.297838
17.4733
-2.64295
-1.63039
0.591241
-1.5723
4.69289
1.31255
0.259106
-153.39
0.346655
77.9161
-1.91445
1.81263
8.35614
-0.675035
0.0156851
1.02976
-1.61126
0.909681
-3.00035
-0.710388
-12.809
0.594226
3.15743
1.51283
2.17295
1.47163
-1.20252
-1.8991
0.500497
-0.66049
0.473279
0.368664
-95.472
-7.01956
0.707396
0.483605
3.77015
3.23784
0.50567
0.739856
-0.184885
-1.14823
-0.510761
0.496855
2.90352
0.613609
2.66011
0.795484
8.68128
-5.64703
-193.871
-7.8944
9.70008
-1.26103
0.350223
-1.44433
1.60419
0.154933
-1.8952
-2.26848
-0.884708
-0.364572
-0.476833
-1.24321
-2.16175
-0.182457
-1.04147
1.65625
-1.06803
0.488104
0.0367533
0.0723306
-0.210679
-1.7817
2.77302
-0.319469
4.85134
-3.97049
0.609219
46.411
0.541685
1.34448
2.09867
-1.4958
1.34607
0.404745
1.47674
0.0554077
0.420321
5.4444
0.950949
-7.2761
-1.33431
-1.29514
0.129952
1.18715
-9.93866
0.00769202
1.18769
-0.85408
-0.335215
-3.89234
0.920307
-7.88229
2.68391
-0.583549
0.504606
0.451121
-4.28978
-0.584741
-0.928988
3.68363
0.290657
-1.34522
0.482951
-1.53271
-0.459995
-0.164428
0.0207987
36.3367
0.593102
1.26013
-3.41799
-2.14938
0.907342
2.60783
-1.30699
-0.0868373
0.649335
-1.00921
0.562588
-0.478834
2.37196
1.17001
8.85494
-0.674425
0.99944
0.74615
1.37607
1.8495
0.303747
0.229868
1.83298
2.39501
1.11147
-13.4114
-0.796932
0.0568333
-0.183428
1.00071
-0.0185952
6.07461
-0.180326
0.0122248
1.73123
0.612875
1.17145
2.0885
-0.523182
1.52166
-238.21
0.204053
-0.310993
0.738766
1.82372
3.31497
0.0656184
-0.980487
0.394706
122.943
6.47012
-1.07448
0.476006
0.215873
-0.145767
0.439636
0.0203042
-0.527286
-0.857079
-0.00747214
-1.27034
1.16009
-0.26747
1.08351
2.10966
0.7273
1.01583
-0.370379
-0.590152
-1.88386
0.0372817
2.12033
2.97745
0.52662
1.98769
-6.23517
0.532316
-0.98566
-2.16681
1.68652
0.505079
-1.10864
0.0211503
0.694697
1.49756
0.463027
-0.361178
-1.59467
-1.09466
-0.214033
0.885974
6.08469
-22.8183
44.3821
-0.302004
-4.96484
-227.064
-0.109951
-2.29078
0.454521
-0.0510814
0.876139
-0.856793
-0.122094
-8.59114
-259.763
-0.342566
0.147658
-2.08864
-8.01834
1.1183
-7.78186
-0.413818
0.108861
-0.960552
1.8792
1.3281
-1.46124
4.83304
-2.13648
-0.156121
0.160941
8.29575
1.83097
-0.309032
0.070511
-0.601752
-1.00859
-0.819454
-0.27186
1.67847
-1.07892
4.43698
4.73357
0.0695429
0.278462
-0.921311
1.47797
-2.40475
-0.138676
0.553765
0.578438
0.0213717
0.81683
-0.122719
-1.80658
-1.46138
-0.350432
-7.92202
2.49275
-0.0755774
0.95381
1.86781
1.23741
-0.0368637
1.97137
-0.00256439
2.91497
0.401374
-0.673131
-27.4423
-0.0642861
-3.53652
12.7513
-7.60427
-2.65729
0.365562
0.640496
0.609021
6.47656
14.918
-0.665522
11.6597
-0.773319
0.375039
-2.4166
-0.510449
1.3192
0.140519
0.243345
-0.0587377
-0.438387
6.40746
-0.564739
0.293846
1.89391
0.156835
1.86047
0.327296
-1.32472
1.03559
9.00077
-0.353897
-0.242345
-5.2282
1.22733
-0.0508836
-0.667545
-0.421491
-3.29369
-0.422151
-0.374748
2.00312
-0.00800931
2.7021
-0.842906
0.456911
-0.468578
1.72526
-5.61639
-5.05276
1.59712
-0.803615
0.90426
0.52773
-0.109365
1.45742
2.5684
-3.65158
-0.764766
-2.53502
0.421306
-0.87577
-4.19987
3.46519
-2.42112
-4.63606
0.383949
-0.482899
-3.52495
9.17562
0.158828
2.44554
-3.24357
0.737348
-1.05093
0.736425
0.0809789
0.43848
0.221111
0.106954
-0.823827
-0.0104843
0.262544
0.475799
-0.125741
-0.338057
-0.00493642
-1.71124
-0.907305
-1.4447
0.422059
1.22848
-0.802164
-0.211002
-0.342594
-1.8124
0.239708
0.267995
-66.4807
2.66337
-0.127149
0.268928
0.662486
-1.45692
-0.0210371
0.363854
-4.50577
-0.218578
0.532092
-0.0140129
6.94764
-0.699001
0.047666
-0.596458
-0.53848
0.328917
-4.63415
-56.0588
1.50407
0.636696
-0.388183
-4.9818
0.0267312
-2.31602
0.0257012
-0.0431144
0.364325
-4.70879
0.478707
5.47311
-0.876036
0.493748
8.65976
-18.8104
0.447853
0.166929
-0.567624
1.8059
0.542507
1.60968
-5.09697
-0.359619
0.314903
0.130222
1.15675
0.808848
1.59003
5.36808
-0.495629
-1.43666
0.108069
0.467853
-0.290283
-0.357366
-9.10165
-0.717274
-0.185172
0.00347478
0.652949
0.0943413
0.198081
1.19848
-0.175643
-0.595757
1.63604
-5.29799
0.558336
1.64047
-2.54496
1.91543
-2.14561
-1.76796
1.7753
-0.870607
-3.95818
-0.331579
0.0798402
0.58845
-0.571988
-4.02929
-1.00297
1.07987
1.64562
0.89929
-3.40059
-0.925657
2.48885
-2.62333
-11.6787
1.7687
0.0038482
-0.0485334
-1.59945
-1.49967
1.91992
-6.90619
-0.971639
1.14636
2.33549
0.238525
12.4325
-0.740138
1.5737
2.43472
0.195938
0.0750352
3.43566
5.13774
-0.209145
-0.15821
-0.497516
-27.8576
-0.74006
-1.7122
0.948676
-0.641943
-0.0196825
0.0637525
-0.506163
-0.22535
-0.502464
-1.45639
1.71491
-0.43692
3.8143
0.376983
-0.475341
-1.68164
1.98496
0.305108
5.69036
1.30438
-6.27673
-9.84921
-0.537562
3.09856
8.31233
0.665119
1.07822
-1.53802
-0.590116
-1.35206
-1.12313
-0.63469
0.941664
-0.201654
0.409285
2.07924
1.12955
0.33998
-0.329862
1.3324
-0.456604
-0.896837
0.282464
-29.0935
0.0707141
-0.0767698
-0.451178
0.84852
-2.23534
-0.668548
6.68637
-0.753511
-0.35893
-11.4506
-0.889133
2.34776
-0.216607
-0.752898
0.0169808
-4.03293
-0.225102
1.44158
-2.50106
-1.56227
-1.09821
-0.235225
-4.97668
0.0647563
3.05308
2.28148
0.0869696
-0.314323
6.96011
-13.3284
-0.374199
4.33234
0.00786987
-0.0171908
-0.384135
-0.76327
-1.56941
2.36456
-1.26566
1.22931
-0.718015
-0.617344
-3.42629
-3.96845
-0.233771
1.45994
-6.19632
-0.425085
1.33399
7.78512
-5.28984
-0.188312
-1.62136
-0.164782
-0.289112
6.73482
-0.207096
-0.412835
0.543008
-0.663752
-0.290978
0.135833
-0.254255
-8.12864
-0.504212
1.17924
-0.441265
-0.0283897
-0.355202
-6.2231
-1.3471
0.200281
-1.2348
4.66294
0.63287
-1.23595
0.825391
0.535974
93.3264
-0.252756
-7.85112
-0.0600314
-1.0496
0.809329
0.47212
-1.12146
1.84852
-1.33824
-1.1314
-1.73444
3.43728
13.8937
-1.16743
-0.0283798
0.452379
1.32257
-0.0275295
0.327812
0.70666
8.17675
-0.451842
11.0515
0.101916
4.87836
-7.05026
0.835473
-1.82262
4.38254
0.0882903
-0.436747
-3.94623
2.77441
-0.868847
1.98587
-0.0846388
0.1371
6.34077
-1.00774
18.0839
1.60364
-1.74256
-33.3633
-0.660962
-6.90953
-0.764848
-1.54292
-1.3636
0.794395
9.03677
6.00104
1.72779
3.48304
2.87791
-0.066122
8.33344
-1.02442
-16.3536
-0.8614
-1.288
-2.22414
0.0218942
1.58786
-0.225472
-0.402113
-0.82434
10.7657
1.31986
0.176257
1.95409
-0.387406
-3.96104
-2.68694
2.20981
0.403708
-0.128395
-0.0908331
-0.167673
-1.00338
-0.711453
-0.523896
2.28898
0.951907
0.624549
-1.45848
-4.15358
-0.465836
-0.0436822
0.325899
-9.19721
0.855985
1.37366
-1.96898
0.355111
0.238802
0.449384
7.79205
9.24687
-2.05347
-0.759251
0.773025
-0.725208
6.56239
0.896551
0.197963
-0.31704
-0.425462
-4.90926
2.87757
-0.351391
3.18466
-1.17589
0.459229
0.0911031
1.74392
0.27701
3.59151
0.13473
-0.248598
-0.115237
-1.04031
-0.0798912
0.254492
-0.509342
0.299221
1.46762
-0.632282
0.330004
0.434503
-28.4054
-0.727058
-3.11202
0.141884
2.94388
-3.53982
-1.51962
-0.255676
-50.9937
-0.146752
-0.065225
-0.640473
16.7593
1.46082
0.947833
0.781755
-0.264561
0.718675
-4.11413
0.34308
1.46916
-0.290957
1.4277
0.344389
0.117313
-0.0162441
-0.597562
-3.78234
0.753378
-0.241838
-1.14323
0.631229
1.34973
-0.23685
0.13871
-0.0470775
2.77126
-0.133952
-1.85999
-0.139572
1.0005
0.13288
-2.47001
-3.68269
2.30321
0.172033
1.59117
-4.28989
1.51816
2.17873
-1.27942
3.23756
0.911774
1.29814
-1.21997
-53.1694
-6.84742
-5.8013
-0.876288
0.847346
11.5043
0.233998
2.53209
8.64797
0.176839
-1.06876
0.0518143
-1.6167
1.87616
-0.527331
-1.04771
2.27613
-1.07749
4.02226
1.80583
-2.62201
0.122926
0.835144
0.407609
-1.23702
-1.30663
-4.72984
0.571243
1.33364
-2.96685
-0.385862
0.00328816
-11.4576
1.05635
0.0211802
-1.10792
-0.384919
0.705807
0.0710211
0.570836
-2.93392
1.1372
-3.93576
28.9026
2.24591
2.8619
-3.86011
2.12807
-0.444523
-0.811096
-3.18922
-1.42283
-0.092546
0.63961
0.197136
1.4242
0.51833
-0.194159
-2.16859
-0.112878
-0.402769
-0.626314
1.70973
2.92507
0.164365
-1.77115
-0.0403094
0.617157
1.00797
0.210067
6.00915
0.0682139
0.312919
1.52476
-12.0055
0.857077
1.60907
0.412043
1.56737
1.0362
-0.27747
0.241909
2.24611
0.720684
-1.67828
6.92247
-0.874767
-2.19369
-0.521102
0.285051
0.344899
-0.289285
-1.52624
-1.08691
5.80752
-0.0212135
-0.13387
1.14798
0.792643
1.1446
-1.39717
5.46176
-0.349603
-2.87378
1.65454
1.78932
-0.992059
-1.68964
1.27253
0.253234
0.621699
-5.12298
0.435936
-0.525781
2.87734
6.67193
-0.599608
-2.93815
2.23741
-0.283739
0.250222
0.342369
-9.13605
-1.52856
-11.7281
-4.8183
2.50751
0.722177
23.1005
3.07401
0.543368
-1.97149
-0.283397
1.23196
-0.605284
-0.0372003
-23.3836
2.61691
0.276881
0.0439384
-0.0767314
-0.44896
-1.25461
3.42195
-0.433048
-17.3648
0.905275
0.904563
0.165878
-0.145607
0.564971
0.618138
-1.37147
0.618775
-3.67057
-2.34801
-0.363064
-0.17613
-1.73276
0.960159
1.12447
5.64583
-1.37091
-4.73035
1.7599
-0.184046
-0.755494
0.488593
-5.77977
-0.914871
-0.612702
5.53633
-2.89241
-0.341552
-0.876491
0.326097
-0.163647
2.07032
-0.494015
-48.4356
0.529386
1.05431
-0.468556
0.973408
-0.588691
-0.541836
-0.725189
0.75859
-0.489518
0.322729
0.360144
-0.968584
0.0554464
-1.97757
-1.00627
-51.927
2.54926
-0.569894
-1.65277
1.11459
-0.764362
-1.7701
-0.991424
-4.82497
15.071
-1.13349
-1.88645
-0.612634
-6.60338
0.337596
-2.62563
2.13203
0.461228
-0.225744
0.802567
-7.74476
-0.186639
-0.517184
0.415853
0.507653
-3.99324
0.414878
-18.2318
2.64783
-0.382011
2.22601
-0.523879
0.780776
5.4948
-0.0926018
0.104681
-0.442189
-1.45102
-0.0227658
2.76458
0.0487054
-3.56161
0.16518
-1.55711
-0.180435
1.18824
-2.77522
-1.02225
-0.385897
10.8736
-2.41434
1.70959
0.830958
2.3622
-1.02886
0.488047
1.15813
1.2696
2.76104
1.31066
25.3968
13.1158
-0.708131
-1.0108
0.475876
-1.42957
1.94971
-3.33275
-1.47378
4.781
16.2738
21.2848
0.96708
1.1192
0.981401
0.200414
-0.657035
3.08498
7.69996
1.19832
-0.133069
-1.78394
0.766031
-7.4099
-2.47293
1.03902
0.874474
0.159065
-0.0576765
-0.566703
0.157424
-0.409584
-0.495399
-7.19554
1.18043
-0.0670146
2.22919
-1.61448
0.880489
-0.821845
4.35934
3.94902
0.0326643
-1.28298
19.0963
-0.345657
-2.87868
0.513565
0.671125
0.857484
-3.92911
10.5846
-0.0106113
0.378107
0.225198
-0.330424
0.0169003
-0.495342
0.816549
1.79098
5.9379
-0.809869
-1.47648
0.125614
-274.292
1.68073
-0.210879
2.16752
-0.394669
-1.64763
1.08879
3.06069
0.98987
-1.41305
0.718837
-3.10296
-0.365469
-2.94454
0.496896
0.0997089
0.469007
-1.77312
-0.492565
-1.38529
-3.22001
1.13697
-0.610263
1.01575
-3.04458
1.46383
-1.54472
0.863275
10.6263
0.0730226
0.225071
0.0916932
-17.3143
-4.18465
-0.0178071
-9.37579
2.09245
-0.399402
52.0451
2.67032
0.372602
1.20679
0.788734
-1.35575
-0.438039
0.228877
0.144358
10.4092
-4.37203
-0.178388
-1.21112
-0.562851
0.42351
0.145951
2.25681
-0.150685
-0.108584
-0.651564
0.769261
-0.694308
0.0682893
-0.173621
0.00765357
-5.13164
-0.118591
0.739124
8.48819
4.01988
1.66369
1.9614
0.853491
-1.57862
-0.270922
3.78156
-0.568044
-0.0736862
-3.48762
1.49676
-1.42338
0.75219
1.08333
-1034.84
-0.964453
0.311094
1.04755
-5.29431
1.34438
0.434189
-2.14297
0.71403
1.4196
-0.27742
8.11891
0.4646
1.69501
-1.66729
-0.666221
-1.8983
1.86782
-1.25161
-0.815244
-0.994103
-0.96272
0.673084
3.51563
-1.04323
-0.888305
2.95356
-1.87474
-9.53141
2.3467
-2.95239
12.0739
0.0551258
1.14061
2.05608
2.87524
0.470892
-1.24924
-3.21022
0.352313
-0.324572
6.90378
-1.13941
4.91004
-2.262
0.12129
3.65288
-0.063515
-0.342769
1.90469
1.30939
0.813466
-0.3705
-0.0484926
-0.482219
-0.1163
2.02884
0.631062
-0.770881
-0.0556349
0.0525704
-12.1987
-1.88818
0.351172
-2.08268
-0.405345
-0.112361
0.204006
-2.25208
2.66689
1.70125
0.233865
3.24238
-0.297538
0.351921
8.53467
-1.5868
11.1833
3.55608
2.23398
0.261865
0.260317
-1.98565
0.321903
0.0797429
-0.41471
-0.565227
0.261867
-0.708884
26.0581
-0.280081
-0.590108
0.150243
-1.51775
1.62162
4.13802
2.1284
0.189977
0.0509286
0.857745
-0.0328779
1.07862
-3.73883
0.071686
0.151219
0.818324
-2.29784
0.654162
0.22718
-1.64238
1.05923
-0.047285
-0.337911
-1.00198
1.19257
-0.928009
0.0183149
-0.750576
-0.96289
-0.835542
0.0155021
3.10432
-1.14823
0.114149
-0.409207
-0.0702068
1.03866
1.49417
-9.54249
-1.10203
0.352836
-757.043
0.501005
2.55148
-4.72001
0.355333
1.0535
-19.1072
2.69466
1.46274
0.00810081
-0.529391
-0.864033
0.441856
-7.42653
1.63451
0.14572
-1.09585
0.476736
-1.20244
0.315858
-1.21066
0.158946
0.646542
-0.210552
3.58619
-1.17884
1.1327
-0.59262
0.358954
-2.9057
-0.711395
-4.49433
1.86347
0.738414
0.424247
-0.953675
1.67345
0.772118
-9.7644
15.3632
0.878722
9.25455
-0.285405
0.340795
-2.68462
3.29159
0.8619
-9.36231
-144.102
-0.298364
1.43644
-1.72112
0.656104
-0.178708
0.59776
-1.3211
1.76712
-0.621735
-0.241512
-4.8779
-0.0427008
-0.0948834
-1.41076
0.603208
0.465531
-0.459665
-0.457939
-0.739137
0.039194
-0.38686
2.03965
1.0544
1.5744
0.673043
0.820425
-1.4632
0.0750157
2.50987
18.957
2.10515
-1.5355
3.85782
-0.622427
0.617259
-0.58985
0.992874
-8.7188
-1.69324
-217.167
-1.36923e+06
0.610506
-0.405297
-0.409232
0.000263036
-0.288297
1.51917
0.868421
0.73137
-0.247428
-0.0220835
-2.67039
-6.65299
-0.203402
1.22721
-0.275616
0.363015
1.78082
0.210627
0.276552
-0.507821
2.90958
11.7946
-1.85624
-1.38855
-0.117023
-0.281904
1.05811
-1.97655
1.18711
0.314769
-0.422045
1.34259
0.368433
0.698119
-0.106295
0.978036
-8.29155
-1.57361
-0.457924
-1.49039
-0.0675267
3.94051
-0.696504
-1.89194
1.78366
0.0108248
-0.11291
3.05557
-0.0402548
-15.1113
0.125252
2.06311
-1.58856
5.0488
-3.02007
-1.12181
-21.9991
-12.1002
2.84555
4.06143
9.474
1.72683
-0.717983
0.421444
1.37367
3.35523
-1.07176
-0.745905
-0.790265
2.50327
0.315977
-15.6285
-0.873317
-2.26159
-0.387243
0.482225
-1.23474
0.640638
2.40783
0.00634942
0.25953
-2.64822
0.284585
-0.326756
0.379685
-1.64152
-0.0830116
1.50232
-0.327077
-0.301588
-1.97043
-0.573186
-1.10774
5.85242
1.68846
16.3755
-0.0258543
-1.4346
-4.40894
-0.744702
67.0587
-5.21874
-3.22859
0.901968
0.773248
-0.124126
8.01938
0.551077
0.188615
0.0719278
0.0699041
-1.05477
-0.39443
-8.15977
-0.331934
-0.227198
-1.5736
-1.45889
3.53356
-1.57315
-3.84825
0.577042
-0.228128
4.73089
-0.0278753
0.350698
-1.68789
-1.8693
-0.0623549
-1.66474
-0.37692
0.483639
-2.20255
-99.2962
2.59307
-2.84818
-0.57919
4.34351
55.0021
0.723948
-1.96319
0.151969
6.38528
-0.166928
1.16947
1.69671
0.522675
-0.0461787
0.595766
1.28858
0.239908
-0.199301
1.7886
-1.16942
2.9258
1.18943
3.15948
-1.43523
-0.434383
0.130607
0.166403
-0.242335
-0.477205
1.74498
-0.659771
0.655994
-17.3173
-0.477948
-2.00851
1.04159
-3.5726
-2.00414
1.26584
-1.54277
0.982057
-2.36234
0.602652
-0.187869
0.575989
0.0323521
1.66116
-1.04127
3.15136
1.11662
3.25353
58.6344
0.235052
0.185722
-3.30756
-2.5307
-1.99009
4.24479
0.220492
-0.471585
-1.55435
18.7037
-0.937654
1.61668
-1.37295
0.396308
1.60232
-0.0651417
-2.74948
-1.01055
0.940951
-3.90342
0.320694
0.628965
0.0398476
0.518461
-7.69365
1.56941
5.38801
-0.14072
1.48875
-0.209896
19.2241
0.576526
0.959733
0.515244
0.342093
-0.340756
3.97088
2.14355
-1.85783
-0.206937
2.5344
-995.651
-0.692541
-0.322631
-0.724505
0.81601
-0.930265
0.522935
-2.26336
-0.056772
-0.163721
-1.79682
-11.5894
-2.18821
2.81951
1.92627
-0.350774
0.936486
8.08024
-3.3335
-0.621611
0.229438
-2.66808
-3.04242
-2.09186
-4.29477
0.281761
-0.290325
1123.87
-6.57863
-14.4051
0.850468
0.638172
5.13546
2.28009
0.533406
1.6599
-1.1679
0.104756
-1.64238
0.465411
-0.49287
8.10574
-0.339164
1.42318
8.59377
-0.687244
0.439728
-2.52254
3.45161
-3.71239
0.710137
0.363134
1.10378
-0.249637
1.54728
10.1609
-0.493355
0.931148
5.54134
10.0882
1.17758
2.42451
1.83337
5.23323
0.00209303
3.17747
0.200189
-0.628711
1.52951
-1.63997
-1.45844
-4.30844
0.33708
-2.4856
-0.76003
-6.46019
-0.410377
-11.7674
-0.703768
-1.0929
-1.00651
1.92701
1.12822
-0.0329618
-0.255118
0.86025
0.273157
0.714652
-0.592778
-0.0541074
-0.317927
-1.00927
-0.354065
16.9407
-1.27626
0.411403
0.778136
-0.417184
1.19334
0.620572
3.04063
2.08886
0.42177
0.593387
1.57481
-0.0188679
-2.26003
76.8745
-1.25574
-5.7236
-1.52225
-1.01399
0.259306
0.765729
1.7858
-0.611392
3.79647
-20.0749
-2.59156
0.683484
1.79742
-0.352772
-0.799118
1.74834
1.49104
-0.643609
0.727133
-0.526759
1.00943
0.731291
-4.61116
-0.339021
0.156892
-0.225449
-0.75277
0.340964
-0.0648131
-11.3512
3.63731
-0.136313
-0.535664
-1.06255
1.25603
-3.16969
4.58308
-2.75513
-0.0209419
-0.395536
0.204252
1.34367
2.25259
0.398537
-0.551919
1.96922
2.39594
-1.24573
-4.2679
-0.473873
0.275644
6.49806
9.38534
-1.37157
-1.26364
1.14509
0.844143
-0.681171
0.393755
-0.220705
-0.355378
-0.0913596
-8.08576
6.42175
0.334672
-0.0490857
1.86526
-1.93865
-0.0436439
-5.57561
-0.291421
0.268946
-0.614462
-0.727872
4.0214
0.693924
-0.183308
7.85819
-1.99018
-0.0899931
3.97447
-0.0940226
2.76781
0.58548
-15.0972
0.0744734
-0.370624
320.194
1.07476
-0.910813
8.17982
1.82996
0.192021
0.0611629
0.782987
0.0573766
-0.791561
-4.27229
-1.43224
-0.994618
-1.29717
-1.87094
-0.572561
0.915561
-0.508984
0.203347
-60.1296
0.623541
-0.508315
0.668264
4.49182
0.173474
-0.188876
4.03945
-5.59289
1.41267
-1.09901
-3.78163
-23.7138
-1.21504
-1.50229
0.139499
0.121159
0.819497
-0.117825
0.790522
-4.24974
-1.25112
-1.6944
-2.41019
0.0205314
1.47013
-2.28839
-1.56822
-5.26501
-2.13249
-0.774255
-0.401725
0.226221
0.945049
-1.21643
-0.952768
-0.963604
0.973728
0.824985
0.0833776
19.3613
127.967
-4.32547
-0.0976982
-3.1124
-0.0322208
1.25967
-0.381171
6.66725
0.00662487
0.912791
-4.4244
-4.97887
-0.808699
-4.70251
-1.86912
2.18331
12.4345
-0.732358
-3.06187
-0.438333
0.553374
-0.336613
-3.14509
-36.3826
-3.54956
-0.230121
1.2306
10.6882
-0.763965
0.189782
2.46784
-0.30412
-9.97082
1.37093
2.28854
-7.35875
0.665353
19.4653
2.53899
-0.649456
1.96075
-0.81886
-0.0929186
166.442
-34.4827
4.87779
1.08242
-1.43139
1.7237
-0.367329
0.393163
7.42869
-1.19497
-0.273684
-0.623522
5.86114
-0.323327
1.11317
-2.14712
0.163696
-1.15946
-1.21003
-1.17643
0.43054
-1.42244
-0.700118
-0.115322
4.09351
-0.563907
0.00335917
-1.15159
18.2201
0.364504
1.26588
1.12596
2.74121
-1.00555
0.0534561
-0.259942
0.195687
0.636979
17.6161
-1.38902
-0.565071
0.831176
-0.902157
-0.17514
0.517689
-3.35348
0.114195
-3.80642
-1.8069
-0.462087
-1.36505
6.44623
0.383594
-1.38267
-3.52151
1.65465
-0.93316
-0.4125
-0.677707
-0.61907
2.34739
-3.0015
0.526093
0.568059
-0.078362
0.493348
0.0414031
-0.335376
-0.738719
-0.539187
0.0425191
0.242079
0.746646
-0.38365
0.0552836
-4.81317
0.135227
-0.485641
0.191234
0.351097
3.80825
-0.0884327
-4.38341
0.624507
-0.239697
0.523391
-0.321493
-0.65854
-0.965723
1.8403
2.36451
0.965428
-0.300226
0.66253
-0.523946
-0.711208
43.417
0.0604776
-0.694543
1.35491
38.6973
0.14892
2.32659
1.14835
1.39326
0.136585
0.471969
-0.861705
1.28938
-13.1553
-2.61201
0.164944
-0.303605
0.484111
-0.605195
14.1711
86.7648
-3.41346
0.218063
-0.180116
0.0155513
-0.0175423
0.577734
-3.68591
-6.90612
0.541039
-1.9635
0.416555
0.561073
-0.199398
-1.22415
0.741307
-0.583438
-0.487239
0.580037
0.310507
0.945914
1.98586
-5.25663
1.36292
-10.7333
-1.13651
1.19035
-0.204825
-0.328892
1.53762
-0.751664
0.785202
-0.745501
0.160433
-0.122541
-0.915507
-1.41312
-0.450767
-41.0976
0.563661
-0.276595
-0.211462
-0.519095
-0.138309
3.47414
-0.100467
-0.720515
-0.175472
1.32709
0.502969
-1.61713
0.454199
1.47722
3.76401
39.6135
-13.6037
-1.66673
2.39484
-1.71479
0.153175
1.55867
-0.00674199
-4.16612
17.3312
1.44168
0.8078
-2.14632
0.866564
1.16257
-1.08977
-1.90955
0.333135
-7.14134
-6.87252
1.44337
-0.56851
-0.676733
-2.77935
0.636139
28.0003
-1.48825
0.558979
4.39196
0.977023
-0.953493
-0.406931
-4.46798
2.3103
-0.657357
3.02917
0.448135
-0.840366
3.77523
0.542123
0.0585735
0.711075
-0.424917
0.344753
0.524833
-7.95964
-3.54836
-6.20252
0.732277
-0.910417
0.786139
5.43019
19.8441
-3.31133
-0.966114
3.15178
-0.245663
-0.196647
-6.42451
0.276646
13.1068
-11.8339
-6.65891
-0.348857
1.06827
0.155996
1.04123
-0.469772
1.67528
0.626394
0.674188
1.43618
-1.01129
1.07909
-0.358008
1.55501
-14.5702
-22.805
-27.4567
-0.990135
-0.871665
-4.69522
-0.409267
-3.54448
-0.559511
-1.74144
-0.487972
0.804383
7.19042
0.524818
2.65967
-1.30823
1.52101
-0.768528
0.320509
0.269938
0.214056
-1.58618
-2.75515
-0.662996
-1.28929
-0.80219
0.000887004
-1.02853
0.803622
2.55088
-0.454228
-0.570316
-0.492831
-0.292682
0.145155
-6.36858
-0.0476656
0.518702
0.828474
-0.413525
-1.78702
0.522408
0.196483
0.838297
-21.597
32.2825
-0.844878
0.393663
16.2156
-10.0173
-0.0151609
-0.391352
-12.612
-0.886294
0.0791143
-0.0120672
-0.14564
-1.73652
7.55035
0.0217186
-0.733156
13.2955
1.34536
2.43247
-1.87107
-0.901561
-0.360756
0.406408
-1.19807
-0.197406
-0.757367
-0.5591
1.71589
-2.52586
-18.6986
-7.1568
-2.15992
-1.96321
1.59659
12.0487
-0.736537
2.33935
-1.63999
1.56851
-0.0502192
-4.24598
135.196
1.55854
1.21819
-1.19283
67.1517
9.03337
-0.195205
-1.16015
-0.184137
1.45335
1.27163
-1.1174
58.0587
-1.03569
-1.61578
0.0732631
-0.952765
-1.74496
-0.131033
-2.15769
0.443307
-3.6696
0.714619
-1.87695
5.33983
-0.739717
1.40258
0.0431216
0.298906
1.01558
0.629898
1.4724
1.35762
0.547687
-1.39786
0.832264
-1.49923
0.436237
1.51834
0.844119
3.38375
0.370017
-3.44779
2.50224
-3.38734
-0.550078
0.726926
10.1801
0.882416
-10.6923
9.02038
0.229341
-0.348041
0.111343
-0.101654
-0.195717
0.0864273
-0.47725
-0.621947
-1.5758
2.2435
0.0085769
-3.36314
0.9781
27.1546
9.5218
0.507419
-3.7913
-0.756102
-2.36495
0.184939
0.946527
0.360063
3.19933
-1.65499
-24.1113
0.711015
-0.0776685
4.36465
-0.186098
0.898456
0.765382
0.229877
0.339133
-0.374861
-4.7947
0.911337
-7.41505
-0.154064
0.283481
0.853078
0.130676
2.83774
5.01627
-3.00811
-1.89281
-6.72747
-1.81898
-3.36736
3.02
-11.2242
1.83047
0.0223024
0.429236
-4.38091
-198.6
-0.425143
15.3896
0.302691
-0.859502
-1.35684
-1.15954
0.946546
0.0557219
0.724004
0.0210463
0.181485
0.682418
5.8779
6.31953
3.69214
-5.46061
1.63276
-2.08843
5.10902
13.0866
4.11754
-2.27608
0.300018
1.83632
-0.087333
-1.36883
-6.12262
-0.964282
-0.00780916
-0.658197
0.273758
-4.86688
-0.458174
6.84375
-0.778678
-0.917982
1.18193
0.352124
1.73367
0.164855
-0.821534
-1.94689
-1.39853
1.57932
2.90484
0.0606907
0.564791
0.0324419
8.96151
-0.654133
-1.21248
0.0818866
-0.563442
-0.786775
-1.27835
-0.688497
0.42192
9.84306
-1.4239
-0.104134
0.706879
-0.223888
-1.22207
1.13502
-0.170332
-1.12114
-0.15477
0.519869
1.54786
0.373528
-0.179058
-1.20333
-0.0211372
-0.927902
-1.95094
22.5979
-0.171139
-7.27811
-8.7719
-0.16986
-1.01446
0.296806
-0.183833
1.98814
-1.3816
-0.719173
-0.386024
2.35596
-3.32385
2.36947
3.35772
2.35624
10.3668
-6.21807
-1.65315
0.174235
32.2419
0.020434
1.53299
-8.67003
0.675961
-2.26875
0.799956
-3.19649
3.03109
-0.279421
1.00124
-1.01299
1.43151
-0.241922
2.60067
-0.910223
-0.175161
0.317405
-0.589759
-0.442325
1.06116
-0.538419
0.0352536
18.7699
1.71714
-0.838397
4.68953
-7.06933
-0.74644
-5.62565
-0.0085105
-0.299816
-7.38351
-2.12667
0.255423
-9.32759
0.0940556
-0.358354
-0.144675
-4.79378
-116.744
1.10806
-0.0552323
-0.810301
-0.628358
8.97416
-0.612557
-0.130477
0.189188
-0.15913
-2.37835
2.21853
0.976964
-0.462208
-5.64938
-1.88462
2.3328
-0.105391
-1.30659
1.24666
-1.26821
-3.00896
-2.01804
-1.24619
-2.89926
-0.234906
-0.939443
1.9948
-2.62263
1.42079
0.681066
1.22621
-1.16338
0.156693
-0.407527
-1.93671
1.64199
-0.848646
-0.447887
2.2086
-5.27348
0.460926
-4.51682
-1.69882
-0.960296
-1.01172
1.08354
0.734429
2.03192
-2.50661
40.51
-0.50279
-0.709013
-1.24038
-0.329499
0.587447
-4.39411
1.94587
-8.22996
1.22341
-19.1808
-1.4227
1.69498
-0.223294
-0.783524
-0.822321
-2.48644
0.956252
0.0655275
-0.6993
-0.475698
10.1682
1.15071
-0.32116
1.9139
-1.19368
-0.234519
1.97691
7765.99
-0.880742
0.0373867
-8.06108
-1.18797
2.41065
0.869579
-73.9885
0.396074
0.818792
-0.612095
-0.612588
0.248702
0.40807
-8.75712
-0.441264
-0.254311
1.2516
-34.3575
0.89885
3.33862
3.1426
-0.333371
-0.0630298
-0.629718
-0.906662
-0.181561
0.32434
-11.331
0.316857
2.96651
2.39238
-1.4502
-1.51028
-7.93414
-3.14921
-3.25434
5.70642
1.23684
-0.0608098
-0.389542
0.270915
-24.7962
-0.162342
-0.659405
-7.9237
5.90943
-4.75728
0.0261522
0.28126
0.0637978
0.467304
67.336
-1.09449
-1.39798
8.76872
-2.93776
0.601006
7.60865
-4.27588
-0.093143
-0.16446
-5.26417
0.441498
-0.477038
0.321215
-0.335475
-0.149928
2.30733
-0.381441
0.0461243
0.0297378
4.41646
-0.610916
-0.096876
0.835475
-1.12238
1.86361
0.0258495
-0.794288
0.336343
-1.27964
2.87484
-2.0847
-22.4369
0.317622
3.54194
-8.03307
-0.281955
147.124
-1.09945
-0.019687
0.741871
2.44011
-2.91746
0.627677
1.00195
-0.213528
0.0415788
20.8436
3.39519
-1.40192
-0.493387
2.2547
-176.816
7.9463
1.507
1.18499
-2.93662
-1.31808
1.20737
8.6484
-1.04086
0.500906
-1.55002
24.1659
18.2382
-0.969888
1.59409
0.325818
0.605028
-0.105224
1.12408
0.791772
-0.787117
0.93882
1.90002
-0.751938
0.301529
-2.05089
-0.276738
25.8857
4.76828
0.733609
1.44485
3.92158
-54.7486
-2.09758
0.761001
0.314
-1.17594
1.46351
0.816874
-15.2848
-1.80089
1.26169
2.48043
-0.155444
-5.45077
0.881557
-4.38587
1.08903
1.07106
-0.743011
1.97905
0.322543
-1.8889
2.67611
-0.55698
2.02805
4.29567
-0.821723
-0.952435
-3.18809
0.0521184
1.76385
-1.64007
4.03112
0.116813
-0.364107
-0.847711
0.830892
0.322078
3.41638
-4.79357
1.29229
-6.31503
-83.7259
1.19562
-14.0086
-27.5449
-0.597686
1.29216
0.322484
0.227069
-0.581522
-0.160847
-0.447183
3.82476
1.50771
-0.776003
-6.73986
0.161201
1.93948
-0.789896
-0.125201
1.27966
0.513177
-0.674591
4.17072
-0.962048
2.35301
-1.39062
-0.172169
0.434129
-0.518858
0.0883389
1.35447
4.74562
-5.75338
-0.871261
1.54994
-0.215473
-0.542283
0.976704
13.5887
-0.1719
0.897286
0.990271
-0.339789
-1.75019
1.10535
-0.961796
12.7046
-4.72716
-0.0636673
0.706005
-1.90239
-0.371806
14.4406
-0.223557
-0.686278
-2.63363
1.01696
6.76849
-15.5466
-0.904641
-0.0638659
-1.05587
3.63968
-2.14363
-0.870139
-8.80398
0.929664
0.527043
4.56651
0.127128
0.0862136
-0.153708
0.793699
-0.469685
0.166053
0.83344
-0.972376
0.418276
-2.66887
-12.3265
-0.289067
-0.301636
1.77052
0.379855
-0.839271
5.15214
4.43822
4.99124
-4.00513
-1.0874
1.6869
0.434698
-8.18831
0.0820798
2.54623
2.21262
-4.66707
-1.98754
-0.406775
-0.283206
0.690496
-0.545131
0.864461
0.0234135
-0.533477
-1.43316
28.7308
2.93565
-30.4843
-0.333829
-2.08893
-1.58297
-0.951912
1.1207
0.497167
1.87907
0.586506
-0.633598
2.63633
-0.540629
-1.13247
0.125074
0.230233
-2.27091
4.31445
4.64317
-1.47267
-0.473445
0.924551
0.370973
0.545499
-1.1846
2.98412
-1.843
-3.36559
-0.444245
-0.328325
41.5978
-0.173492
0.726439
-0.443884
0.943526
0.452093
1.63321
0.34381
-1.82515
-0.522838
-2.40328
-2.19454
-6.62793
2.84959
-9.5373
4.58896
2.80576
-0.224908
-7.09832
5.30064
0.23681
-0.532576
0.692384
0.249603
-0.723964
-1.13727
-0.0124467
-0.263649
0.523783
-0.013373
-0.16237
-0.907687
0.099659
-8.05856
-6.97305
-4.40647
-0.500043
0.43573
-0.93815
-0.354921
0.0473971
0.729988
-7.54509
3.81249
0.137585
-0.763077
-0.236931
1.39767
1.09569
-1.1372
0.217038
-0.271084
0.99935
-0.0716537
-2.18907
-0.743287
-0.718535
0.266171
-0.44946
-0.590371
-0.0222292
0.326473
0.066859
3.17817
-0.0473816
0.156105
3.61958
0.0765827
0.313664
-5.38528
-0.577349
-2.9917
1.05769
-2.99177
1.20964
-4.10688
-1.64297
0.549896
0.44866
-0.0825289
-1.97379
0.319903
-0.453407
1.51995
2.07061
-0.542205
-2.12671
0.91792
0.707362
4.59742
-0.973812
-1.42762
-1.09184
-0.302478
-1.08307
2.13303
6.37595
-1.47635
0.0331499
-0.142645
-0.199466
-8.61254
-3.08706
1.15275
-1.87816
-0.185272
-0.223494
-1.07557
-0.805357
-7.86779
1.43372
-0.95342
1.24712
-2.82382
0.226175
-1.0987
0.289026
0.578203
3.52484
3.08634
0.902299
1.59926
-1.81199
-17.0895
1.1053
3.86465
0.0669773
-0.525777
0.483741
2.46248
-0.375059
-18.0425
-1.85794
-8.19433
0.24494
1.24051
0.239426
-1.27693
0.036418
0.0963726
-0.873542
1.35914
1.48408
-0.440996
0.191975
-0.274988
-0.786233
1.95897
-0.219939
2.53047
0.332063
-0.820234
-0.216807
-0.042019
0.60631
3.06422
-0.956291
4.71992
1.44455
-0.50179
1.01171
40.6667
0.13051
-0.613928
2.27342
4.04281
0.326006
-0.0712826
0.584345
2.15352
0.868941
0.634669
0.720312
-3.61911
-0.827213
0.719926
-4.03363
-0.369877
0.148191
-0.836056
-0.219799
-1.38161
-3.73321
-0.00622535
0.275911
5.53077
0.796505
-0.529086
0.648616
4.70126
-2.33142
1.76072
-0.136073
0.426525
0.024192
-0.304298
1.46299
1.73006
1.26147
0.197769
8.75301
-0.356504
5.60017
-0.712613
-0.171051
4.31983
55.0897
-1.86553
-0.406933
-1.11087
1.00636
2.68258
-0.858154
-3.46385
-0.558878
-1.10862
-1.46213
1.73371
-105.984
-0.856567
2.1773
-2.74467
-5.12799
6.69055
-2.59537
-0.55957
-0.323455
0.319304
-0.210247
9.06747
0.290699
-0.572129
2.31742
-1.5394
-0.347074
-0.43175
3.14485
3.96658
0.430614
0.150817
1.70578
0.366284
0.30894
-20.5485
0.458424
-3.54641
-0.182342
-0.0608685
-0.805007
-53.4985
-0.969036
0.726383
-6.82392
0.0111999
0.0417101
-0.518628
-2.62284
-0.447874
6.59897
-0.448254
-0.787397
-1.38929
-0.105456
0.721353
0.322263
-3.64161
-2.70574
2.01591
-1.44
0.184248
1.94253
-17.3398
-1.39431
0.943293
-0.120275
-2.08664
1.72877
63.5205
-1.84711
-3.44815
-1.42521
1.8001
-3.07847
-3.58624
-8.21808
-1.04598
-0.422916
-0.010294
-0.41419
-0.390233
0.0676485
0.153162
0.59902
0.32345
-2.17262
52.2263
209.388
0.859848
0.313089
0.157031
-0.146027
-1.85705
0.986679
-6.01039
1.82941
-0.0105287
-0.767151
9.84161
1.00136
-0.20034
-2.60554
0.410081
-1.28269
-0.700234
0.883801
-0.349791
2.19713
4.32484
-151.736
-2.86432
0.0934489
0.703907
-3.96356
-7.75513
-3.0942
1.26574
6.85523
0.409936
-0.720272
-3.90207
0.667886
-3.57615
-2.24043
-0.252207
0.520433
-14.4845
-2.74049
0.0187093
4.73749
-0.203587
-4.30628
1.27947
0.378433
0.0493534
0.551907
1.25088
-0.85186
1.29607
10.2487
-2.7851
0.280083
0.22176
1.13215
11.7489
-1.72566
3.13186
0.123485
-1.70339
-0.450807
-0.0180703
1.28008
-0.880239
0.661477
-2.81245
-0.529068
0.344752
-0.896506
-0.764047
3.01187
-1.14441
10.6689
0.646408
1.33275
-0.0973659
-50.948
0.0997921
-0.301753
0.36461
3.12863
-4.8224
8.64129
3.01277
-0.573234
-0.102127
-0.534382
-0.188185
1.8538
2.80538
-0.168576
-7.29976
-0.0446845
-0.985268
-0.443592
0.383898
0.682949
0.467395
-1.00066
-0.696744
-1.6421
2.60446
-0.565304
-9.33084
-17.51
3.5502
-12.6428
0.329091
0.694389
0.123951
1.03428
-0.454252
0.469706
0.691577
3.11419
0.634972
0.0761887
-2.13673
0.869962
0.262257
0.281361
-0.194174
0.286064
0.219193
1.10576
-0.582212
-5.5076
4.06611
-1.77831
0.418002
-0.0499796
2.21697
0.658878
0.650909
0.656885
-0.887107
0.0247371
-1.30325
-4.20663
-7.72863
0.857157
0.255291
1.19795
3.34362
5.19884
0.329784
-3.05082
8.08705
-0.284864
-0.751966
-0.132698
-0.614689
-1.35152
-7.38572
0.514732
0.325588
1.08712
1.41585
-0.322575
-33.0341
0.825523
0.571456
0.405746
-0.353
-6.7308
-1.20105
-0.448167
-0.641929
5.07085
-0.897826
1.80148
1.14838
91.0086
-1.03588
-6.12716
-1.77202
6.15488
0.357717
0.0132076
-0.643182
16.6352
0.671396
0.420241
0.859716
0.622154
-3.25903
0.478286
-0.347473
-20.4144
-10.4935
1.19623
-0.0494254
-1.94744
3.22602
0.647805
-0.311048
40.5955
22.9349
-1.72906
0.536636
0.349445
-4.5899
-0.0994137
0.582366
-7.59829
-0.477873
1.40501
0.446309
0.0660086
0.134143
0.237353
-0.077251
0.160667
1.88693
-7.2534
-2.06618
-10.4283
-2.14969
-4.01401
-1.62088
-20.1647
-2.48076
0.48275
1.06259
0.576427
-2.40592
0.579406
-3.78899
0.505027
-0.669704
0.360904
2.88818
1.58752
-0.094469
-0.607371
0.403483
-0.192063
8.83217
-0.0586133
0.54558
6.1646
-9.65032
0.892849
-0.0227869
-1.12218
1.85148
-5.17011
3.11046
-2.20298
0.179806
8.59751
0.271189
-0.785761
-1.32873
0.57949
-0.680543
-0.447389
-38.767
-2.05851
-2.04401
1.34897
1.45483
-0.0500659
1.48049
0.253113
0.915501
-1.0992
-7.11813
1.51077
0.381863
0.89402
-0.241792
-0.244071
96.4299
-0.57722
-4.28408
-1.10035
-2.01331
-5.15157
-0.167393
0.0528843
0.661504
0.183839
10.7508
0.208656
-0.0346948
1.4024
-1.69117
5.15687
0.232389
2.29504
-0.553861
-0.0696485
-0.516124
0.121157
-0.361615
0.897952
37.2158
-22.2026
0.855043
-0.201951
12.1802
1.31192
0.748039
-1.18482
1.30047
-1.5369
24.6523
-10.0389
0.0105406
0.362892
-58.5561
-2.44713
-0.451987
4.65244
0.236778
-4.48765
-2.17537
-0.951112
0.628582
0.28445
1.38649
-0.172304
0.1522
7.12614
0.373154
-0.529899
1.73241
0.420969
0.357846
-0.694903
-4.74406
-0.212326
0.74644
-0.735389
-0.507507
0.406037
-5.99571
0.29734
0.379572
-0.447569
2.58121
-0.840874
0.805742
-3.8124
3.36157
-0.659408
0.196301
2.8297
6.07846
-0.377294
-0.121985
-1.5553
-0.190352
-14.5491
0.0544646
-10.8225
-1.45807
-0.629759
0.26006
-1.28731
0.0816078
0.688086
0.630084
0.292215
0.657725
0.011167
0.0691145
0.117153
-1.27674
9.05416
0.349237
-2.57732
-0.0666014
-2.77763
-0.880728
-0.251878
0.0384432
-1.19975
4.79979
-0.0804074
1.77015
-0.0475278
0.538635
0.438643
18.0197
-10.7045
-1.41101
0.713837
-1.16042
3.80927
-0.671588
0.429878
-0.0449413
-3.40823
-0.506442
1.08244
0.0554608
3.82721
0.541413
2.65508
0.682787
5.12573
0.528686
-18.4663
1.11822
1.24304
-8.36507
1.21888
-3.36601
-0.37875
-0.716196
-1.412
-2.52582
0.0722107
-0.369492
-0.0104866
1.66326
8.2357
0.718631
-1.65604
0.429716
12.0276
5.56524
-0.755445
-1.23302
-0.129526
-0.407813
2.59487
-0.55599
-0.480235
-1.45092
0.653146
1.21418
-6.28857
-0.359935
-1.27518
0.372269
-0.282411
0.659185
-3.50077
0.137234
-0.114525
0.0736358
-5.52546
0.370594
1.07747
-0.110074
1.5271
0.411756
-1.50812
2.47653
-0.990473
1.782
-1.16127
0.403427
-0.246766
0.113131
1.11871
-0.938911
0.238477
5.3004
-0.318644
-34.8175
2.25816
-1.41639
6.10089
-0.353838
0.651322
-0.21074
-20.994
-0.788583
-1.23268
-0.191659
0.141238
-1.24428
-0.108257
0.067262
-0.696534
-0.511715
-1.78028
1.28458
1.41811
0.0749084
-10.7328
-2.27526
153.887
0.747249
-4.99131
-0.390658
-0.848204
1.20004
-0.458061
-1.40447
-0.835037
0.485966
1.70774
-0.684007
-2.0775
-0.657437
0.0651726
-0.257918
0.55039
4.41879
0.396841
-1.8924
-0.213743
-2.32237
-2.34612
-2.04077
0.199876
-0.551284
4.817
-1.29279
0.132178
-1.67523
12.6295
0.0292241
-8.63901
0.889406
0.278965
1.20236
-3.44243
-0.254009
-0.0239754
1.27946
-1.94207
-1.18815
0.768079
-4.56839
-0.758827
-2.21657
-8.87877
1.44679
-0.923244
1.40023
5.50881
-0.266511
0.894718
-0.34997
-8.24069
-0.383479
0.370559
-25.5415
2.10389
-2.51047
0.648067
0.0941077
-0.515768
-2.86048
0.0808781
-0.338812
0.575026
0.908802
-25.8795
-1.53022
-0.556377
-1.06696
1.64743
-2.02836
-0.450587
0.295648
-8.53199
0.0311019
0.941791
-1.30048
-6.15741
1.32148
0.34799
-0.756978
0.793453
0.396235
0.221767
-6.78732
0.0048394
3.13434
0.888393
-1.71719
-7.231
0.0914944
14.5576
-1.53186
-0.966084
0.00220329
0.845196
-5.43365
0.637177
0.980819
-0.227034
-0.98126
2.34394
0.0433499
-2.34159
-0.194469
-0.488189
-0.940832
-1.69553
39.3354
0.711834
0.199489
-0.416199
0.33634
11.3762
2.76227
0.58088
10.6526
-0.197475
-0.258062
-0.389823
0.489569
17.5315
16.8953
-0.382218
0.535344
8.01987
3.39426
2.0699
-2.64674
58.5251
-171.637
-5.07946
-0.489577
-1.94407
-0.751887
-1.08266
0.223525
-0.0638901
8.40351
0.179434
0.833569
-2.86332
-2.64824
2.79229
1.05687
2.42255
0.282176
-2.01462
4.91753
3.52612
-15.321
2.18099
3.58215
-0.165101
2.14987
-0.978366
-1.49961
1.57156
-0.0391704
-1.03448
0.0379363
1.72103
7.98633
0.0820173
1.85294
1.15398
-1.10344
-14.2425
13.4826
-0.565176
0.58035
-0.468237
0.501557
2.58128
2.23768
-1.40647
-7.78891
1.36067
-2.50232
-3.63387
-0.335758
0.848856
0.352442
2.29324
-261.428
-4.1966
-1.33356
-0.870017
1.70495
-2.50946
-7.31639
-12.6381
0.762879
-5.58519
-14.339
4.08801
-9.28371
-0.16079
0.0239014
1.47308
71.3632
0.0957421
0.865531
0.495551
-0.948606
-0.192467
-1.38979
-1.16311
-0.732921
-1.99154
-0.0149614
-0.612326
-61.1256
4.36863
-1.5752
-0.406314
-0.389872
-0.704835
0.398453
-0.722341
-1.1042
-3.46635
-1.00779
0.521039
0.170297
1.44162
0.3704
0.304297
1.67091
-0.851708
-2.68853
0.178395
-0.708019
2.2956
0.962864
-0.660437
2.41178
1.33859
0.0271577
-0.869115
-3.68699
-1.58711
1.06714
-4.5452
6.09662
0.687362
0.843762
0.0603951
4.54755
0.188715
-0.242664
3.39508
-0.368214
2.56774
0.200967
0.892262
1.1315
-3.58044
-1.48485
-2.13759
0.203687
3.76347
-30.1474
-1.35364
0.291576
-0.243655
0.455632
-1.55653
-0.667231
-16.2849
0.992894
-0.202648
-1.27089
0.305703
-0.615575
0.269569
-3.59191
-4.84011
-0.541898
0.626803
-4.67725
-0.175637
-0.377651
-0.966038
4.96238
0.946179
-2.06914
-0.61189
-0.542676
0.44306
0.351743
-6.17008
-1.50256
-1.236
104.146
1.08639
3.38468
-2.2968
1.56815
3.81427
0.294004
-0.534681
-0.126501
-6.38643
1.01082
5.24121
-2.24023
-110.201
2.9804
0.587539
0.452922
1.48672
-4.77273
92.0914
-3.3131
-0.610606
-7.19584
-0.638625
0.988725
0.946062
2.05065
-3.9678
2.29755
5.20748
0.832139
-1.30374
-0.592369
-2.20382
0.774587
4.54984
0.0215001
1.68945
0.720313
5.61206
-0.745215
-4.33525
-0.165222
1.24105
0.829041
-1.13481
-1.19294
-0.74545
-0.665953
-492.93
0.188763
9.38299
5.48414
0.0455372
1.44948
-1.81949
0.450974
1.34207
1.04211
-0.308841
-1.20593
-0.45882
-7.34378
0.170191
-3.49084
0.466217
0.17321
-0.154144
-2.39435
-0.0142852
-0.274122
-0.395637
-7.44462
-0.092026
0.231044
0.673057
-2.59309
5.75641
1.59722
-0.249086
-5.81912
-1.1505
-1.26383
-2.06325
0.883459
0.212497
-1.09946
-0.508191
-0.168646
0.170857
0.128371
0.626954
0.425747
-0.938865
8.84833
-0.374721
-0.8194
-0.835828
0.0152253
-1.20671
1.98866
-0.962949
-1.53363
0.740821
-2.42904
0.222876
-1.34566
9.85226
0.467936
0.791998
0.894654
0.459484
0.357827
-0.400734
0.261486
0.830588
2.41915
2.19511
1.12165
-0.583714
-3.26274
0.130176
2.40514
-3.77593
0.399732
18.0102
0.372856
0.22528
0.681006
0.922386
-1.42168
-0.232523
-0.949823
0.17147
-6.91471
-1.1803
0.355627
-0.39211
4.98383
-1.08344
0.105913
-1.45892
-0.234199
21.5967
-2.06405
-0.0869107
-2.04338
0.690909
-0.98802
-4.70426
-0.437742
2.48457
0.428158
-0.188257
0.493594
-1.10763
-0.0111384
4.47733
-2.33124
-0.395879
-0.119046
-3.303
0.269829
-1.2216
-3.58019
-2.41023
0.395201
6.11962
0.720609
3.42143
-12.4734
1.00569
-0.0167876
-0.189038
1.2378
-1.18343
1.59784
-2.59112
0.0810758
-0.731038
0.481333
-2.89565
-1.92762
-1.08767
-2.94424
-0.940147
5.50682
1.28577
2.93241
1.27087
0.51163
0.26329
-0.188291
-0.904803
-0.380235
0.100063
-2.28853
-7.70181
-2.04406
0.617362
0.821907
-0.205644
6.05959
0.0873191
-6.50298
-0.558013
2.09073
31.7778
0.461673
-1.43745
2.61893
0.01586
1.44263
0.0846859
0.263608
-0.213983
-0.197456
13.1528
8.588
-0.534017
0.967192
-0.460219
0.396036
5.39783
-1.06981
-1.54202
-1.63262
-0.0865915
-1.0605
0.339546
0.231648
1.0703
0.304417
1.15963
-0.293673
-0.896634
1.40786
-3.43296
-0.134707
2.79852
-0.0574276
1.0826
-0.024941
0.0588629
-1.7286
-1.52148
-1.25957
0.942827
-0.950904
0.544553
2.01874
0.368512
0.211314
-13.234
-0.379497
-2.14437
-5.46023
0.64617
-1.47533
-1.16245
-0.192299
-3.29768
0.806201
0.121547
1.56476
0.0246279
1.12086
-5.77293
0.214225
1.94304
0.0739208
-0.0110443
-0.140791
-1.34761
-0.0283279
-0.508366
-2.74822
-0.763372
96.826
-0.6579
0.969707
-4.51424
-0.0668265
3.32107
-1.90859
0.963069
-2.92626
-3.13988
-1.06244
-2.23261
1.27028
0.0354018
-1.76522
-0.457182
-0.146808
-0.267126
3.98351
-1.33766
2.99558
2.0152
-0.579593
-0.234622
-0.645442
-0.962852
-0.24098
0.234026
1.62194
-0.293436
3.66246
1.53627
-2.29645
28.7128
-0.106459
0.910508
-2.54708
3.02689
0.378979
0.943839
10.0128
0.902067
0.246424
1.29079
0.33742
0.228278
0.384539
-0.769526
23.5251
0.433595
-0.263853
0.321413
-0.0918905
1.28325
-2.30289
-2.58682
-0.287597
-0.621621
1.53776
-1.38762
-0.501019
-2.1239
-0.829233
-1.13919
-0.0790186
-1.0862
-1.37096
0.0039246
-3.10243
0.589392
1.25589
0.840229
0.760778
-2.83606
-0.531375
2.19717
-0.411165
0.755351
-1.07761
-3.93295
-1.94198
0.539933
-0.951835
1.08558
0.640961
-1.197
0.979509
0.376271
-0.0634952
-0.743846
0.539785
-0.0312506
-2.00921
0.720035
-0.0479741
0.363635
0.0422878
-0.735757
1.04887
0.189968
-0.525789
-5.66152
-76.3467
0.896607
-0.257254
-67.3931
-3.32241
-0.580328
-0.138122
-0.551479
-0.754423
-0.30057
1.27264
-0.699788
1.10446
-1.03375
-0.362136
0.338248
-0.672077
-9.53083
3.27875
2.43297
2.0523
18.6585
9.25238
0.573036
-1.78362
-3.04035
2.42034
-0.102594
1.26526
6.87273
2.41831
-0.850764
-0.952249
0.319111
0.725734
3.69573
-1.6673
-0.103125
266.079
0.439631
0.269112
-0.206506
-1.80314
-0.141632
-4.4072
-1.49848
0.722874
-2.22751
1.01365
-9.43651
-1.58141
-0.223382
0.840579
0.352516
3.21596
1.38103
0.664979
0.747472
-0.296077
0.154554
0.263226
0.19193
-1.29066
1.97891
0.708582
14.5649
-4.76235
-0.183626
715.868
-3.4155
1.65908
0.413142
-0.941441
0.552797
-0.199059
-0.0882351
-10.0469
-0.243007
9.54534
-1.42605
-2.69281
-7.01978
-2.76948
-0.0631135
0.93291
-1.5235
-1.13838
1.73975
-1.59344
-0.170224
1.46019
-0.0858477
2.35889
0.146197
0.859915
1.52287
0.0317477
-23.7588
0.723418
-2.82049
-4.20021
0.190967
20.1736
4.46121
1.13634
0.412645
-1.23525
-0.820494
0.509027
0.157371
-1.0925
0.250373
0.974043
0.300036
1.81883
-3.22125
0.199839
-2.03392
-0.345548
-0.729249
-2.30688
2.57434
1.4213
-3.97825
0.370907
-0.70457
4.48893
-1.29225
-1.59826
0.255157
-0.0465379
0.299202
0.875712
-0.0706473
7.504
6.95682
3.71614
-0.0950514
-2.57745
-2.86472
16.407
9.8423
-2.9178
0.0205637
-0.46035
0.857001
0.555119
-1.30343
-0.83684
-0.0605999
-1.15243
-0.311146
0.499187
7.01006
2.91455
-5.30559
1.07794
2.22494
0.569931
2.36324
-3.88162
-2.12285
-0.478639
-0.438281
0.415203
-2.38261
0.290128
0.580135
-12.6463
-0.500652
-0.2558
2.39289
0.0974435
3.69193
-13.7144
-0.200833
8.00554
0.141876
0.475253
1.73533
2.71834
3.72276
-0.686095
5.05144
-0.699965
-1.30846
0.473584
-4.26248
-6.13416
1.23646
-1.03286
0.0411535
-0.0614196
-1.35934
6.58346
1.09095
46.2132
0.450445
0.560746
3.13618
-1.04779
0.735628
1.05807
-0.848451
-1.92491
-0.107459
-20.6956
0.534686
0.358671
1.76733
-6.47038
-1.26775
-6.78311
-0.659639
0.055965
-1.18519
0.419275
-0.52755
0.0511651
-19.0006
1.01182
0.00652034
0.0716
-4.07357
2.38153
-0.427891
0.182425
-0.221589
0.359988
2.20058
-1.74313
-1.37656
5.4254
-0.564226
2.40632
0.0183239
-0.235893
0.00814268
1.80131
0.575989
-2.73941
1.38416
0.283358
2.20103
-8.26756
-0.725547
1.12435
-3.01431
-1.69799
-1.973
-0.685903
-0.119883
-0.233642
-1.42757
2.62985
-0.329251
0.731078
-24.5509
-0.398307
-1.12847
0.0741625
-11.5531
-1.04767
-1.42154
-0.999498
-0.235486
-0.261154
0.511898
0.122475
0.620297
0.213688
-0.483434
0.0688164
2.80611
-0.209361
0.167845
51.5707
-2.5683
3.84104
8.63174
-1.04889
0.952537
-4.08686
-0.937619
0.641328
-3.82443
-1.64949
-1.99178
-0.209583
0.0294319
-2.98619
0.11318
0.0508729
-10.5103
1.53682
0.103167
0.680975
-0.675151
1.50016
1.00706
0.514781
-0.564312
0.34584
9.69394
0.136458
0.965812
-4.00439
-1.69389
-0.502547
0.787044
2.16102
1.45854
-1.15044
-1.31933
0.554255
-0.692995
3.12972
-1.17349
0.148208
-5.39285
-13.1643
-2.47251
1.08067
5.23481
-0.672302
0.128772
2.95828
-0.586595
5.54438
-1.7314
-1.77496
0.0785089
1.06962
-0.209026
-2.1691
1.82113
1.22514
-1.19297
10.2931
0.0885548
0.195205
-9.43064
1.35247
-0.479747
0.0841585
0.164672
1.02523
-0.0844664
23.0799
1.35765
-0.949658
-0.160666
0.816537
-0.139301
3.67357
-0.369449
0.0751871
1.25812
0.199155
-1.56221
0.849182
0.0843174
-1.1363
1.02308
-5.99651
-0.285365
52.4233
7.87481
2.42995
0.147313
10.8217
-4.27121
-11.5691
0.240596
0.637583
-1.45766
-2.5138
-8.52779
0.053745
0.718161
-4.33545
1.73935
-0.422934
-8.58738
-1.03927
0.0661404
-2.48817
0.798183
-0.515223
-4.17841
0.44146
0.657019
1.19247
0.517959
-0.162401
-0.573987
0.980785
-5.47667
8.33303
-0.812221
-0.0494246
0.135247
0.370676
0.0176361
-0.737944
-2.27095
2.03199
4.94211
0.99245
1.82846
1.06123
-1.00229
-0.999731
-0.164959
-0.290354
-9.73082
-0.461822
-0.320529
0.859441
0.341832
76.4798
-7.05321
-81.5224
0.104927
35.272
1.02734
-25.5126
54.4052
-0.205909
-0.518478
0.0513548
2.07324
-1.94509
15.5692
-1.88093
-0.63916
-0.0259492
1.28258
2.07889
-0.0424564
0.751929
-3.6579
0.581074
-2.04701
-0.863858
0.121013
3.83342
0.0990874
1.24443
0.0655889
5.92547
7.81323
2.23564
0.473328
0.64231
-2.47265
0.39817
-4.49775
-248.556
0.598097
3.493
-0.957082
18.5451
0.872058
-10.5117
-24.2044
-0.152162
-0.98944
11.8976
-2.20933
-0.278131
-0.916631
-0.998305
-1.28022
-3.4116
0.921728
-0.947734
8.5732
14.857
-1.47705
-0.130585
0.0428561
-0.889642
0.63507
-0.101957
1.52083
-0.0609852
0.775317
0.474868
1.24974
0.228936
0.184413
-0.0269638
0.15593
-2.27961
0.46528
-0.0627437
0.893166
0.396311
0.52038
-0.919209
0.741395
0.334639
0.0620873
0.474975
0.754268
-0.391109
-0.102141
-0.397692
-1.44001
0.446327
-1.47203
-1.18956
0.697844
-2.13371
2.25627
-4.0848
7.27498
-0.291874
-2.7755
-1.31023
1.53339
-1.39096
1.43734
1.69609
0.141026
-1.38192
0.034986
0.0814752
1.41178
0.0537876
1.07475
-1.40875
0.457365
-1.3091
0.607703
1.20105
-1.58637
1.28188
1.19893
0.163076
-0.18087
-0.971079
-0.00298647
1.61847
-2.33371
11.9937
-0.217346
-2.15821
-6.69414
0.914329
4.28418
-1.09037
-0.209146
11.3089
3.1748
-1.1572
2.16701
-0.540518
0.855997
-1.49114
-1.18591
-17.1197
3.12986
-0.640356
0.271988
-1.04285
0.691335
-0.0843708
1.32891
-0.287084
-1.44111
-2.80658
-0.846966
1.70958
-0.290131
-0.690054
-0.669688
-0.13548
-2.48568
-0.282355
0.13429
0.867474
-0.599137
-2.97636
0.999177
6.28113
0.734605
-0.250719
-2.10874
0.0546254
-1.56249
0.626501
-1.8084
-2.98461
0.287085
0.0881938
1.5854
0.571712
0.021237
-0.621593
-6.20885
0.70264
0.179271
-0.0771916
0.677018
-1.4249
-0.405741
1.14335
-0.1916
-1.80592
8.12095
2.11383
16.3344
-4.03315
-0.484606
-0.130712
-7.54827
0.200756
-2.3949
2.76953
0.90455
1.32956
-1.93016
-0.119207
3.71827
0.939827
0.171353
7.32064
0.294523
-0.954824
-0.0998947
-1.24029
3.58238
-0.00371219
-0.176505
1.63415
0.596079
-1.72301
-2.15625
-0.0467883
-0.792909
-0.139291
-2.93876
-0.892976
-0.647611
-60.2725
1.21461
-1.82222
5.54915
-4.00659
0.097096
0.399927
-0.382327
-3.12269
4.29779
-1.46088
10.4542
0.274945
0.622956
-3.19482
0.661632
0.721655
1.89848
-0.17659
-0.726515
0.74472
0.899276
0.921275
-1.07524
0.493303
-2.402
-0.386244
0.659066
0.905163
-2.9068
0.42198
24.4432
-7.82622
-0.0402693
-0.63443
-0.0784681
-2.75942
0.891574
-0.332593
2.30839
-0.400461
-1.04921
-0.00706953
-2.204
-0.0714281
1.82183
-1.75573
-1.0576
1.49967
-0.475349
-0.198206
3.72709
-0.38709
-0.57213
1.82551
6.30159
0.364623
-1.71642
3.70394
0.349302
4.79129
0.320184
-1.07647
0.691118
-0.0512297
-0.299356
-0.0757396
4.75086
-1.38439
0.70891
0.191154
0.455482
-1.28253
0.00181865
0.559679
1.57761
0.943087
0.673551
0.7963
1.08652
37.1494
1.01637
-2.68578
-0.176714
0.0688156
-3.24251
-0.143341
2.90137
-4.48455
-0.0645027
-0.829761
1.83516
-0.422166
-0.34058
0.226756
3.78749
0.155908
25.2166
2.32659
0.433233
-0.233115
3.07749
-0.90202
-0.351786
1.65631
1.21974
-2.05479
-0.403646
-0.754203
-0.671023
-0.0528926
-0.382886
1.41463
-0.289679
1.87785
-3.93195
-0.722232
2.1113
-1.22212
-1.85832
4.05933
5.16028
5438.81
-0.821534
2.45884
66.3552
2.12373
-1.68454
-1.51154
-1.42611
2.05534
-0.0712416
-2.93272
-0.522676
-1.03505
0.699738
0.245736
0.467585
16.0508
0.225916
0.201133
1.74482
-0.0289724
-0.560139
1.23301
-66.6082
-7.41731
-0.247618
4.02311
0.704822
0.788526
1.08181
1.12121
0.541084
2.90551
1.4446
-1.15917
0.0272723
-0.175704
6.2171
0.253931
-4.84014
-0.295185
-0.208856
0.0072977
-0.983989
-8.82173
-0.00305243
1.52415
0.682964
-6.06246
-2.33402
-1.4187
4.02391
-0.429525
0.591162
-0.361861
-1.4702
-0.458985
0.846695
-758.487
-0.781912
-4.10139
-3.3431
0.422053
1.77379
-0.340354
1.16597
2.97643
114.411
1.9808
-0.196812
-0.589623
1.26558
1.12132
1.36108
0.473958
-0.344688
0.890055
0.711756
-1.17711
37.4405
-1.21575
-0.28131
0.270526
-1.33257
6.39676
-1.70489
-1.83129
-0.586273
0.0644408
-0.0871924
0.00396426
-0.0149345
0.368254
1.23007
0.347886
3.50147
-1.04561
-3.11326
-2.82947
-1.17152
0.381675
4.34032
-0.63878
-0.596302
-1.49309
-0.515809
-2.21905
-2.48998
-1.37791
0.399234
0.192668
-1.36248
-0.637585
-1.61103
-1.43844
0.350197
-4.43848
0.075423
-11.4363
-0.864867
0.865775
-0.525857
-1.06306
-5.1209
-0.366284
-3.27889
-0.0421481
29.6905
0.135049
6.20402
-1.58146
1.6344
1.99814
8.62147
-1.05229
0.321601
1.42297
-0.537018
-3.40404
-9.63392
1.44781
0.100457
1.75991
0.126187
-8.55778
-0.206963
0.678315
0.326035
0.495376
0.78967
1.77123
-1.98111
0.97233
0.0164477
4.64837
0.0236916
1.64812
1.08114
-1.068
0.229352
-1.42938
-8.89766
-1.50316
2.56376
0.183505
-1.23317
1.73097
-1.94311
0.425792
-0.44283
-5.05297
-0.649389
0.440816
-3.87381
4.04224
0.0902936
0.462728
-0.232134
2.47068
-0.458145
12.1557
0.370124
-20.1751
-1.15448
0.188181
-1.04244
1.36414
-1.6281
-0.784002
-0.625153
-0.06793
0.218993
0.650515
0.0135322
4.24603
4.01324
0.573082
-3.42785
1.09589
-0.238864
0.474051
-10.0391
-5.72533
1.03223
-1.73614
0.972366
0.315461
0.0792234
0.228534
0.673016
-0.191459
2.12277
-0.854375
1.82987
-0.155477
1.36495
0.551729
22.2444
0.853577
-0.193637
0.511682
3.4312
1.75325
0.324809
-1.03895
-0.221925
-1.55414
-0.596616
1.78001
-7.70063
-1.18113
0.0885298
-13.433
0.0734435
0.299148
-0.350057
0.0483514
-1.00182
-116.375
-7.12522
5.26232
-1.22589
-0.0545104
1.68613
-0.0416614
1.55165
0.0795609
-3.04763
7.09606
0.476055
14.7827
-3.81581
2.35954
0.129827
-0.894571
0.282505
-0.380667
3.63959
-0.736245
-1.83259
79.7907
0.456529
-1.64759
0.168975
-0.0255502
-35.8901
1.70931
2.30762
-3.60788
6.3805
0.157204
2.3023
1.7696
1.00343
2.66786
0.690476
-0.763355
-5.11541
-0.531263
-0.812237
-0.795723
-0.693879
-0.0719829
1.73178
0.179559
2.25026
-0.731704
0.454011
1.24074
1.20717
-5.61752
-0.381607
0.346898
-0.577748
-0.766689
-0.188967
1.01257
2.71265
0.908488
-0.264437
1.12071
-1.29851
-1.0493
6.61689
0.143462
-2.28237
-0.136804
-0.442637
-0.344178
0.749381
-2.12216
-0.29511
0.222132
-0.633163
0.372227
-4.08201
0.00397438
-0.31134
-1.54985
-1.37902
0.178182
2.31684
2.07828
0.122286
0.683314
22.7845
0.282527
-0.41989
-4.20526
2.99422
-0.737813
0.0644557
0.3515
0.903748
-0.203117
-3.03561
0.387371
1.28175
2.7675
-51.6683
-10.678
-1.05969
2.00065
-0.000155138
0.174602
0.583017
0.447978
0.788652
-1.03155
-1.04325
3170.88
0.144579
2.43011
6.63918
-1.30373
1.26835
0.30071
-3.9295
0.73213
0.809083
18.8585
-4.35125
1.68779
-1.06868
11.6723
3.22069
-13.0942
-0.123335
1.43179
-0.669167
0.0935703
0.469339
0.865584
-0.0156922
2.87815
0.387032
-1.40482
0.952884
0.235122
-1.4305
0.337141
-1.10014
0.670012
-0.00817402
14.2218
-1.23837
0.040561
-0.316195
-0.0619208
0.670992
2.53556
-0.0270691
-4.90161
0.155049
-0.772309
-1.35955
-1.27271
-4.78226
-5.88493
1.19338
2.33236
-2.35782
5.36982
0.934821
-0.692129
1.61057
-3.44284
17.721
0.494499
-0.15497
0.953909
0.832498
-1.39255
0.504167
51.0422
-0.0847939
0.062996
-0.398542
-1.71847
0.539258
0.291229
-1.75987
0.466936
-0.353135
2.73679
-1.12742
0.639683
-0.974997
1.40923
1.43336
1.14435
-0.132638
-0.972625
-0.830845
-0.818046
0.688519
-2.42438
0.114142
1.42145
-2.23996
2.09511
0.628051
1.14277
0.322962
14.5117
-0.668104
-0.464189
1.48431
-0.654568
-0.354064
8.53621
-2.22893
-1.22505
0.160377
-3.31345
-0.555113
-5.69579
-0.743169
-0.0365583
1.194
185.788
-1.31985
-3.04922
-0.288307
0.387363
-0.682047
-0.0683133
-1.477
0.16082
0.164351
-1.0658
-2.29419
1.55762
-3.14667
-1.31483
1.11267
0.895937
-1.16027
0.988897
-0.375488
-0.224737
0.955885
1.26472
-0.175406
-0.168933
0.820024
15.0105
0.230126
-0.51024
0.204115
-1.50969
0.604423
6.84224
-4.62656
0.14725
0.651791
-1.00253
-1.05771
-1.27578
0.100009
0.735377
-0.867404
3.74298
1.27525
-0.381885
-0.567009
0.579082
-0.0631981
0.315125
0.52295
-0.441006
0.0276247
0.494818
-0.434107
0.46153
-0.448951
0.397093
-1.08702
-0.520723
-0.803757
-16.1564
0.757688
1.29045
-11712.4
-0.465819
-2.61743
0.0927436
2.70914
-0.547753
0.557466
0.739664
1.87679
-0.304225
0.679431
-0.552452
6.85676
0.964635
-0.0396917
0.14456
-1.74427
0.163103
0.665112
-0.442309
-2.41148
-0.724898
-1.73517
4.8571
-0.36611
0.181894
8.37367
5.42435
1.31065
-1.71215
-0.646455
-0.104967
-0.769754
0.203958
-1.54379
-1.93292
-0.306252
-2.45533
3.44102
-0.703056
-1.29749
-0.275313
0.806622
1.72896
1.62592
-0.00752142
19.8296
-0.849042
-0.194111
3.39148
-0.75219
-0.218068
-0.760648
-0.0699193
-3.20607
-2.06529
0.641689
0.0245621
-0.468606
-0.971037
-1.02088
-0.90955
1.68841
-1.3964
0.0725313
-1.70272
-0.462134
-0.351502
-0.333494
2.55758
-0.466726
3.1005
0.77996
2.0311
0.944357
0.214413
-0.7213
-0.530363
1.48958
-2.01927
-0.817597
1.36027
1.81974
-0.6494
7.13944
0.265177
3.20982
0.689085
-0.0945056
2.00511
0.16387
-0.937737
2.55827
1.15833
-0.799522
-0.000975469
1.02395
-1.96904
-2.04983
0.876544
0.290508
1.64229
1.54199
-2.99096
-0.338363
4.08403
-0.267523
1.02836
-0.385061
-0.322569
-3.77631
0.601488
-0.36651
0.468273
-3.99946
-0.659009
-208.054
-0.877347
-0.222556
-1.32164
1.62979
0.14069
-3.77004
1.71768
1.40766
2.9139
7.05904
-1.4092
-0.241998
-0.187416
0.0860128
-1.42925
2.04019
1.77951
80.5142
-0.937954
-2.01183
1.66685
0.587853
-10.215
0.327939
-2.46683
6.93664
0.0693218
0.599892
0.354743
0.431094
0.497041
0.370855
1.01609
0.090788
-7.94537
2.30868
-0.773361
-0.237644
1.78803
-0.636113
-0.217673
1.50452
-1.00986
-0.615264
-11.2317
-3.00722
2.09077
0.254213
-4.18144
-2.40475
-0.88449
-0.10093
8.12315
4.74274
-18.9481
-0.0345957
2.05448
3.33492
100.358
5.22968
-3.17354
4.60438
1.27384
3.26042
-0.125649
0.265748
-2.67681
-0.32041
-0.0677465
-1.32636
3.52503
1.41382
1.10871
2.12717
0.452398
-1.20111
0.0802947
-2.57202
0.94359
1.60114
-0.139627
0.446992
-1.4762
-1.47642
-0.613059
0.399908
-5.81925
-3.1937
88.3281
-0.447484
-4.68318
0.86705
-1.77543
0.5712
0.822785
2.00974
-3.68332
0.411458
-5.39858
3.95229
1.88032
-1.95712
3.56296
-2.97872
7.32382
-0.73157
-0.759232
-1.92311
-1.01115
0.067175
-1.85882
-0.922554
227.17
5.91595
0.557568
-3.79829
-1.42428
1.43217
-2.3565
0.120444
1.14264
0.627357
8.20296
-0.727868
12.2567
0.532694
-2.7947
0.0229501
13.7514
-5.64402
0.552229
-3.64594
2.57633
1.13868
-5.78361
-0.0598269
6.42588
0.200646
-2.82304
-0.371625
1.18874
11.7021
-0.038022
4.81077
-9.28832
-0.384765
-2.20186
-0.37307
-12.9709
-2.03295
8.52166
0.266397
0.450794
-0.183629
-0.668117
1.53611
-1.05551
-0.96031
-0.224314
0.00201171
3.94681
11.298
0.385418
0.207487
70.3675
1.09892
0.83267
-2.96954
3.73993
-1.42678
8.45113
-7.67226
-20.3505
1.82929
-0.385827
1.01453
-0.799409
-1.91203
2.97974
-0.950333
0.305687
-14.2811
-0.707628
-0.811006
-0.80477
-1.51187
2.05149
0.547326
0.505779
-1.35294
60.8941
1.84202
-0.888087
-3.74155
0.290921
-0.617073
-0.351428
-1.93385
7.93609
-5.18797
0.685914
0.241391
1.76444
-0.431463
0.915439
-1.68546
-0.352332
1.61816
1.49961
-0.128902
3.17091
-2.41379
-0.316697
3.63093
-0.420507
0.477889
-0.773863
-0.325506
0.647778
4.27701
-0.867959
5.79583
4.77629
248.304
-0.171614
-1.05338
0.221723
-0.69502
0.835976
-2.35051
0.532875
4.44281
-0.531111
0.027774
8.59068
0.796906
0.404453
0.436307
-10.9694
0.174486
1.66684
0.700339
-0.255795
7.77029
-0.747577
44.4116
0.0257574
-0.636063
-0.524589
3.80452
-6.00729
-3.48034
33.5023
-0.119091
-3.24288
-0.86897
1.60746
0.218535
0.121748
0.137662
-0.155296
0.522792
-0.390409
2.41013
2.16779
0.523764
-7.10549
-2.70371
1.40073
-0.19797
-0.939984
0.129583
-0.419107
0.98982
-0.0940255
-0.115222
-0.525532
5.61121
15.1601
-0.396745
-2.24312
0.527614
1.00889
1.46636
2.7625
0.129667
2.36259
-0.136397
6.95112
-1.56086
-0.173076
0.586857
27.0841
1.08265
4.60916
-0.780294
5.8468
1.4592
0.0369963
0.269675
2.38736
-0.984754
-0.234762
-1.01424
2.33824
-0.29196
-4.1795
-1.67873
9.39245
-16.1926
23.2674
-4.266
1.42558
0.667232
-22.4063
4.46965
0.546356
0.141813
10.7596
1.30261
-1.51247
0.0807536
-0.0685093
2.01062
0.140269
0.338018
0.112968
11.4253
4.3938
-6.21165
1.94087
-4.84096
-0.261065
-5.3859
0.313311
-0.0566514
0.113956
2.35628
-0.674459
-0.126278
-0.883722
-0.660066
1.78852
0.561303
-3.58872
0.71387
71.9227
0.39363
17.191
0.510733
-3.32506
-1.37483
0.417217
-0.700028
0.491449
-1.98467
0.928868
-1.35572
0.981186
1.95637
1.46699
0.836573
9.22905
-16.8448
-19.383
-22.9078
-0.535157
0.51282
0.543444
-0.535719
-1.70829
-0.0571121
0.595149
-0.898359
-0.704725
-0.799769
36.427
1.04637
1.35803
0.66574
3.47487
0.202865
0.203767
1.57139
-0.0412677
-17.918
0.553007
-0.997138
5.67273
6.69578
-19.3189
-1.13745
-0.309677
-0.886465
0.435626
0.750088
0.956978
-0.823548
7.42226
1.47227
1.02184
1.01443
-1.28089
-95.9183
0.880224
-0.354289
-1.84095
2.02331
-1.852
-0.0890978
-5.86937
-5.30934
-1.02106
0.792928
2.4683
1.55621
1.32056
-3.62211
-2.24843
0.594837
-0.387042
1.77516
5.55639
0.324343
0.376063
5.02678
6.75944
-2.73437
-1.74186
1.69456
-3.69733
0.00531886
0.246718
0.19206
-7.22136
-1.77652
-1.08806
-1.11605
2.68796
367.566
1.3697
-0.0938038
-5.06771
-0.252375
3.04289
3.83455
-1.60733
0.00806937
-0.134132
0.313525
-5.17811
-0.603931
6.13033
-0.445486
-1.32703
8.56993
1.48725
-0.67331
4.06155
0.178056
1.68699
-1.16435
1.3361
-0.394814
-33.8874
0.609551
0.275651
-2.0809
0.126929
0.151097
0.28565
-6.47483
-0.855154
-0.996898
-0.0614574
-14.4926
-1.03419
0.113496
0.573679
0.794263
0.819417
0.467496
0.431734
0.140822
1.28622
-0.955029
-1.68286
0.781749
-0.547139
0.775313
-59.9135
5.80246
-1.10313
-0.391306
-3.5149
0.428406
1.43144
-0.130296
-2.04717
0.997222
-2.57718
0.814922
-6.23755
-6.72687
-0.860939
-0.417934
0.228017
0.482068
-0.0706476
-3.90638
5.65172
0.0373681
6.9702
-1.04677
-0.640763
-0.0850216
0.394205
1.61356
-1.51362
-8.00899
-2.12991
-0.213429
1.27154
0.748139
-0.698383
-0.744002
1.49901
-1.77749
-1.25088
2.00384
-0.728177
3.77769
-0.369359
-0.391369
-239.525
1.49621
0.395935
-24.7206
-119.146
0.897174
6.24203
-0.623606
-0.825742
-1.94267
2.10007
3.83608
-0.697511
3.76328
1.18563
-2.97698
0.151609
3.04521
-0.0726777
2.1111
0.65976
-0.456686
-0.475988
1.12826
-9.98222
0.416549
-0.120731
0.274707
0.276344
-2.56028
1.077
-0.734777
0.146492
-8.86476
0.691107
1.93931
-1.34349
0.742988
0.0122352
2.29579
1.44108
-0.537924
16.6695
1.41065
-1.52728
0.263932
-12.0705
0.772454
-1.91997
-0.0373387
1.41811
-0.34436
0.717352
1.53301
0.157779
-3.69789
1.45928
-1.71213
-2.97013
-0.0149587
21.2189
0.674358
5.79454
-0.196543
1.22798
-0.271985
-0.117109
-0.62885
-0.852461
-0.351707
1.3962
-1.29299
0.511501
1.44016
0.476272
-0.31647
13.9659
0.884919
-3.07476
-0.302735
1.63437
-0.807385
0.883951
-0.86192
-1.19369
-1.10256
1.65792
0.622699
-0.23782
-13.1524
-1.0299
6.29776
-1.20129
-4.41527
-0.0828543
-0.747158
0.298263
1.73603
-1.95323
-1.11398
-0.141826
0.670241
0.475031
-1.02574
28.1042
-2.67835
-1.31569
4.8079
-0.121837
-0.955921
19.7513
-0.276244
-0.604195
0.364281
-2.86944
-1.26993
3.83466
0.527904
-0.440989
1.19564
-10.3273
2.28317
0.430976
-0.442643
2.10983
9.74443
-0.024405
-0.214266
0.38697
0.224187
-0.0157775
0.719565
-2.17369
-0.638851
-0.916985
-0.73204
-8.39918
1.527
0.915294
-0.815532
1.33133
-1.63654
5.56703
-0.196302
-6.82552
1.0172
-1.09573
3.50145
0.458426
-1.19898
0.0283876
-11.2837
0.804633
10.234
0.283597
1.81215
-1.28121
-0.288019
1.2233
-1.01732
-0.280719
0.178941
0.488027
-0.149932
-0.170064
1.45771
0.554856
0.283809
10.4937
2.19876
40.1527
0.118264
-0.163584
0.0462708
-0.757326
-0.233579
-0.448753
0.310905
-1.45709
-0.283159
-0.367898
-3.09774
-1.65902
-4.21111
-13.8969
-2.4379
2.18755
2.06564
-7.29905
0.97144
-13.8463
9.92021
1.20124
0.579805
0.564393
0.0140431
-0.44308
0.295825
2.26772
-1.46477
1.06251
-0.629862
1.60748
-1.89941
-0.186035
0.484328
3.45831
-5.77709
0.777596
1.58459
-0.924251
-0.710808
-0.401815
-6.48864
1.21091
-2.09766
2.5711
-0.356107
-0.73508
-2.24958
-3.35371
0.0801701
-0.711645
2.45307
-0.851303
-5.89731
0.533037
-2.01875
-0.229567
-0.743618
-1.01607
-0.0752119
8.2282
-0.492855
3.31559
0.725156
2.62564
33.1083
-0.0513575
4.58213
-0.850887
0.416481
0.0213608
1.20825
-3.20169
0.559797
0.55465
0.260056
13.3288
0.34152
-0.364938
0.11576
-0.39106
-0.610418
2.25204
1.04096
3.58575
0.0369355
0.0178965
-0.665182
5.21162
-1.45639
1.15637
-18.8366
-0.273695
0.0784265
2.25445
-1.30727
1.60672
-1.46375
0.0429814
0.130572
-0.209269
41.5729
-0.232828
0.169969
-0.154064
-0.878528
6.66837
-0.348952
0.12197
0.641759
0.766888
-2.61951
-0.528472
-0.10745
-2.83492
0.209131
-11.5196
2.91261
-1.09439
-0.761135
1.26808
1.32636
-0.739558
13.5828
2.55105
-0.457201
1.02066
-2.2196
-0.358667
0.485504
-6.48262
3.17331
1.62426
-0.0287725
1.0857
0.374537
10.6862
0.0198734
39.0997
0.881184
0.249825
0.807916
-1.39986
-1.11296
1.04769
0.516587
1.39794
-0.546934
-0.598295
0.189724
17.893
1.28735
1.21207
0.494238
1.53651
12.322
0.35284
-1.10376
2.74709
3.66163
-0.92697
-0.0515686
-1.74857
8.07399
-2.65045
0.403861
-0.327729
1.85678
-6.61476
0.118576
-1.36899
-0.425439
0.106002
2.22721
-0.63354
1.32559
-0.117619
0.0833932
0.275896
-0.620672
-2.24023
2.06462
0.283939
-0.558009
0.168369
-1.00368
0.85493
-0.24039
1.64432
-0.0332022
-3.54607
-2.50664
-0.273749
8.80485
-1.46374
0.73473
-0.14848
0.731377
-0.354018
-0.070839
-0.995842
8.26397
-0.118003
-1.54624
-0.465194
-14.3529
-3.50488
0.276814
3.64851
-2.14327
0.595979
-0.658471
1.20667
0.526296
1.48878
-4.64144
-13.9092
-1.68422
-4.8036
-0.480187
-1.65293
3.51034
-1.0977
-1.20566
-1.44376
-0.947353
0.579977
99.6672
0.292069
-0.843091
-2.73992
-0.226412
0.625514
-0.452562
33.2848
0.124166
-6.58862
-0.847339
6.72925
0.77025
0.0569894
-0.612493
1.47011
-0.952899
-1.26741
3.35131
-1.89557
1.59218
-0.31864
-0.699908
1.09924
0.768336
-6.43307
-0.169708
-1.06173
5.30392
0.61464
0.607852
-5.32293
-1.67421
0.672074
-3.23158
0.0131854
-0.160064
-0.415386
0.14153
0.673109
0.937355
0.175779
-1.71425
0.198814
-2.62118
1.16566
-102.527
-0.0174034
-7.25212
1.056
-0.927232
-0.705174
0.413093
1.08852
-0.676151
2.33296
-3.33302
3.0759
-1.18452
-0.504032
-1.13695
-0.499753
-0.845283
-1.36528
-0.722839
1.41081
0.314073
-0.0985205
-1.9482
1.38753
-0.328524
-56.6132
-0.372049
-1.41767
0.870475
-0.365304
-0.994799
-1.10674
-0.383999
-0.313333
0.148074
-4.17524
0.711513
-1.39752
0.0133716
-1.76637
-1.40931
1.1585
-6.26352
-0.215804
2.21213
1.81578
1.58556
-3.00097
4.89038
-0.0297517
-1.11397
-5.80972
7.06034
-0.504801
2.47299
-0.483673
-0.0784459
-0.828136
0.987149
-0.210917
-0.697746
-1.2162
1.27241
-0.986571
-3.38513
-3.51323
2.65433
-0.833316
-1.29243
0.710113
0.55556
-0.643467
-3.61704
-0.253402
1.13859
1.04517
-3.53577
-5.99108
-0.325333
-0.0767721
1.19232
1.56591
-0.561365
-0.115753
0.534218
0.181883
-0.229227
7.35224
-1.50433
0.246032
-3.29936
-2.46205
-1.46103
0.0569056
-0.0788916
0.158053
-1.31885
3.20096
3.37995
-0.944848
0.118957
2.65806
64.5263
1.68496
-2.17192
0.0993873
-0.765907
-0.118919
0.288177
1.70278
-0.427565
-0.812771
-5.56474
-1.00221
16.3599
-0.0486111
0.372826
-0.819951
0.432928
0.585251
0.693267
-16.6475
-33.4827
-1.74726
-17.7353
0.521784
-4.13654
0.252914
-1.26902
-1.5979
3.4622
-1.77227
3.87941
19.3912
13.7049
13.8358
0.435885
1.30057
-1.58503
0.385988
-1.16562
-0.748906
-1.14286
-0.0397939
-0.200895
-0.212873
0.878095
-1.3223
1.63576
-0.497396
1.09845
-0.341282
-0.185516
0.354341
0.665353
0.353591
9.02991
29.5894
-0.274482
0.687824
2.1938
0.425258
0.22816
-4.49802
2.94695
2.41129
2.47103
-5.8687
-1.22081
-6.44947
0.619066
0.747614
-0.0691645
425.44
0.0783679
-0.313824
0.69106
1.12772
-0.836898
-1.10092
0.217675
-1.37158
1.91447
0.400948
-0.406627
0.124682
-1.47469
-1.77412
0.934325
1.98174
0.0803318
-2.58981
9.31909
-22.5717
-2.44276
1.72208
-2.00211
-0.968838
-0.525981
-0.927051
-0.553543
0.000544277
-0.559907
-0.0562842
-1.30798
-0.162118
-0.177513
-1.40687
1.55259
-0.695216
-2.91313
-0.943312
-2.27292
4.56318
1.00288
-1.30564
1.48937
-47.7944
0.714294
-1.79461
-0.501148
-0.50181
2.97209
0.934898
-4.57956
-8.1511
0.975796
-2.67695
-0.413511
-0.338402
-0.560603
-1.77655
1.34987
2.22453
-2.26981
1.18733
0.733258
34.4145
13.4483
0.695609
0.172008
-0.360998
2.02986
-0.754718
-3.36167
0.0958568
-1.44905
-1.02831
8.34863
0.00704803
0.854799
4.80318
0.647976
-3.50526
1.60546
0.639798
-4.26331
-0.0402342
-1.5345
0.289084
-1.2332
0.0879519
-0.337555
0.639832
0.0154144
0.190499
-10.9946
-1.32051
-84.2528
-4.71881
0.69263
-0.0315264
-0.593725
-7.33885
-0.180997
0.333575
-2.47861
-1.62946
0.197686
7.81907
-1.99768
0.350439
-0.636621
0.414757
1.71969
0.751855
2.03739
0.701183
1.04667
0.356189
0.308477
-0.555937
-1.34104
1.7746
-0.782371
0.556352
-0.359392
2.03181
-5.69979
1.66358
0.129219
1.7422
-2.469
-0.43383
0.367865
-3.04691
3.01524
-0.734306
-0.53088
0.582474
0.349815
0.599904
0.533898
-0.856861
-1.11891
-0.223534
-0.91629
-0.61541
-0.494418
-0.496402
-1.31173
0.959258
0.414605
-0.293249
1.04598
-3.84616
22.5687
21.3998
-0.106462
-10.5002
1.73561
0.840548
-10.0634
-1.85336
0.88775
-13.1986
0.634709
-4.0179
3.73545
0.432322
-1.19565
21.1052
9.5543
1.54778
-0.883085
0.336205
-4.56632
-0.878836
0.915423
1.86714
-2.04428
-6.19753
-1.67368
-1.50772
0.748643
0.215755
-1.19906
1.63143
-198.408
-1.09461
-4.66292
0.078324
0.303488
0.0171132
0.670035
8.34715
0.00336981
-4.00258
1.3903
1.21531
-1.88869
5.31015
19.5343
5.60243
0.190682
-24.6029
-0.131134
-2.86395
-0.274128
2.86977
-14.7221
-3.07903
-0.867815
1.41476
-0.624245
-0.729608
0.248311
-1.17853
5.14612
-0.783193
-3.95886
4.05366
-1.0183
-4.43303
0.560758
1.10416
0.75394
7.6003
-2.68876
-0.257095
1.72362
0.576808
-1.04991
-0.669003
0.318078
23.9392
1.60877
-1.53585
-1.09553
-0.0868966
5.19662
-0.322428
-0.263495
3.18743
2.10911
2.13137
-0.203223
2.13133
-5.89574
0.123831
-0.457646
1.5193
-1.14206
-0.934536
-0.539267
1.63109
-0.223614
-0.199908
-7.4487
0.896199
0.884577
1.78268
-1.15579
4.94402
0.0711297
2.64614
-0.847353
-3.7992
1.37286
0.955518
0.622498
1.48761
-0.0841902
-1.27936
-7.04552
4.73603
-4.96983
-2.7818
-0.0487213
0.540619
25.458
0.783563
-1.2842
6.95115
-2.45976
-0.00573369
0.727899
-0.0210711
1.29468
-3.13618
-0.0429295
-1.33882
-0.389317
7.13684
-0.125441
-0.404457
0.0714271
2.11418
0.0650826
0.949535
-3.76452
1.63739
-2.84208
-0.306215
-4.86271
-0.162361
4.60653
0.0293881
-2.11507
-0.713265
0.474192
-0.60944
-0.0444004
-0.183072
0.509683
-1.70738
1.7285
1.44403
0.216906
-0.177439
-4.9084
-1.36125
-25.9918
-0.155686
6.23051
-0.0521713
2.28079
5.63543
-2.02338
-1.60777
0.775178
-1.84419
0.348692
0.25317
5.90184
5.21057
-27.063
1.08424
2.93391
-1.2195
0.34629
-4.41392
-1.36219
-0.24902
-0.553735
0.262975
0.109817
-2.01625
4.28247
0.849263
-1.96587
1.53065
-0.363442
-1.1066
-0.228942
3.09052
1.03907
1.0674
3.10018
-3.8594
0.305253
2.56074
-1.18425
-0.141471
-0.759009
0.0180438
-1.19684
-1.11086
2.35306
0.24785
-1.34378
-0.251094
-0.00733913
1.02494
-0.258611
0.993404
0.637807
6.94774
0.594646
0.954916
3.56853
-2.02998
1.63641
0.382003
0.314285
1.41441
-0.67417
2.78543
1.0352
0.366689
1.25211
1.28414
-22.4522
-1.85236
-2.93935
-5.30889
0.146401
2.17396
0.966763
-0.12972
-0.167941
1.13039
-10.0284
0.388813
0.94703
-10.4287
-0.979984
3.57311
2.38985
-0.455035
-2.42249
0.0938092
-8.5258
2.53255
0.105753
1.50976
0.18883
0.561711
-1.13661
0.303971
-0.623849
0.0218416
0.365845
-0.19925
2.35285
-6.05023
-0.913994
-1.5186
0.324982
-2.66277
6.64578
2.04572
0.964984
1.1969
0.750616
0.641373
0.389995
-0.49467
-10.6572
-2.2598
0.406226
1.1966
0.227553
10.4646
-0.218696
1.02162
-0.63747
-0.250653
-22.4588
0.51279
-0.94791
-0.659781
0.49367
-14.8102
1.6061
-0.690186
-5.77728
2.37867
-1.18801
-0.184318
0.820488
-0.189577
-0.287416
4.60551
3.72197
-2.06118
0.895014
8.4885
-0.576783
-1.44777
-15.1366
-0.817109
-0.668362
0.697506
0.633933
-1.36825
0.375024
-0.892621
-6.88769
0.236021
2.24551
0.244653
1.21187
-2.04083
0.845294
0.345318
-2.39336
2.82648
0.705105
-0.88252
-0.363138
0.165267
-1.01871
-0.732087
19.2745
-1.73468
-1.62307
-0.0847199
0.424436
-0.950736
0.656453
-4.16592
4.78981
-1.56226
0.23514
0.631992
0.124807
-0.178744
-0.543749
1.57311
-0.883502
0.295928
10.0414
-13.3028
0.248205
149.976
7.20517
0.539769
1.52218
4.12395
0.880944
31.7944
2.58696
-1.45189
0.0398343
-7.28579
0.566201
-1.43844
0.66214
1.81744
0.0659031
0.497115
1.76575
-0.190126
-0.641456
-2.36724
-4.18241
-3.06317
-2.44734
-14.3084
1.47484
-0.106057
-0.826017
-6.89298
-0.424901
-3.40373
-1.27609
213.408
-0.521526
3.02027
0.0209188
-1.81476
-1.64112
-0.633206
2.79747
5.90457
0.257288
0.308685
-4.28001
-0.0452649
-0.219223
0.362866
0.183294
-1.42479
-1.49006
-0.769704
2.54018
0.575571
0.13064
-14.2139
1.31098
-84.0597
-1.25922
-0.985474
-0.707822
1.45494
-4.9884
-5.65854
0.698421
-1.00902
-0.730629
-5.67876
-0.764929
2.90517
-2.24719
-1.34106
0.215901
-0.385527
2.06643
-1.68969
0.392229
0.0880416
-5.29833
0.739498
-3.4916
0.0787555
-0.487144
0.528677
0.833555
0.358691
-601.212
-0.75743
1.79121
-0.140613
0.494747
-3.53072
2.34218
-3.19935
-1.72928
11.9595
-0.177644
7.08225
-19.2788
1.95418
-0.717777
-1.19085
0.106419
-8.20028
-0.0905197
-1.06708
0.153173
-5.31465
-0.624094
-0.0539888
0.748265
-0.885743
0.501667
-0.961415
-1.05142
1.89393
-0.0633905
-0.769604
-0.982357
1.46038
-5.03527
-0.643357
-0.459214
-1.54689
-0.508836
0.0318593
0.451528
-1.34463
0.114041
4.3786
0.0178323
-0.80671
0.654175
-7.18031
0.270556
-1.89682
0.123166
0.910731
10.7494
-0.107494
-0.70203
-0.516892
1.24425
1.54936
0.824006
-0.687643
-1.22978
0.104922
-0.335611
-4.6788
0.22571
6.46336
-0.320094
2.9575
-0.367147
-9.18989
0.466782
-5.15953
-0.307784
2.22172
-1.08381
-0.177315
-1.57916
-1.04942
6727.44
1.47244
8.17623
11.0272
0.336833
36.0884
0.755806
-0.337894
5.54708
0.350747
1.17569
1.02519
-0.758955
-4.20909
-0.331816
0.389441
-0.783197
-5.5088
0.407217
-1.25309
0.265012
9.76549
-0.0759767
11.4195
-10.8126
-1.44189
-8.20155
-1.17553
1.71506
-0.0764764
-4.98486
-0.366389
-11.6625
-34.1159
0.846991
1.76154
-0.170603
0.240657
0.390113
0.340806
0.650489
-0.425739
8.66028
-0.470628
-1.27216
-0.123959
-11.4562
3.32677
-0.204939
-2.31374
0.422762
-59.1259
1.62248
0.0223336
-0.243292
-0.977686
-1.14483
1.34604
1.77134
-41.6703
0.926892
-0.762858
0.319143
-0.430671
20.9568
-0.328169
6.46565
0.120163
-0.35416
-1.83503
0.798919
0.302142
0.079583
-20.7685
-1.68837
-1.39705
-0.709094
1.32685
7.83702
0.312786
-0.368183
-2.35643
0.862848
0.415145
0.236682
-10.449
0.921635
0.816858
0.151953
-1.25949
-0.229572
0.506421
3.40878
-0.238775
-5.75637
-0.575771
-1.7338
14.1177
-2.75122
0.027933
-0.19425
-0.754582
2.12354
0.586141
-1.75894
-0.72507
-0.127716
5.74139
-0.699063
0.311947
-1.06124
0.191815
0.632929
-0.564902
0.307289
-0.220641
-0.800981
0.166662
0.478613
49.3021
-0.966663
-1.09756
1.82759
-0.110094
0.0923688
289.018
0.118872
0.893022
34.1907
0.717793
-1.94988
0.701919
4.72359
-0.692706
-0.530574
-6.39159
1.41247
117.298
1.54122
0.55175
0.249977
-1.18753
1.3467
-0.186159
-0.115594
-1.42735
-0.893495
-1.62212
-1.11801
-1.74458
-0.13764
-0.94597
-3.41156
-3.36554
-7.64439
1.05086
49.2369
-0.217867
0.325348
-0.16097
-0.11462
4.27035
-0.642385
-2.65568
1.19413
-0.691412
-0.715744
-10.1755
0.415448
70.8133
1.43538
-0.0711415
0.3358
-0.415604
-1.20405
0.15319
-5.90025
-1.01505
-1.36995
0.0983138
-0.442302
-1.11705
-0.697352
0.190049
5.92323
-0.204769
7.82581
1.98087
-1.58049
0.010958
-0.139724
-1.19168
-5.49193
0.470666
0.757795
-3.25743
-1.56142
-0.649633
14.6426
-1.3235
4.32201
3.29654
-1.32775
0.874009
-0.836797
-0.0877707
0.550126
0.180882
-0.373051
-0.540941
0.165454
1.25404
-1.26333
-1.39943
-1.40962
0.637952
0.790831
-0.660679
18.376
-5.88141
-40.4502
1.28183
1.31911
-0.432016
-532.338
-0.444947
0.0845404
-1.52585
5.98088
0.0400788
1.99816
0.911348
4.32298
-1.8431
0.377896
0.000620797
51.7678
3.0214
1.4552
-19.8675
-0.345136
-4.9701
0.705858
0.860188
1.3407
-19.9317
-0.212115
0.225443
-0.804693
-2.17625
4.52532
0.16657
-0.771758
-0.125594
-1.4393
1.6618
21.3531
2.33442
-2.8225
1.00817
-0.713597
0.298824
0.360564
0.627885
-1.16534
0.274257
-6.87699
0.377345
0.0096008
-2.81652
78.9961
0.542707
-0.763305
-0.278051
7.2281
0.710715
0.392414
-1.38698
-0.330945
-0.620669
0.900344
0.452531
0.0195702
-1.08138
2.32661
-0.146104
-2.05863
-0.0555413
-0.80183
0.251605
0.406388
-0.974088
-0.91576
-1.00034
10.0473
-0.410533
4.84681
0.0178293
-0.0526074
-6.96296
0.253337
0.355095
-0.380504
0.0496456
1.22086
0.9155
0.239794
1.80219
0.603048
-0.0758043
0.597223
0.790575
0.496909
1.48244
-1.20213
-0.14693
-6.60837
-39.4643
0.559594
1.56212
-0.775422
0.952745
0.117876
-1.38138
0.13524
1.161
-0.508707
2.69353
-0.0758962
-0.751182
-0.237345
1.04924
-0.120685
1.35895
-0.937315
1.81894
-1.78343
2.42874
3.04156
0.0310342
-0.0453423
-4.12678
0.0302514
-0.802803
0.418858
2.56941
1.36927
0.650337
-0.748028
0.208217
0.0451915
2.21002
-0.143065
-0.490709
1.31332
1.16258
35.6503
1.06237
-0.281904
-0.0598159
-10.0674
-0.161173
-0.313992
18.7299
-3.26964
0.646322
-0.212353
1.64945
-0.441432
0.28216
1.36473
2.58718
-1.26134
0.40493
0.610059
202.836
6.6658
-1.24946
-5.38063
-1.80439
-0.898195
-7.45411
-8.62685
-0.177358
0.545538
1.36269
0.774265
-1.83888
0.273588
5.4473
-0.238925
-1.50735
0.598271
-2.09585
-0.098774
3.94288
-1.99339
-0.149664
0.900155
-2.04696
3.17868
-1.53712
-0.671078
0.843061
1.11837
0.512986
0.364052
-0.227492
-0.274459
-0.970096
-0.909427
-0.281842
-3.48376
-0.10098
0.195177
0.900535
20.3515
-1.06089
0.394105
0.0696321
6.06227
-2.08804
0.00629615
-0.356215
-2.17661
-0.871546
0.588756
2.32677
1.75501
4.4306
0.359176
-0.873135
0.763173
-0.24516
0.0407039
-0.51464
19.5893
0.922644
16.7471
0.0599709
-0.715306
-0.178795
9.80581
0.875732
5.76659
24.1999
-0.18879
-2.45605
3.23171
1.13023
-1.18277
0.698219
-0.28166
-0.584219
0.640796
-0.00341986
-0.775787
-62.5998
-0.0240761
1.32052
0.0429023
2.4678
1.73901
0.436379
4.14804
