-0.753746
2.83522
-2.34958
-0.12172
1.5716
0.850122
40.7794
0.843892
0.132704
3.44558
-1.27827
-0.806095
5.19617
-0.754205
0.288741
-2.25823
-11.7178
0.203052
4.38708
0.0961228
23.0466
-1.04989
-2.27482
-17.5924
-2.14064
-0.404257
-1.15973
-4.86528
1.50279
-3.69704
-1.42964
-0.426182
2.06266
-1.03413
-0.142896
-2.81805
-10.2713
7.2914
0.55537
1.33255
-1.13296
0.874953
4.00488
-12.3895
-4.13706
-0.610252
-0.232699
-0.272659
0.0272328
-0.958659
0.0715356
0.0242351
-2.60171
-0.249833
1.35479
-0.809214
-1.95253
9.36591
-2.96796
-1.0727
3.48501
-3.4298
-0.397852
-0.881461
-1.58496
-0.227727
-0.513926
-3.1111
-0.329431
-0.742173
-3.943
-2.46653
-3.07112
-0.933861
1.29637
5.39092
0.931923
-0.471511
-1.73583
-1.2159
16.1457
0.822421
3.01201
-3.10678
0.692474
-0.0790771
0.0375784
7.42914
33.0829
-1.90487
-34.1789
-0.379988
0.269754
-0.381383
2.20194
0.62604
0.0422243
1.25553
7.52201
-0.163269
-0.386789
-0.53358
-7.76461
0.307235
0.13597
-0.135562
0.620841
0.183964
0.8889
-3.48012
2.76507
-157.091
-3.14368
-0.881178
-1.51662
0.867735
1.37972
-0.896729
0.868578
-2.9261
21.3315
-2.60811
-2.544
1.16298
0.655751
-4.33907
-1.76995
0.0874073
0.840573
-3.15729
1.0563
2.1112
0.0229231
0.314013
-0.346144
13.9652
-0.634219
-0.16947
0.519147
-0.751615
0.561619
18.0479
1.28434
0.341517
-0.657753
-1.99615
0.559526
-0.365415
-0.38476
-4.71121
-0.388666
3.65541
2.99516
-0.911268
1.51634
6.68305
-1.02261
0.124354
-0.161168
-1.8454
-19.8943
1.52045
0.146431
0.183581
-0.108377
-0.351423
-3.22313
1.06541
12.2434
-2.52963
-0.283395
0.328386
0.490351
-17.2826
-7.74493
-0.447426
-0.255785
-7.88479
0.675858
-0.148702
-2.78856
5.22652
0.355503
0.222178
61.9262
0.388024
-0.258743
0.74588
-1.06925
-0.111539
13.7964
-379.816
-3.00344
0.472242
0.48091
-0.336122
-2.90256
-0.478595
1.05735
2.9145
-0.778835
-1.90064
2.17495
0.0380008
0.62804
0.661382
1.63621
-0.127968
-1.68799
0.109942
-1.11944
2.40122
-5.35056
0.150002
0.703165
-0.171819
-22.2733
0.231088
-3.57448
-1.4558
1.1304
-0.0085468
1.29862
0.413712
0.873676
0.528371
-2.82954
-0.0698464
-0.804377
4.84295
0.543202
-0.105137
1.38061
-1.22507
-9.69012
-1.55025
0.229294
-0.766087
-0.0400592
0.361108
1.9418
0.753999
1.76036
0.474185
-5.2836
-0.0680943
1.60601
-3.2438
-1.17744
14.6794
0.152898
-0.0796954
-8.25957
0.694756
0.738023
-1.8142
0.101797
5.17137
-1.37199
0.731936
-0.0874632
0.985725
1.30263
5.6121
-0.56107
18.062
-0.613676
0.110253
-1.0768
1.20922
-0.918813
2.51981
-0.231507
-0.360313
0.000661958
7.38022
3.39405
-1.73062
0.295064
1.98159
1.49893
-0.30109
-0.477284
-3.27303
-4.89717
-19.8854
3.97203
1.11102
-0.159958
0.0444642
0.845365
0.0752075
-1.34257
-0.20802
-4.50209
3.30983
-0.392131
0.373746
5.53211
0.626372
11.4616
-44.4277
0.974583
-0.657864
-14.7235
0.24496
9.67659
0.00670973
-0.414089
0.638548
0.644737
-2.79049
-0.787446
-1.71717
11.8674
-0.207383
0.223476
-1.48665
1.02075
-10.9804
6.98946
-52.6242
1.06934
1.36143
2.16011
1.27443
0.0016111
-0.882341
-1.24048
1.31726
-5.48478
1.7581
-2.05396
-0.981464
-3.37471
-1.50181
0.0870773
0.0589972
-6.7029
-0.871921
-0.520327
-1.01613
1.21968
2.41792
-1.81577
-0.894181
1.73164
0.915954
-52.4997
-0.470686
0.662496
1.87616
-3.68236
-0.457608
2.52458
-0.556575
1.55326
-0.0889601
-24.1329
-3.30748
0.948729
3.72624
-2.16116
0.0583559
5.9011
-0.12397
-0.540989
-2.58049
-0.145454
-10.2502
1.88954
1.38169
-2.15356
-0.04848
-0.0287403
-1.13684
-0.453836
0.104765
-0.434537
0.138848
-10.8612
-1.22053
0.391959
-0.197184
2.12088
633.203
-1.39086
0.222969
-0.242173
-0.458116
-6.57058
-0.138346
2.00573
5.72694
-1.00868
14.4787
0.130182
0.374411
0.856658
-0.406
-0.641122
9.47298
0.426889
-0.356586
0.118409
-1.07848
0.176234
3.60961
0.418483
0.139597
1.56325
-0.891737
0.907553
3.9744
43.576
-20.5485
0.704891
1.92529
-2.62838
-0.0269446
-0.0837519
-0.544396
-5.38214
0.738763
-0.304832
-1.12298
0.939118
0.243761
-0.126184
0.0865865
-1.28018
-2.00949
0.412028
-0.253598
-3.65342
1.48211
-0.0212725
0.825538
0.682058
-0.651764
4.28786
-0.592824
11.7601
-0.00939371
-0.28042
-0.499493
0.542429
2.7102
-0.0702676
0.282963
-0.762747
0.639248
-1.00613
-0.220525
1.06463
-0.989769
-0.944279
0.392412
-2.45995
0.216614
0.48843
-0.00632592
0.852434
1.02291
-0.276607
2.28472
0.621568
0.308705
2.73039
0.197687
-0.528211
-7.13054
-0.888723
3.74191
0.222163
0.111089
-0.820818
-0.423413
-0.329472
-7.48599
-1.60723
-0.0728008
4.25703
-0.448289
0.152969
1.11923
-0.0127242
0.614178
-0.697741
0.857069
0.560722
0.209113
3.84338
6.30156
0.308309
-0.294645
0.712766
-38.4127
-2.74972
4.98416
-32.7027
0.481182
-4.69208
-0.531958
-0.779412
-0.915452
-0.327482
-0.547912
-6.93986
0.263413
0.0548174
-0.0526125
0.200063
0.12408
4.98549
0.965344
0.210544
-3.25885
2.07009
0.586056
-0.06679
6.13351
-25.8503
-0.811707
0.332672
-6.99714
0.152363
-0.901905
-0.434374
-90.911
0.624029
-2.04937
-0.91653
-0.462193
28.9706
0.220778
-2.25095
-1.86369
-0.359931
0.0964486
-0.356096
0.643349
-0.942225
-3.37773
2.3515
0.697113
2.33494
-0.565762
1.48827
1.98024
-1.2076
-1.23872
0.0501074
1.85599
-0.228616
1.19671
-1.25089
-0.819142
1.25466
0.159477
-0.00182819
0.703449
-0.270439
-3.68132
0.306816
-1.17613
2.24296
0.222596
4.73649
-0.725535
1.58154
0.982095
-1.30558
0.107217
2.28538
-0.447687
-0.272618
-0.128506
-537.204
1423.27
-3.09069
-1.68087
0.0409651
1.78435
0.502856
0.204351
0.378251
-0.216955
-0.167108
-2.425
-1.82273
3.74867
0.810171
0.104302
-0.856024
0.161612
-14.2458
0.209798
-0.552799
-0.157867
2.49803
-1.11866
-1.43053
3.3708
-0.927415
-2.74202
-1.73097
0.913881
0.14705
-0.624747
0.851535
0.01053
0.598883
-0.713488
-2.70071
-4.35963
1.2037
0.560279
-2.36483
-4.21576
-2.71169
-1.0383
-1.18591
-13.9235
0.454451
-0.747193
-0.682752
2.17675
-67.4119
-0.782556
-5.39065
-0.861699
0.332339
-0.50542
-2.67817
-0.0544731
-5.69387
1.99102
4.85389
-0.816465
0.697997
0.898774
0.137672
1.41794
1.96117
-0.849855
-2.64009
-1.10478
0.520172
-0.519535
-2.44653
0.0296465
3.01345
-0.716828
-0.187449
2.15604
4.5479
-0.217019
-7.25077
-0.207839
-7.37617
-2.75274
-1.65724
-1.88307
-74.6889
-0.468578
0.578939
0.498364
-1.98318
0.386192
-18.7125
1.5867
31.7433
-2.63441
-3.80072
0.396713
-0.155803
-0.382707
0.731207
-0.129457
27.5869
-10.4033
1.02039
2.66062
0.0660372
-0.622201
0.0340114
0.295204
-0.837055
0.0585589
587.408
-10.4598
0.216546
-0.805827
2.34406
8.72048
-31.3862
-3.09144
0.290596
2.468
1.86072
-0.0874476
13.5991
1.34476
1.04479
1.38386
1.0331
3.43003
0.912738
0.59271
-0.128485
4.67252
-0.36995
0.568054
2.36522
-2.60247
-1.06872
-36.6663
0.0505029
-0.473278
3.57235
22.7733
-1.25339
0.508605
0.466278
0.554586
-2.17368
2.53493
0.454972
0.387547
0.61285
-2.79918
-0.971095
-0.437926
-1.95472
0.932067
1.60549
2.89906
-1.1454
0.0652453
-0.062768
1.61343
-0.218436
0.00566829
73.3301
-0.69609
-0.807376
1.71708
0.45806
14.0136
0.0884194
-31.3265
-1.51664
1.57316
1.38531
0.219764
-0.910156
1.0489
-0.656236
-4.45249
-0.631994
0.280019
-6.25821
0.881583
0.894862
1.29716
5.88279
-0.90748
33.5614
-0.570066
0.873063
-0.311428
-0.677771
-0.906812
1.86525
0.207284
-0.963225
-0.0689943
0.319723
-9.28439
7.68846
-0.725773
3.99257
-0.763185
0.773163
-2.22542
-2.63317
0.290669
1.29468
1.39692
-0.00328338
-0.736352
-0.464094
0.414482
1.24577
0.118923
-0.159817
-22.5106
0.775798
-2.52929
0.028901
-0.730003
78.1087
3.26977
0.0112152
1.87837
-0.341923
0.190588
-0.789266
-7.22038
0.349743
-0.809163
-0.474635
-0.311763
0.202298
1.63939
-0.0738965
1.10386
-1.61245
2.06396
1.03423
1.4874
2.32241
-0.756238
0.581167
0.290865
0.0381156
1.6866
1.03402
-0.0617947
-3.14547
0.655268
0.647409
2.21156
-3.16912
0.526951
-4.02355
-7.25199
0.163427
-9.20976
0.715935
2.65473
-0.305149
-1.77736
-0.636562
2.09536
0.331842
-0.565842
0.431542
0.820118
4.20497
14.0537
3.88767
5.05327
-0.651236
-0.719185
1.34097
0.413523
-0.167407
-10.7476
1.05246
6.13221
-4.52826
-0.854824
-1.3836
0.0661591
6.99636
2.78505
3.28387
-1.34061
-0.326762
3.44533
-0.20552
-1.04517
-0.803326
-194.413
-11.236
-0.429301
4.74084
5.11532
2.35538
-16.6653
0.37454
4.99895
-1.56288
-9.79267
1.13198
0.487816
0.444395
0.297668
0.527665
0.436898
-0.508958
3.0848
0.507883
1.80547
2.2084
3.00784
0.15216
0.657751
3.62989
-2.21091
0.066927
0.498816
0.448457
0.322842
-1.0663
0.925124
0.524313
-2.77137
0.0524039
0.671054
-1.62278
-0.00831328
-4.824
-0.120029
48.3269
-0.408558
-0.13525
0.245239
7.49861
-0.831637
-0.304745
-0.0164142
0.968413
0.0623155
0.389052
0.0523829
-1.46121
1.69867
-0.28854
-0.631353
-5.86994
-0.551067
1.75059
-0.151955
0.0189029
2.42954
3.15005
2.36265
0.121006
0.469234
-1.3166
0.546197
-0.454666
0.206255
-0.0988738
0.656701
-3.50852
-0.335033
-0.742307
-1.66995
0.540103
0.138826
-1.49944
0.231805
-1.42853
-1.20818
-0.604207
1.86693
-0.119516
0.358377
1.80032
0.0950878
-0.955039
0.604339
0.265489
2.06251
1.57423
-0.0568484
-0.823107
-0.646504
-1.86857
-3.30157
3.79325
-7.87647
-43.7346
-1.8233
-0.717456
17.6043
0.461047
-0.636229
0.157557
-1.28531
0.315188
1.58667
0.723277
0.343412
0.278109
-0.751149
-0.0904465
-7.66704
-1.05505
-9.18317
-1.10739
1.27295
-0.187338
1.27807
0.166323
-24.2336
-1.1144
0.354539
-2.28835
0.204473
-7.07226
-3.59355
-0.97395
0.354112
-3.08252
-0.0338953
0.126551
-8.30866
0.730671
0.874085
-1.4265
1.25536
-2.21986
-0.0795009
-1.86574
-20.9667
-0.195543
0.0772542
1.47033
-0.223034
-1.09492
2.15195
-0.701303
4.00667
0.185371
0.125543
0.296387
-38.0852
4.6893
-1.4762
-0.984161
6.41623
0.108795
-0.251659
-0.0868122
-0.237643
-25.3642
1.14239
-2.21832
-1.94942
0.305484
0.205045
-0.0156245
-1.56925
0.873889
0.602622
2.85667
4.18607
0.373921
-0.112907
5.22389
2.74133
2.35263
0.258175
-1.8165
0.489031
1.41847
0.0899068
2.19472
0.564924
0.337304
3.14756
0.494936
0.680824
0.535438
2.81086
-2.06352
-0.382447
-1.49136
5.9245
0.282435
0.517455
0.458627
-1.3925
0.513972
0.805116
6.21683
0.304017
1.23327
-0.173004
-1.05297
-0.320663
-0.544794
0.179248
-2.07096
-8.84556
-2.91854
-0.570927
-4.15359
4.51949
-3.92113
-1.25896
4.63364
-1.77565
1.94294
-0.287838
-5.5788
0.859022
1.18588
0.772697
1.6996
1.57511
-0.801904
-2.01367
1.53866
-3.39569
-0.148261
-4.58089
0.503972
-24.9245
-1.55283
0.108193
0.329468
-3.62253
-0.771101
0.903587
-1.67524
4.83651
-0.421059
2.45954
0.195221
-0.0291127
0.158538
2.20562
-14.5582
-1.30625
0.4198
-1.93388
-1.69906
0.0142261
1.04409
0.408528
-0.467028
-43.3412
-0.686421
0.895434
0.572088
-17.2499
-2.01661
1.2352
-2.62753
1.3175
-1.24519
-0.163776
0.422379
0.298947
-35.2911
1.69131
0.672921
0.711849
-0.411122
0.0507377
0.0229246
-15.7723
0.742309
0.947672
0.0119249
-0.0766776
0.565444
0.247037
-0.148396
0.090132
0.780615
-1.28298
-2.05061
1.14305
-0.364349
-2.17116
-6.50129
1.08474
0.783459
7.01812
1178.7
-0.0021897
0.112816
0.877642
-2.81273
1.20124
-4.97604
0.797422
-0.0402059
0.179541
-3.06758
-4.50178
0.441033
-0.0814871
-2.45123
-8.12328
2.04016
-0.323503
-0.75701
-2.51381
1.20452
-1.0497
-1.01947
0.175547
7.8761
0.573558
-0.785878
0.526429
-0.48349
-3.07763
-0.145523
-1.91025
0.320903
-0.204584
0.573426
0.294286
-0.78635
-1.91313
0.944239
0.345583
2.63254
-0.132575
0.0123123
-11.3189
-0.0229352
-0.880544
3.82096
-0.207398
-0.0664662
1.62937
-0.340219
27.7215
1.40822
-4.62634
0.678098
2.02163
-1.88187
-3.20398
2.89098
2.08711
0.0298347
0.880734
0.738008
2.8422
0.305199
-0.789055
-0.23115
0.469176
8.70981
1.29816
3.05333
1.32877
2.04328
0.0161445
0.324029
1.62902
1.03791
-19.5646
0.459606
-7.44233
0.561648
2.35031
0.137895
1.15445
-1.88488
2.17162
-1.43282
-0.964599
-6.00602
-0.526191
-0.0562286
0.673822
0.281216
1.6555
1.22354
-47.5178
-0.785757
3.7701
0.293515
-1.47918
1.03532
-0.611858
0.294503
-2.50346
-4.67454
-0.462132
-0.271693
-0.264595
0.667105
-1.08745
-4.11723
0.193207
-3.57671
0.0383789
4.12394
0.942298
0.0364963
-0.91397
-0.572941
0.653135
-3.03943
-0.493181
-34.175
0.660069
3.77631
0.978945
0.190842
-1.37857
-2.21755
-3.36507
1.36752
-0.639879
-0.259689
-0.247684
-0.251967
0.166155
1.74212
-0.00458076
-5.00582
-1.91533
1.3716
-0.354163
-1.98227
1.43861
-0.0105979
-1.12439
-0.261074
0.204101
1.51659
2.5702
1.30853
-0.513413
3.1974
-4.75366
3.60054
-2.08301
1.13608
35.6723
-0.966251
0.473396
-7.12883
-14.2134
-19.2347
2.87754
-0.835341
0.0827142
-0.553558
-1.07213
1.57335
-0.206981
-0.434247
2.36942
4.33692
1.0313
-0.201599
0.0201718
1.03754
-0.252051
-0.744865
-0.170531
-13.1587
-0.314902
-1.71259
-0.883745
0.675945
0.445505
1.03607
0.410406
-5.52701
-1.012
-0.76792
-0.494953
0.0792926
-0.55884
-0.321579
27.5691
-1.00045
0.7455
0.735554
-1.58028
0.558471
0.723695
-1.31196
1.15963
-24.3346
0.577292
1.53314
-0.313336
-7.16594
-0.258219
0.147868
0.443602
1.18445
2.39542
-1.51733
-3.46696
-0.258163
-0.412688
6.7077
3.01255
0.596651
6.91462
-25.9727
-3.73243
-6.17001
0.906166
-0.049258
-2.76657
-2.24701
-2.73793
0.14258
0.82069
-5.72146
-0.752249
1.38209
-1.63525
-0.675903
2.1808
-0.62527
-44.2091
-4.23452
-0.386894
-0.60825
3.54914
1.53974
0.719447
0.284138
-0.295411
0.272147
0.430853
-0.220744
-1.84908
0.650976
0.529684
-3.2746
0.909558
1.05913
10.995
1.34548
1.75273
1.19472
0.000699838
1.01011
-31.6766
-2.98189
0.537402
0.976755
-1.4223
4.58416
-1.4196
1.2577
1.3505
0.248776
0.330463
0.720205
1.0971
-2.05456
16.412
0.367633
107.594
-80.6849
0.528803
-1.06098
0.901296
-0.770381
-7.24384
-0.432916
1.12913
2.91839
0.47921
2.00772
-1.28942
0.479447
0.97734
0.483862
2.28326
-2.26755
-0.481707
-0.359984
2.80864
-0.105068
-2.17772
-1.35109
-1.46768
-19.7838
0.880552
-19.6152
1.50388
-0.357613
-1.2064
-2.87216
0.646212
0.49812
1.99625
24.3824
-5.55146
2.75614
-0.780417
0.661051
-2.22443
-9.72447
0.203244
-2.09096
2.34023
0.723612
-0.715381
71.3892
5.66981
-0.786836
0.352574
1.89963
0.166521
0.647689
-2.33326
-0.562858
-0.225514
1.27236
3.93871
0.00678369
4.31706
0.274201
5.35313
0.312413
-1.5503
0.511986
-0.193994
-0.678588
0.177764
0.420009
-9.01386
4.32756
0.142901
-1.54521
0.113899
-0.855666
-0.884444
-0.00132548
1.35588
-0.191304
1.36656
-0.732298
-0.67322
-3.41101
0.238479
-6.49879
0.830601
-0.512449
12.24
0.326229
-0.288216
1.76619
-4.52419
-0.554912
3.17937
-2.23736
-0.173683
-0.792517
-0.705975
-0.21417
-7.93592
-7.71882
-0.0375026
-0.620507
-0.407614
3.82236
-1.71073
-0.0384711
-1.72966
0.434211
-2.7611
-1.29075
0.475436
-3.08344
-1.96126
-1.1879
-1.97117
0.3183
0.510612
4.96514
1.71039
-6.08039
0.683939
-0.997866
2.08479
-10.6864
0.951761
0.0460254
-6.57806
0.101115
-2.34741
-0.0481797
-0.618958
-15.0081
-2.55321
1.81053
-0.468859
0.91917
0.671397
-0.462432
0.528091
-3.42607
-0.652356
-0.868063
0.303126
1.23701
-0.746558
0.813604
-0.333351
-0.862578
-0.291606
-1.2966
-9.2312
-0.162206
0.293006
1.50049
1.22261
-1.56569
0.976507
1.15861
-0.771453
-1.71538
-1.86105
-0.612109
-0.435503
3.27967
-6.16352
-0.205692
0.198271
-6.00598
-0.857801
-4.51522
0.655396
0.333563
3.44037
-0.496266
0.37127
0.22256
-1.22621
-5.96107
1.95308
22.0646
0.901907
-1.0911
0.932925
-2.79984
-0.434496
-7.7267
1.73056
-2.46243
2.97191
0.614356
-1.40116
0.367493
-0.476345
-0.847254
0.492728
-0.606258
0.162515
2.08249
2.66344
-2.13719
-0.163621
-0.896891
0.955412
0.704247
-0.399504
0.434247
-11.1363
2.36923
66.3726
-0.0333626
-0.217826
-1.03707
-4.12345
-2.10774
0.384552
12.8905
-4.47826
5.65279
-11.4679
-0.339238
-0.59625
5.42915
0.31009
-0.99827
0.41014
2.50802
-0.933806
2.94662
0.162988
0.313184
0.309133
-3.02488
0.26796
-0.0909994
-37.9946
-135.035
1.32727
-0.645224
0.510065
-0.738191
-0.606177
1.02925
-1.71613
-18.3675
-0.0127333
1.1779
-0.123307
-1.81258
-7.76107
-0.670263
0.0692746
1.50795
-0.768426
-1.99155
0.370612
38.7221
0.143992
0.231137
-1.21677
1.16052
-1.3503
-33.886
-0.617433
0.0391748
-0.099793
-1.19441
-2.00774
1.73305
0.969903
5.41817
0.536697
0.327109
0.718015
-0.645404
1.45375
-1.31519
0.469144
0.861781
-0.446902
0.369542
0.556128
7.27475
-0.762527
-1.3093
-0.539645
1.28212
-0.283081
3.83338
-4.60336
-0.230789
0.0751542
18.6511
-8.79992
1.55678
0.305526
0.412984
7.4396
-0.365285
0.833654
-0.107301
0.0927114
1.11934
-1.59644
23.1486
-1.4396
4.4396
0.63303
-1.03786
0.622196
2.67238
0.0151597
-0.0426001
2.6406
0.0817714
1.99358
9.82116
-1.37569
0.441873
0.460525
-6.14995
0.189039
-0.804152
-6.91526
-0.687988
-0.474033
-5.2715
2.602
3.69464
-1.03135
1.22258
-0.15038
-0.238794
-0.0202107
0.364031
3.18368
0.565981
-0.700247
-0.666665
-5.14643
0.932775
-169.52
0.289281
-1.35076
0.0269236
0.894907
-0.435079
-2.20508
-2.74215
-2.91656
-0.550449
-1.01245
-3.31797
-3.44033
0.745381
-0.164062
31.7994
-4.18224
2.28848
1.78871
-1.15703
-1.13178
7.94566
-0.632881
-1.85808
0.121014
0.308867
0.129651
-0.487288
-0.846588
4.06206
-2.22865
-1.54154
0.106968
0.615912
-0.871794
1.04859
0.937955
0.657876
0.00190808
2.35357
1.04211
-0.034755
-0.845114
-0.350709
-1.1215
12.5016
-0.648301
3.22409
3.97628
10.1846
0.97008
-3.94697
4.31712
3.55522
-0.295427
5.8445
-38.703
0.717234
-0.0147596
2.62574
-0.641397
-0.947032
-0.77396
3.63871
-1.13946
1.21339
2.25656
-7.78295
0.820725
-1.25809
-1.33835
-450.047
2.49512
0.693713
2.67496
-1.3569
-0.704974
10.186
-0.912741
2.21992
1.11474
3.59873
7.37442
0.317165
0.974758
1.1227
-4.29861
7.66483
1.69827
136.855
-0.2386
1.01423
-1.27123
14.723
0.395766
-0.447528
9.91866
10.5221
0.00275787
0.449139
-0.475416
2.19715
-0.227354
-53.3665
-2.41831
0.498762
-0.139012
-0.846299
-0.971785
-0.274187
-9.46961
-5.30266
-22.1459
-1.92503
10.7611
0.693531
0.35533
4.19982
-0.514227
5.36363
-0.21527
-1.41759
1.33213
-3.09238
3.2903
0.155265
34.123
-0.685471
0.980984
-2.93208
-2.82904
0.166594
-5.24369
-3.8302
-1.94959
2.37286
20.6145
-0.274579
-0.984551
0.919386
-0.230734
3.53897
0.272933
3.06655
-1.21062
0.508978
-0.287148
-0.547239
-0.207582
1.14987
0.383721
0.448115
-1.30556
-0.241343
-0.226951
1.04661
3.59378
-5.69913
-2.73123
0.470574
0.250757
8.45238
-1.67612
1.11612
-1.66213
0.6038
-6.23574
1.19901
-10.2859
-0.436623
-1.43911
-0.441961
20.9281
-0.694496
-1.26393
1.41057
1.18275
-0.385177
-0.132767
2.1698
-0.609892
1.90472
0.47152
-2.31942
-33.6467
1.69571
-0.0607146
-1.59325
5.92186
0.166721
-0.160514
-1.37044
-0.356206
-0.90198
0.509429
-3.41493
0.191288
0.214724
-1.04131
-0.140159
0.109728
2.39743
1.14184
-3.33925
-0.107669
-1.53652
0.389799
-0.242275
-0.195211
0.159902
0.0787333
1.91678
-1.61235
-0.427788
-0.612311
8.48459
0.453455
-1.5838
-0.642384
1.30216
-1.01174
-0.0859179
0.235304
1.11592
179.966
1.96347
-0.18516
-0.0965217
0.458773
0.544467
8.3142
-1.09238
-0.106988
0.545737
0.384873
0.545995
0.221754
-1.67284
1.45997
-0.478821
0.138617
14.6795
0.0916495
-64.9255
-0.175919
-0.788082
0.254728
-5.11576
3.86072
1.16355
-0.345203
5.26537
0.341595
-1.86556
-0.0850173
1.1739
0.247098
0.822291
-0.246885
12.0262
-12.2773
-0.148926
-1.13762
0.644052
0.457189
-0.4037
-0.0685306
-0.471343
0.328113
-0.330065
-0.595404
-1.18017
-0.535419
0.97732
-2.20336
-0.62668
-2.47286
2.89131
-0.496647
-67.8721
0.468559
0.151331
-0.499841
0.819706
4.18749
-0.397928
-0.415615
0.233717
-0.881253
-0.836663
-2.42061
0.240155
0.268021
-0.0221502
0.429334
2.53552
-0.255145
-0.853207
1.45385
0.512815
-0.0278597
2.04773
0.661202
33.2064
-0.380286
-0.790899
-2.74836
-0.252815
3.62265
9.2536
-0.262049
-0.364033
0.761726
0.605038
-2.64171
0.312406
9.2712
0.255068
-1.05064
-1.6403
1.19293
-0.50557
-2.35539
0.36857
1.67503
0.627743
0.706278
0.23695
2.31504
-31.9098
0.266469
0.636919
6.2338
-0.860942
-0.883264
0.425592
4.68614
-3.70263
1.15593
0.302127
0.713836
7.20658
-0.0396094
0.560926
-0.043946
2.31492
0.345385
209.691
13.5933
1.51401
-3.45087
1.32438
0.821106
-2.28184
-1.08011
7.67089
0.326567
-2.84949
1.8439
-2.50881
-2.71592
-1.62744
0.409564
0.502786
0.190778
0.0301905
-1.55451
1.09742
1.04326
-2.01067
0.14695
0.623878
2.75644
-1.00995
-3.26936
0.383565
-10.9869
1.46971
0.22545
0.677274
-1.9116
-1.07617
-1.8355
-1.99166
0.181731
0.593626
3.38591
0.840418
1.6726
0.576576
0.0119872
0.680395
-0.992062
-0.292322
-1.01276
0.908737
0.344325
-0.0360176
0.156587
-4.42874
-1.11869
2.64442
7.26843
-0.406509
8.06412
1.47331
1.27778
-1.92112
-0.278559
2.90473
16.2843
5.88126
0.142645
-3.69849
-0.204231
-1.40857
-0.109779
20.2449
1.53134
0.202502
-2.32899
0.0036729
-0.658231
-0.0780212
0.591665
2.81918
0.810815
-2.84263
0.623093
-3.8497
-0.339006
2.70821
0.135259
0.0543314
-12.1662
-2.59607
-5.57953
-0.424892
10.5958
0.550993
-2.11659
2.11804
0.0678875
1.07848
0.536791
-1.37439
0.635932
-0.51642
-2.27372
-2.19552
-4.79237
-2.60197
-2.1722
13.1758
0.0248185
1.8653
-0.530855
-0.907371
-17.3144
-0.652305
-0.506454
1.87289
4.43172
1.16754
0.140619
-0.163954
0.0671693
0.0959303
-0.654198
1.56387
2.33826
0.128252
-2.16384
-0.0715447
0.0483589
0.733551
0.350142
0.6777
-6.12009
0.218079
-3.14787
1.17214
-14.0305
-0.0408346
-0.659918
2.40923
0.694752
0.248663
1.17818
-3.89582
-2.69414
1.29257
-135.369
3.99108
-0.378791
2.5643
0.0446512
-0.868114
-0.277008
1.64198
0.707933
0.356822
1.36412
-3.28105
-0.0765215
0.0427231
0.987381
0.633422
-1.2235
-2.1527
3.71816
0.504399
0.669617
-1.34381
-0.146149
0.34137
0.679256
-0.697865
-1.43209
-9.52829
-0.738128
-0.902456
-0.552887
0.950311
7.44049
-0.876088
0.390728
126.934
64.0475
1.39458
0.250851
6.32309
-0.840519
0.562137
-6.10004
12.0542
10.5269
-0.89307
0.886356
-3.65993
-0.359595
1.97216
1.9658
-0.407683
-0.208337
-2.18586
-0.77445
0.380691
-9.12553
-0.801971
0.969449
-1.18508
-4.1814
-8.60948
0.123384
0.0147677
-0.918875
-2.95564
-0.960895
-0.610963
-4.94822
-0.209395
-2.29084
-0.666122
0.0454305
-5.26906
-1.03168
5.12773
54.309
-0.258227
-0.363978
-3.28522
7.82205
-0.141722
1.05079
0.0415238
0.0913542
0.719201
1.46507
2.56016
-0.758292
0.980907
0.172769
-0.711775
-0.343859
2.20653
-0.49872
-4.10269
0.021901
0.0435316
0.845155
2.21288
0.904279
0.257462
2.4223
-4.19628
0.135283
-6.281
-2.55723
-1.454
-1.26838
2.59861
-0.314523
0.697804
4.08702
-0.541644
-0.082343
0.521004
3.21194
0.591727
-0.581413
65.0484
-0.614553
-2.62324
0.00478222
-1.45629
17.9736
-0.808369
0.304002
-1.32622
0.882877
-0.516737
0.0145472
0.2704
1.1966
-1.72954
5.46814
-0.530383
2.38619
-0.860641
2.51401
-1.27409
2.99371
-1.09567
-1.04788
-0.47872
0.990936
-1.77915
0.91194
4.76979
-1.16273
-0.0404161
1.50284
0.00282633
2.54582
0.0601776
0.474205
-1.09219
0.252668
2.01139
0.70356
1.66033
5.1927
-0.469183
3.12023
0.203864
0.172979
1.58881
3.78473
0.35771
0.218901
-0.887106
2.71829
1.55422
-0.0875838
-1.01945
-0.479365
-2.55597
3.08596
-0.871926
2.8125
5.38877
-0.0818317
0.921868
-13.8846
-3.58219
-13.9303
0.76241
0.0461415
-0.315094
0.612522
-1.67458
-0.219825
5.3211
3.10749
-2.1292
-1.17333
11.6843
-0.43205
6.92328
-0.749434
3.4902
1.30293
-1.3584
-1.13565
1.7826
-0.722399
31.0352
1.07008
1.36019
-0.281228
10.1871
6.43246
5.28294
-0.102976
6.58
0.800728
-0.962495
-0.577269
0.19776
2.54246
2.7648
-0.525787
0.561926
-1.79922
0.169889
-1.29693
0.437619
-0.15643
-0.10539
-3.34397
0.417517
-3.25863
-0.665025
4.48166
-1.1227
3.06878
0.789128
-36.4061
-0.693025
-1.37923
6.75978
0.240396
-1.18474
-1.57383
0.976589
1.675
1.08654
0.113476
-4.576
0.355519
0.265189
-0.508467
-1.38021
0.434192
2.59875
-69.6786
2.36178
2.16434
0.978477
0.918976
-6.87968
0.436753
0.504037
0.730792
-12.046
-1.40556
-0.0518117
10.0361
-1.02295
-0.747616
-5.02275
4.38625
1.62734
-3.43037
-7.52397
-0.0553115
-1.15607
0.547984
4.383
0.917437
-5.58446
-1.69252
11.7715
0.679558
4.00199
-2.21833
0.464176
1.18594
-5.8418
-0.207099
26.6415
0.122587
7.55527
-6.58172
-0.392575
-0.432014
-0.00674428
-0.0827898
-6.56549
-1.40999
-1.39983
-1.07195
1.79089
0.463435
-1.86785
-0.871404
0.751588
-0.133824
1.24488
0.495645
0.356406
-0.612094
0.800591
1.1263
-2.08672
-1.75951
0.676203
-4.34213
-0.688172
-0.328502
-0.0629744
-1.48942
-4.02411
-0.547297
1.30948
-0.332698
0.594806
0.290507
0.290989
-0.875802
-1.82009
-0.590434
-0.118608
-0.907875
-1.05888
-1.66755
-1.47564
-2.35424
-3.54311
-0.112256
0.0299604
-0.651114
9.4148
-0.437089
-2.72799
-0.842726
-0.0294368
172.707
-2.24352
2.13335
-0.0380482
0.827393
0.0309701
-0.0960032
1.6325
2.15926
-0.222749
0.467379
-1.08872
-2.34841
-2.91241
-0.688028
-2.51512
0.461361
-2.13793
0.00636021
5.82367
-1.89501
-21.4161
-1.64278
-0.558789
0.0551502
-1.03757
-0.181509
-1.63007
7.57091
-0.844792
0.194263
-0.975803
-0.00578754
-1.17525
0.675802
0.573736
-0.139695
-1.72219
1.53304
11.3641
0.23139
0.254622
-0.520323
-0.676647
0.322428
4.09146
0.0888401
-0.44646
-6.72292
-10.0808
1.35922
-0.894627
0.362777
-6.79371
-0.000973968
-2.95416
-0.0738802
-0.623052
1.4189
-194.459
0.192549
25.2429
-0.370295
1.42561
35.5083
1.83968
0.115136
1.44457
-0.910566
-2.89984
0.906508
0.225893
2.65095
-2.33536
1.58415
-0.46118
-2.25448
0.310045
-0.667536
1.00949
1.39693
-21.3539
-0.275544
3.24696
-0.487548
-8.22685
0.154579
0.0189166
159.71
-5.12129
-0.366968
-5.75939
1.9136
2.15191
12.9129
-0.426929
-1.13619
2.47509
1.00306
-1.94707
0.531184
1.23805
-2.23936
19.2326
-5.3931
-0.296666
-1.29243
2.69568
1.21697
-4.82057
-0.488411
-0.970816
-1.16892
0.28211
0.375782
-1.4292
-1.44875
0.465462
5.55439
-5.68739
0.667807
0.870544
1.04743
-0.283037
-0.414735
2.62504
-2.90463
1.01474
-1.76898
1.19289
-0.693641
1.80233
1.05752
0.287233
1.99537
3.01796
75.2238
-1.09708
0.101022
1.64327
-2.6789
0.269098
-9.89979
0.133001
1.80039
-0.354701
-3.74576
0.502152
2.37346
0.167925
-0.320515
-1.54131
-27.8376
0.456257
-0.351887
1.25185
4.59987
-0.749952
-0.402097
1.48237
0.782347
-0.0734093
-10.4927
0.421746
2.8066
-11.7579
1.26526
0.833961
-2.94271
10.9453
1.44897
-0.802764
-1.59676
0.00538582
0.592771
-9.64592
1.56568
0.74999
-5.20018
17.6959
0.421487
-0.680774
0.0957958
1.61393
-0.080079
6.32497
-0.0706568
1.80089
2.53774
-2.63344
-0.901122
0.46751
-1.19336
-4.14334
-2.56056
10.4854
0.0959026
-0.998499
-0.177006
0.332303
2.56545
0.668246
-0.1712
9.44014
-12.9694
15.7294
-9.57279
-0.152624
0.676309
1.10862
-2.29291
-0.871402
5.85116
-2.64771
2.207
-1.76763
-1.12777
0.364398
-6.39698
0.115501
-7.43783
1.28121
-0.76981
10.9621
-0.51668
-0.500725
2.10721
-1.3686
-46.0109
0.314763
6.95171
-1.21096
0.479152
0.107788
-0.251717
-0.349763
-0.485677
1.02443
1.96306
0.756321
0.439569
-7.27322
0.821788
-3.12081
-1.06654
-0.190689
4.38096
0.8246
-1.27758
-2.0006
-3.85599
-0.96635
-0.848289
0.508105
-2.13116
-2.05639
0.960443
-0.0519785
-2.43783
0.190807
-2.23074
0.358307
-0.759311
0.810864
0.0168666
-1.35985
5.11963
4.84112
-10.8154
-0.285893
-0.304519
0.0307373
0.410752
0.26783
-0.218016
0.882266
3.37125
-0.492973
-0.391667
-1.74849
2.01847
-1.20736
-0.0347953
-1.42727
-0.626316
-0.265201
-0.0586382
0.113227
-1.98006
-0.650545
0.244012
-2.87536
3.48475
1.04225
-2.33731
0.915373
0.826711
-1.32113
1.46874
5.68349
-1.38769
1.44883
-0.769578
-1.41708
-0.234561
-0.0517962
-0.120949
2.11196
-0.0187702
-2.41788
-0.673912
2.04249
5.73368
-0.514666
0.770456
0.178876
1.39117
5.38952
1.22235
-0.102064
-0.224215
0.411536
0.3855
-0.391426
0.709608
0.512826
-0.0117728
0.317394
-0.329924
0.982597
-2.85017
3.81399
0.237024
-0.834156
0.318201
1.3074
-0.637991
2.25819
0.316312
1.38081
-0.0399101
11.8157
0.501928
0.42431
-1.18957
0.2714
0.839662
2.35849
2.40665
-0.572657
-0.120402
-0.410517
-1.72761
0.380302
-0.764623
-0.565789
-0.5329
-0.458961
2.30946
0.515378
-4.26029
-0.374809
5.47163
-3.85755
0.116729
0.604909
0.964401
1.79118
4.39697
-3.85857
-0.0968347
-1.11439
2.73884
-2.43034
-0.920431
-0.382959
-1.2894
-2.15335
0.320647
0.000212568
-0.541862
-1.1382
-0.587605
-0.272373
0.879895
0.216734
0.9221
-4.6506
0.232192
-0.0455092
-0.438846
-0.0798704
0.640514
-0.871297
0.59303
1.09394
0.429627
0.97265
0.863647
0.242582
-0.336766
-0.927842
0.122157
1.30524
1.35793
-0.042809
-1.08031
-0.446492
0.281496
10.9059
0.253727
-0.577457
-2.39224
0.0261995
6.18545
-0.747163
-0.184742
-1.59382
-0.0743599
1.30865
-1.43208
0.956203
-0.939093
-8.27132
-0.242516
-4.72572
-3.07443
-20.857
3.2498
1.18096
15.4124
1.64163
0.0503496
0.480568
-0.830984
1.80224
-0.690283
-0.0378187
-0.528459
-11.2128
-2.06525
-1.80731
-0.242848
-4.69529
-21.7806
0.190197
-1.03847
0.752342
2.44085
0.765505
0.243295
1.40826
0.0491917
-3.94253
36.3203
0.259596
-0.47501
-2.39734
64.8246
0.571311
0.488552
-2.88313
-0.891947
1.68592
0.250049
-0.0166244
3.82962
2.00744
12.1104
-3.12823
-0.94761
-4.31003
0.524145
-3.88796
-10.3483
1.62743
-0.0270591
-0.440769
-0.837185
-0.102507
-1.2676
-1.29728
0.198747
-0.506543
-1.52001
4.19434
-0.107632
-4.83499
-2.04055
0.247929
-2.91122
0.570162
0.229847
-0.138514
-0.329439
2.08153
-2.66939
-0.766881
-0.558724
2.95699
-17.1425
-2.15517
2.88625
0.893048
-2.73087
1.45265
1.92966
0.0446177
2.55865
0.589074
-0.350084
0.12327
12.7289
-0.0957239
0.647402
5.42936
1.76759
0.114662
-6.28889
37.5595
0.575907
-1.46214
5.15084
-10.6338
8.55618
0.417949
-0.741873
5.09867
1.70528
1.37599
1.01493
-1.12909
-3.11499
-0.302606
0.611926
0.153214
0.462779
1.74492
-0.416854
17.4478
-2.05316
-1.50602
0.169398
-1.15258
0.531906
-0.414806
-2.69755
-0.0504609
1.24432
1.65035
-0.979414
7.14757
-0.30873
-7.77898
-9.36605
2.43071
2.97139
-0.548567
-0.146015
-0.865054
2.84605
-2.40097
0.225444
0.0603251
3.61892
-1.13542
6.70887
0.0340073
-1.18141
-0.569834
0.720953
-0.6171
-3.86867
0.581541
-1.53341
-4.75783
-0.0503011
-5.41601
-0.312927
-3.40918
-28.9331
0.412849
-2.56618
1.71013
-0.251093
-8.9324
0.798552
0.0333099
6.75123
10.1835
-0.698028
-0.104075
-0.0616406
-0.642167
-1.23445
-14.0598
-2.94038
-0.15663
-0.259456
7.62372
3.02693
10.9922
-0.9084
-0.253478
-0.729831
-16.3396
-1.30545
-0.361824
6.65893
1.65028
-0.491551
0.331111
0.639639
1.89574
-1.42229
1.02134
-0.365949
0.249771
-0.898227
0.0338984
1.87481
-0.403348
7.93334
-3.21537
-0.32307
0.920414
-1.36382
-1.20565
7.45266
-3.24986
0.329353
1.33458
10.0095
-0.0626235
4.86848
0.656581
-2.08454
3.22246
-6.43924
-22.6401
-30.4712
0.704493
-16.422
0.0175565
-0.287312
-1.20138
0.337292
0.318398
-1.59306
0.199173
0.085519
0.631749
2.12527
-1.62507
-1.04578
0.77192
12.0808
-1.70482
-5.91436
13.9914
0.780096
151.204
-0.64258
-0.0488903
0.295144
0.194956
0.676109
-0.822554
0.126708
-0.447726
0.534751
0.254643
-0.224337
-0.788521
10.2905
5.24959
0.018853
-1.54667
1.69246
0.982445
-2.47354
-0.82294
-0.913435
-2.82875
0.664477
1.50823
-8.93154
0.630166
0.504771
-0.0990732
-0.0910144
-0.592218
-0.40446
3.33974
1.17364
0.0309184
0.509658
0.530587
-0.851181
0.0275237
-0.3846
-0.260886
0.316836
4.1523
1.29111
-11.8904
1.00291
-0.173678
0.262484
0.479176
-0.902382
-0.0464249
-5.10144
9.8247
-1.58333
-1.21706
-9.31841
-5.88184
-2.02252
-1.14967
-0.721408
-0.196587
0.84946
-0.494351
0.395936
1.27238
-2.92257
5.87806
1.20774
0.174912
1.08299
-0.959558
-14.188
0.565981
-0.487705
-0.954749
1.98312
-1.20772
-1.01852
-1.28109
-0.0629162
-9.18625
1.19069
-0.617766
-1.21967
-5.7789
-1.10793
1.20221
0.220905
1.09216
-0.823105
1.03667
-1.54878
-5.9313
-1.26881
-4.13711
-0.795311
-3.78788
2.07736
0.134234
-0.998336
4.12837
-13.6296
-0.130181
1.10918
-0.0707426
-0.978466
-0.529441
0.196884
-8.97092
-2.24716
1.08808
-5.13559
0.499103
-0.0584334
0.303354
-1.37947
-4.37252
-0.734417
-1.10397
4.16806
-3.26034
1.52587
-1.49578
0.655087
-1.96162
-0.958829
-9.24032
-3.82697
0.767708
2.09642
0.889492
0.396372
-0.616627
-0.941805
1.87017
0.860987
1.14746
5.22881
-2.309
12.54
0.0578981
-2.50039
0.484843
2.6145
0.291368
0.922984
0.87251
1.07277
1.32945
0.837587
7.00686
0.461051
34.2168
-0.167408
-1.93673
0.069151
7.76271
-2.36344
1.70276
-0.896252
-3.43597
-0.239088
0.791565
-0.415536
0.170457
0.725309
-0.443092
-0.978185
0.264715
-0.431762
0.0448205
-4.0385
-2.62236
25.2873
0.592733
3.02066
4.0359
-2.8867
1.53051
5.0327
1.74224
-8.82322
0.552436
1.91053
-0.173929
1.41726
-0.786216
-0.0154871
0.00748802
-1.10598
-0.223891
1.36384
-1.14088
-2.9925
2.31315
-1.44709
11.6222
-4.66489
-3.78463
-0.649868
-0.0707396
-3.02097
-0.10812
0.604143
-0.147638
-2.61657
-13.7102
1.79491
0.745232
-1.07926
0.413318
-9.3904
1.50181
0.955444
1.13705
0.407816
-0.699398
0.762327
-0.725933
-0.272249
-0.682014
-0.234465
-0.646441
0.100773
0.331268
-0.477538
-56.4646
-0.64846
0.0172197
0.397735
-0.475216
0.422314
-1.62403
1.66627
0.882605
-1.82662
-2.02312
1.2416
-0.744709
-3.06709
-54.683
-0.527679
-0.831168
-4.06973
-0.142017
0.381473
2.1212
0.14308
0.130397
-0.361187
1.09499
1.48761
0.443244
3.54784
-4.23852
1.59728
1.10263
-1.52404
-0.77462
2.93413
0.524228
-0.189061
1.18927
-0.653906
-0.079792
-5.77332
4.98183
-8.40778
-0.540971
-7.08935
0.528482
0.603593
0.363594
-1.42324
-2.18325
-3.1332
1.75263
-1.28775
-0.399123
0.0310968
2.37734
-1.12423
-0.658456
0.974342
-1.97921
29.5553
-13.5811
-1.10292
-0.657178
2.1061
0.160585
12.182
-1.48529
0.163393
1.99793
0.614725
-0.271298
0.247534
-0.662457
-1.61527
-0.0589818
-0.0291917
0.955499
-2.02171
-0.172101
-0.230553
1.4085
-0.64235
2.05381
1.05411
-1.63328
-1.22022
0.405193
-29.8919
3.47802
-0.751541
-0.363063
0.190892
2.21268
0.3232
3.25479
-1.40798
-0.804876
0.27794
0.798236
1.91449
-0.328885
0.224398
-4.69288
-1.95804
0.104532
0.25789
0.320175
0.257299
-0.438534
1.70723
0.970965
2.14868
3.26265
-0.053173
3.27676
14.0405
1.13539
0.174443
-0.193841
0.421912
1.29505
-0.701008
-0.155857
1.051
-1.17225
-0.637273
-4.96985
-0.377664
3.18847
-3.9424
6.73706
-3.28904
-5.81957
-0.141898
-0.383948
1.0296
0.557354
0.0768903
-0.716475
0.676998
-0.473005
2.81431
-0.945651
-0.073251
-0.437467
-9.40961
10.822
-1.31043
-1.16227
-2.43884
27.696
3.39373
2.56626
0.374659
-107.092
0.380705
-4.71779
-0.921085
2.04485
-8.46586
-1.9401
3.80617
-0.732013
-0.502554
0.154418
0.254825
2.51102
2.62838
0.439807
0.461191
3.98385
-0.0800728
-1.84988
1.64055
0.0585273
1.00126
-1.8804
-0.348324
0.173561
0.408848
-2.06102
-0.474751
-0.643281
1.05472
-6.05943
-0.409881
0.278349
0.311675
2.24061
0.209188
-0.784471
-6.70912
5.67711
0.354059
-1.16623
-52.3598
0.387876
0.863824
-38.6084
0.813206
-0.515762
-1.22141
-2.62491
-0.526654
0.405393
0.861486
-0.649729
-3.94957
2.15622
3.17592
-0.67377
1.12087
-1.94868
2.27117
-1.59464
-3.43729
-1.75531
0.768807
-0.60494
0.0612236
-2.06965
1.23336
-0.118962
-1.83566
0.305259
-4.45693
5.50628
-0.589387
0.193601
0.123269
-0.296922
-0.815009
5.64945
-1.7816
0.367168
0.263996
2.43591
6.31676
-1.59128
0.0789911
0.401847
0.293437
-0.677156
-0.354461
-1.67334
1.03296
-3.50301
1.46461
-0.695109
-4.1092
-0.621243
3.76318
-1.58026
-1.17161
-0.557566
0.347512
-0.541075
0.081786
-12.9895
15.3999
-1.76859
-26.1459
1.01082
-4.05201
0.898508
2.4963
-0.142401
-14.8767
-0.410578
-1.5228
19.1362
-0.45686
-17.2414
-0.166216
-2.34355
145.268
-2.25052
-0.75572
0.251243
-1.74685
0.757738
-0.143973
-3.40001
-3.03272
-0.905944
0.238176
2.69485
33.7355
8.28405
-12.2006
1.70892
-5.20757
3.09963
-1.02104
-1.21631
6.72552
0.439121
-7.3503
-5.51966
-0.874308
-2.44063
0.365165
-0.390348
-1.60359
0.103603
-0.228425
0.624858
-0.605035
-0.0290015
-0.465915
-1.38639
0.109745
2.13721
1.22763
0.813421
-8.26946
-0.349154
10.536
1.44374
1.06913
0.651761
-0.0945796
-0.114864
-0.460577
-0.691131
0.577192
0.763328
0.705682
-0.500351
0.285436
-0.567346
3.1935
-0.861636
-0.793413
3.14765
-9.90951
0.0164282
-1.34535
1.24661
-0.471394
2.26975
1.3038
-0.461499
0.798744
-2.18058
2.46482
-0.584097
0.355604
-3.94206
-2.48599
0.0671889
-0.0761984
1.33424
1.31922
21.9995
-0.572592
-0.272831
-0.721897
2.22342
1.98347
0.396648
-12.5788
0.166289
-6.44408
-0.703236
1.01177
3.70796
-0.482629
19.7048
-0.635889
1.1249
1.89174
-0.0182566
1.14105
5.71926
-0.11156
1.38359
-0.646187
-2.80682
0.221246
1.02084
0.257379
-0.766388
0.606029
15.742
-0.85307
0.498888
62.5728
-3.01629
-0.874112
2.0136
15.1259
0.349405
-1.90079
0.962337
-0.981874
-0.643544
1.30974
-2.56407
2.01301
-0.117088
0.261883
-1.35311
-3.26752
-1.23804
0.628168
-0.135071
0.198439
0.602838
-0.0728694
-1.3122
-0.625004
8.21676
-0.767725
-2.26816
-3.53177
30.1423
-0.972519
-0.358003
-1.03379
-0.0537603
1.50246
2.11788
-0.27435
0.600326
3.1015
-1.87892
0.0944118
0.160484
-1.52149
3.24816
7.16626
-1.14018
-1.11166
-1.01454
0.0522185
1.18835
-1.98051
0.585994
0.10373
-0.596959
-1.9271
1.85194
-0.662359
-76.6854
-5.90869
0.154039
0.302269
-0.382236
-0.065063
-0.127383
-0.926897
-0.0107923
10.3831
0.412661
1.2316
2.21122
-4.11609
1.093
0.642447
-3.18487
-2.79034
-0.148847
-0.485242
1.13899
-0.0515215
-3.77302
0.188421
1.5172
-1.12828
1.72556
-1.31586
-1.0099
-0.0275567
-3.27738
-6.13619
-1.8102
19.7272
6.72983
8.0117
-0.652575
-0.731192
-3.84398
-0.337987
2.29273
4.02216
0.637486
-5.5823
1.32469
1.28233
2.19789
-0.952538
-0.124129
-0.815488
-0.559882
0.0844221
0.44193
-1.76257
-2.57171
-1.12782
-0.13958
-3.17052
-0.099434
-0.487731
-0.445979
-2.84699
2.80503
4.4904
3.04946
-0.666181
-1.43784
61.0707
-0.749819
-0.743057
-0.18603
0.56365
1.61933
0.475381
-0.14669
2.49962
1.95493
1.11336
0.098118
0.213432
-6.17742
1.46105
1.55999
-0.861877
-12.8512
0.616154
-0.293411
-0.575403
-0.276191
-0.0744408
-3.41956
-0.0620233
1.6844
1.75345
-0.670471
1.45277
-1.26028
-0.121033
-0.791676
-0.771305
0.162268
1.33904
1.31566
2.4175
-4.38833
-7.3569
75.7332
-3.75681
0.166269
-0.12264
-4.21069
-0.916244
11.2369
-0.066422
-0.0169755
0.365324
-0.161791
56.474
-2.3487
0.485892
2.24576
2.40522
-0.513141
4.59342
-0.525501
2.22946
-3.66618
0.150974
1.32169
0.538004
5.87821
-0.237403
7.71714
1.3556
1.04671
0.689062
-0.652979
0.0630636
-0.10721
-3.92145
-3.49984
-1.14199
1.11845
-0.361689
0.483164
3.26408
-4.60648
0.832124
0.681276
0.391262
0.779901
-0.321788
4.75355
0.764432
-0.103766
0.357323
0.746245
0.638146
0.397708
-0.653201
-1.68253
-0.421238
1.16075
-0.0313115
0.74203
1.13049
-0.753331
-1.41543
-12.2048
-0.649499
0.801677
-4.02068
-0.111502
0.289086
0.399613
-1.6006
0.236952
2.52923
-1.87518
0.469231
0.455561
5.28745
4.94573
0.458695
-1.76743
-1.42139
1.21706
3.05758
5.9962
2.13237
-1.55872
2.13543
0.778819
0.377854
0.630914
33.4828
0.00806075
2.07065
-1.01333
-0.658846
-4.05651
0.478756
-1.08935
0.460532
0.29177
-0.138835
-0.30111
-0.951867
1.72156
-0.214593
-2.30757
-1.64683
1.39883
4.42753
1.86067
-0.692216
-27.7208
-1.44667
1.13578
-0.564775
-0.943438
6.27845
1.98818
0.734198
1.63363
0.339293
-0.49187
1.52662
0.415991
-0.235546
1.06605
0.479453
0.533686
0.0382726
-1.24889
-0.64359
-1.68647
-2.54137
-2.37953
0.275656
-1.41951
0.19305
0.278301
-0.58899
-2.21765
0.783904
-2.50141
0.149798
-0.566182
-0.17343
0.8344
0.445757
-0.360553
-1.26736
5.47015
1.07396
0.0135567
0.0276185
-4.58705
1.12305
-0.75043
-1.51693
-2.82536
1.05847
0.100367
0.00705855
-2.00776
-0.248558
3.6697
1.18419
-1.14375
0.650188
0.316255
1205.85
-2.30161
0.988919
-0.519482
-0.373615
-0.0870078
1.09291
0.717228
0.70595
0.0544982
-0.382197
-0.736159
20.2844
-0.458951
0.181276
4.31372
-1.39554
-0.675122
2.26657
1.80308
1.68728
2.13539
-0.012146
-0.240472
-2.85216
-0.00268957
23.2057
6.4541
-0.550927
2.09486
0.120264
-1.07509
0.112966
2.75535
-2.33054
-2.29544
-2.24535
7.56671
102.87
-0.461523
2.60956
-1.86589
2.21062
-0.80527
-0.90877
-1.25625
0.00505479
-3.35596
1.87007
-0.240338
-0.595273
-2.0677
0.541221
10.916
1.15765
-0.893481
0.145632
0.0298545
0.706141
-0.948114
-0.853142
0.753841
1.44294
0.441477
2.79922
-2.03326
-0.314896
0.246288
-43.0363
1.00912
0.42495
-0.761681
3.41145
1.30501
1.06357
-1.84054
0.827519
-1.53358
0.652587
-4.12119
18.4932
-0.897377
8.26441
4.8901
-1.55122
-1.63814
-0.936652
0.552916
0.621631
0.957117
0.296103
-0.0594963
0.279145
1.52587
1.71711
3.09085
-26.966
-1.16371
-1.93203
-2.98053
0.798723
4.99175
0.64193
-9.1219
2.73012
-0.428466
-0.633555
-1.08634
-1.70555
3.36705
-2.25352
-0.596498
3.0466
1.27362
-0.427345
-19.4728
-68.8259
-1.1882
64.1896
0.421993
-0.337458
-0.474651
-0.467898
73.2752
-1.26199
-0.087052
-1.93666
-1.32571
11.4709
-2.78654
2.32677
0.631775
20.8932
-0.89953
4.29776
1.21569
0.202453
4.11944
1.82412
0.223046
0.0054052
-0.702435
-350.56
-0.0420456
0.261318
1.63213
0.538383
40.5957
-1.05604
-6.09359
-1.03533
-3.57504
-1.35676
0.223467
0.551542
0.247006
1.64246
-1.28624
-1.80808
-1.16089
0.695214
0.554303
-0.228833
-0.282246
0.243704
0.440719
0.638449
2.87581
-3.26442
1.85375
-2.57055
82.4055
2.15757
-8.19941
-0.919464
-0.513635
-46.904
-0.214868
-2.25302
-0.73439
-2.83825
0.656114
-10.5586
5.45311
-0.720188
3.66617
-10.0077
1.05926
0.51604
0.0596848
2.08037
0.108879
0.752968
2.486
0.699275
-3.7508
2.13083
0.397952
1.46534
-3.01525
9.30732
-0.328021
0.0166495
0.203173
0.255547
4.74426
0.367504
-70.3547
-2.75013
-0.596878
-0.331528
1.4457
0.182741
-3.92731
87.1988
13.3179
-0.323743
-8.67054
-2.56577
0.842301
-0.581758
6.30366
-0.460306
-0.634706
-1.94493
-1.07526
-1.37035
0.53101
-1.67453
-0.815545
-0.0455402
-0.589329
0.272337
-1.21763
-2.04818
-1.74069
-0.0829666
-1.80391
-1.9164
0.630955
0.115179
1.1529
-3.73788
0.919588
-0.0616365
-0.223942
-0.988782
2.64442
0.275818
-0.133914
2.00818
-0.740252
1.51151
0.572278
0.0748694
0.79128
0.0920282
1.44927
-1.80826
-2.61858
-0.565457
3.33448
-4.18695
-0.0642183
4.91951
-0.137866
1.46231
-1.35577
-0.124375
42.4974
-2.65884
0.0323319
-2.45727
-0.128848
-1.73875
12.5079
0.743146
-0.731327
-0.0288285
-27.2786
3.10413
-12.4776
-1.55619
-0.341318
1.14544
0.257332
-0.958644
1.73202
16.0686
1.08196
-1.39419
-0.379514
0.446554
2.45838
1.48783
1.243
-0.513696
-11.519
0.281465
-2.2517
0.437081
0.318442
0.508301
-1.50933
-0.346342
-1.10606
-0.175922
-26.5668
0.228361
-1.6767
0.848424
0.863231
-0.00599852
-0.39357
0.862758
-1.8198
-0.153958
-2.11088
0.701319
-7.17947
-0.124698
-2.55083
1.38186
-0.488127
-0.94399
-0.0998871
-0.917762
-1.48101
1.44282
3.04137
-4.07933
1.14201
-0.225165
-1.44009
0.543075
-1.26535
5.80645
0.246552
-0.321347
-0.00189837
-3.58319
-5.38794
-0.19036
-2.4288
-3.02591
0.12067
25.0152
12.192
-3.10096
-20.1977
0.75539
-0.217221
-1.84481
1.02067
3.10753
1.1408
-2.67496
-3.63902
-1.14734
0.362519
0.210379
-1.13444
0.193136
-0.606427
10.1286
1.78129
-2.41436
0.324408
-1.11369
0.648024
-17.3407
238.49
1.56114
-0.382443
-135.275
-0.329267
-1.06213
-0.18103
-0.0822125
0.162085
-0.445349
0.940445
2.89417
-0.88669
0.641587
0.166792
-0.293943
0.737866
-0.121136
0.193536
-0.040711
1.10061
-1.14031
0.264119
0.770117
-0.279606
-7.58402
-0.0598944
3.07703
0.20845
-0.748192
-1.71727
0.432344
0.160567
-2.39905
-0.367297
-0.885926
-0.850436
1.26245
2.31378
-0.566754
0.323029
20.729
0.0399208
-1.84875
-1.22944
0.339061
-0.714886
4.74156
2.89352
-0.994601
0.0264021
0.370732
-2.12342
0.0758077
-0.0518305
0.3467
1.94963
1.03195
0.702156
0.735599
-0.448527
1.31468
-0.981421
0.726553
3.82389
-2.39713
0.673728
0.29997
-21.0572
-0.85338
-1.29037
0.130977
-2.1282
-3.45491
10.4689
1.84954
-0.877975
0.339398
-2.60213
2.38949
-0.185239
0.399527
-0.765086
0.835179
1.5797
0.217201
-4.37806
-0.346699
-1.89608
-1.78147
0.260721
-0.779815
3.55103
1.74099
2.12011
0.288536
-0.485657
0.0670164
-1.3741
-3.89263
-0.352998
2.65836
3.63021
0.974485
-1.26769
0.233923
1.3229
0.855566
0.370256
-18.3217
-1.64681
-0.825806
-2.62183
-3.58015
-1.28007
0.802697
2.22073
-1.0753
-28.8433
-2.69725
1.69555
3.36427
3.42641
1.87232
10.6081
28.0059
-0.188212
2.61508
0.268678
5.81108
1.32313
1.75352
1.58699
-0.762021
2.42362
0.888412
-0.881519
2.47314
-0.662066
-0.244704
-0.606349
-0.48606
-0.577754
0.669337
-1.38524
-3.92412
2.7302
-0.399208
-0.277391
0.715455
-0.910728
0.939054
1.20536
-7.6486
11.6642
1.38771
-0.475309
0.541433
-4.35842
0.212633
-1.16869
-1.36819
7.3574
-0.680187
-0.617592
0.0660824
-0.249712
-1.68606
0.240057
5.69466
-0.395115
-1.87426
-0.226152
0.398182
92.7413
-0.298126
3.49052
0.546161
-12.2012
-2.31853
0.337163
0.25988
-0.694835
1.88302
0.658606
3.95762
-1.21007
0.0292851
-3.52167
-0.983453
-3.13756
4.96154
0.448314
-2.26688
0.932737
-1.74632
1.05802
1.15083
-1.42857
-0.153927
1.67496
3.38149
0.524283
-0.510837
0.291715
-0.513767
0.263181
-3.96076
0.341405
-1.59594
1.38102
0.616539
2.91054
0.820942
5.72679
-1.70341
0.141126
1.69851
4.32266
-2.41442
-1.62207
-5.08211
0.18022
0.430315
-1.90952
2.44389
1.72438
0.770217
3.90259
-0.188185
-1.03633
-3.24554
0.147045
0.396049
-0.255643
-0.607439
3.0141
-0.966218
-4.88751
-5305.68
-0.0523829
-0.862763
-2.17613
2.97134
-0.566176
-0.364214
-0.185438
-0.0491114
-0.715906
-0.746994
-1.31406
-0.301023
0.47324
-0.473316
1.85221
5.21819
0.272698
-0.438526
-0.459045
-0.515698
0.0351453
1.26599
1.47654
-0.0722198
-1.81179
0.0512413
5.79256
0.381453
1.70132
4.12152
-0.756877
-1.54708
2.20129
-0.00200826
2.54223
5.51253
7.25997
0.612866
-0.405804
-3.18434
-0.81929
-2.45688
-0.407987
-1.10649
0.721629
-1.85324
0.800705
-0.315678
0.361164
0.464232
4.51232
-0.762029
-2.89085
8.30952
-0.043603
0.341335
-0.551123
3.04763
-0.780097
0.358053
1.74655
-1.36539
1.1604
2.45974
-0.35543
2.7905
0.794019
0.128856
-0.696912
-0.218355
-0.0258053
1.67794
-3.66907
0.290646
2.46569
-1.37615
20.0977
-0.0467347
0.617979
0.0314898
-1.8507
-1.51023
-1.43709
-0.0751528
0.362405
0.337367
0.105299
-3.43997
-0.875868
-0.984959
-0.623513
0.768429
0.16826
0.469081
-35.0569
-0.304638
2.06913
-1.51476
3.1997
1.03592
-0.341757
-1.91775
-1.72172
-0.553391
-0.620704
9.60192
0.570224
0.546908
-81.4231
-6.85572
1.9293
0.858238
-0.138535
-0.667346
1.34208
-4.1416
0.349797
0.645162
-3.23481
0.732187
4.35998
-0.0482937
4.8154
0.821255
-0.270845
3.25409
2.97713
-107.045
0.511793
-1.41263
-1.23609
-0.426603
0.719861
-1.04993
2.02979
0.312647
0.560038
-0.344854
-2.40365
-0.121565
-11.6707
-0.470364
-0.841071
2.42865
-1.71858
-1.73043
0.579683
4.65862
-0.465438
4.5011
9.97425
-0.272284
-0.0990441
-16.2238
0.781662
-1.27727
-0.434188
0.395213
1.06117
-0.281775
0.513959
0.800683
-0.968397
-0.651256
-3.6599
-8.06602
79.5526
-0.565675
0.345876
-2.776
-1.06085
0.843504
7.8924
-1.39424
3.64714
-0.619346
0.0984597
0.929553
0.504774
1.20452
-0.010305
-0.406583
1.02205
-2.2629
7.41164
0.529457
-2.00709
-1.9791
-0.732186
0.485393
0.0757972
-0.46632
-1.60022
1.87642
-2.91225
5.09035
-0.880921
1.90236
-1.12553
0.812095
-0.291335
-5.75154
-0.42533
-2.58634
0.41609
-1.26932
-1.89366
-0.859453
0.00359574
0.384149
-1.31656
-0.513303
-1.04753
-2.47867
-0.440258
4.07529
-3.65068
-0.142766
-1.15209
-1.07927
-0.489674
4.18543
0.486149
-1.04809
-3.36229
1.04334
-0.670505
-1.15159
0.574698
-2.03586
0.244049
-0.999672
3.93869
-1.56719
2.56169
-0.681382
-2.86687
-2.41525
1.46104
-0.0011682
0.953911
-0.592169
0.289228
-0.964785
7.86273
-1.73763
2.68585
-0.710567
-3.06959
0.348156
-0.882895
0.445691
-0.457145
-2.11062
2.17388
0.192932
0.39355
-0.925733
1.3154
1.43098
0.704366
-9.78611
0.124974
-0.512625
1.51458
-0.314137
-0.548622
1.80953
-1.42639
367.262
-0.00743923
-2.85844
1.11144
-0.481776
-27.8461
2.66076
0.98207
-1.675
-0.399027
-4.17265
-0.450727
1.08433
-1.08692
-0.450678
-0.229953
-1.26724
-0.868164
-8.95459
2.19164
0.52151
0.988398
0.750627
-0.147717
2.77645
-1.94662
-0.292354
2.4961
2.18746
-1.63258
-4.50508
-0.0302819
-1.31502
5.40633
0.574414
-0.392085
-3.0747
-0.0989235
0.957267
-0.959611
-6.49426
0.648338
0.497279
0.686068
-0.110575
0.0396201
1.74384
1.843
-0.132541
-0.436699
-1.42217
-3.76193
3.15754
24.8287
0.198567
11.9902
-2.09507
-0.649669
-0.851405
-0.738394
0.58032
-2.38637
-0.983433
9.83005
0.224338
0.274538
0.332207
-1.56137
-0.340732
6.2627
-0.529073
-0.473066
-0.320962
0.315021
-0.0388386
0.596525
0.0121694
-1.18654
0.417671
-1.81135
0.34161
4.88587
2.98046
-0.717771
0.215909
-1.81475
0.502339
-3.06073
-0.604985
1.79411
-0.163399
4.90658
1.76599
2.60256
-0.743146
4.99557
-6.14083
-0.484705
-1.45257
-8.17502
-1.34069
-0.375315
0.423829
-0.689385
-1.19084
1.19623
-0.0204876
0.512462
0.424438
1.3924
-2.66402
0.349236
-0.749581
-0.351792
14.7163
-1.31386
0.855698
0.66739
-1.25679
-2.54511
-1.12227
-6.06442
-0.256848
0.463222
1.34919
0.422836
0.74133
-1.19624
0.495775
-46.623
0.749342
-0.228699
1.08103
1.18808
0.395217
-1.13372
-1.15506
0.284533
0.035789
-1.36666
-11.1928
0.221456
-0.527058
28.0312
-1.34655
-0.521474
0.0647709
0.089181
-3.77664
1.54343
-1.01357
1.80312
-0.532903
2.9538
-0.233252
-3.00854
-1.23789
-1.40044
0.893408
2.19699
6.91221
-0.678358
-24.8981
-1.52709
0.101203
-0.332738
4.00455
0.0257596
96.9873
-0.54353
-0.0572549
0.962837
-1.59768
-1.52866
-0.578791
0.668366
0.27613
5.70381
2.09036
-0.752345
0.504439
-0.0547193
0.448967
-0.873009
-0.757231
-7.12316
5.68068
-0.536916
-0.878927
106.006
1.2751
-0.314612
-14.2658
1.38682
-370.863
-0.431616
4.24995
-58.478
0.245194
-0.75568
0.197237
0.478373
-1.01994
0.240214
-42.2258
0.290804
-16.5393
18.4628
1.36128
-12.689
0.775373
0.99182
-3.98544
-1.94048
-0.946283
-3.60722
-0.290398
-7.21607
-0.606986
-0.33964
1.73888
1.57321
0.175191
0.00784527
-1.15645
3.8384
-0.471489
5.395
-1.23515
-0.0254498
0.342798
-0.15689
-0.195344
0.384233
0.935389
0.100688
-1.18418
0.0961372
0.392393
0.822107
-2.34135
-0.964201
-0.0180674
-0.549536
0.791726
-0.193973
1.90156
-5.18411
-3.18227
2.27902
3.81569
2.96962
-1.59717
-0.255608
-30.5512
-0.829425
3.16231
-6.27384
-0.273954
6.04307
1.85999
0.511236
-4.7711
-6.34313
-4.85709
0.174535
1.17177
-0.257879
-2.93245
0.372048
-0.221923
1.31008
-0.425755
-2.01924
1.10978
0.191942
0.795332
8.28973
-3.45337
11.2267
-1.32887
-2.31684
-3.19624
1.31431
0.731453
-1.23881
1.05777
-5.25656
-13.752
-2.77798
-0.282917
1.16164
0.00170431
0.274599
-4.2982
8.89063
2.38674
-1.6663
-2.48861
-47.489
1.52666
-4.00277
-1.32772
6.23339
-0.572414
0.572498
-0.214753
0.0701987
-1.44388
0.851783
-0.527169
-0.145617
0.120373
3.07642
0.563298
-1.12108
-18.9663
-0.00154138
-4.23114
16.5137
0.901742
-0.372381
0.644139
0.180421
2.15131
-0.329006
0.614018
0.687743
-1.03001
-0.0191292
-0.676472
-9.5851
0.0382525
1.67174
11.0743
0.305556
0.26356
-0.489096
-0.275275
0.276237
-1.69419
0.365359
0.467117
1.90044
0.695238
-2.12682
13.0812
-0.579727
-0.734335
-1.67967
-1.91858
-0.614576
-1.07805
1.23388
0.587761
1.8825
0.213525
-0.418077
-0.0244696
0.654857
-0.257277
-29.8306
0.668006
1.48887
-0.476507
0.0366552
-220.116
0.93643
-2.73406
-0.972151
-2.7479
0.2321
4.31373
0.495389
-1.81562
-0.526599
-0.337821
0.278085
-0.920298
-22.9033
-3.34419
0.0295037
0.732275
-0.468728
2.46098
-1.62618
10.0209
1.96799
0.715237
-0.936229
-7.96415
-0.667443
0.0479839
0.530804
-1.04602
0.972383
-1.63572
1.16503
0.329375
1.29887
32.4504
-2.56829
-3.14951
-0.0381338
-0.197743
-2.40941
-11.3742
-7.69099
-372.512
-0.90044
0.982224
-3.51979
-1.80557
4.21531
0.0776326
1.577
-0.421788
1.59756
3.19045
3.18914
4.19237
0.385067
0.299422
-2.0926
-0.902366
-51.4793
1.89631
0.676399
1.6159
1.2926
0.33083
77.9936
-8.20722
-0.137311
0.336273
0.899661
-15.0599
2.76826
-2.25621
-1.55193
0.909264
-1.34915
-0.284823
-1.27397
-1.61996
-0.562046
-3.56975
-1.20784
3.99108
3.93721
0.690611
0.836574
0.376434
-1.42388
0.54829
1.00104
-0.0565109
-5.86396
3.14411
0.0830021
4.52826
1.90012
5.84863
1.09733
-3.1055
1.0423
3.91789
0.0418889
-0.941272
-0.598709
1.00126
27.2355
-0.554536
-1.23399
42.3375
5.94781
-0.635729
1.10893
1.11665
-1.30333
10.4329
6.33267
0.440408
1.10731
-5.85625
2.64815
-1.7009
0.0164581
0.121127
0.515916
0.266676
11.4925
2.13283
-1.15546
-0.130302
0.416117
0.463914
4.44182
-4.05954
-16.3028
-0.229511
-0.536623
-2.08932
4.17488
2.44044
0.485018
-43.5652
1.60215
0.21995
-1.45957
-0.349521
-6.31091
4.82499
-0.42781
0.695961
-1.02145
0.890432
-3.09177
0.690333
0.752994
3.46418
-5.8751
-1.34904
0.710751
-0.991365
0.452377
-1.91776
634.985
0.0738186
3.34316
-0.991152
1.28748
7.70989
-0.720985
2.40411
-1.42839
13.5866
-0.39297
-0.0513612
0.475334
0.121232
-227.414
0.237883
26.4934
4.42403
0.0706951
-1.00958
-1.16491
-0.0194654
-0.0532357
0.129444
13.4971
-0.701427
-0.24068
-0.0298083
0.733682
1.32101
-23.9486
0.646099
3.062
-0.687964
-1.74392
-5.27883
0.298665
-0.219267
0.252938
26.589
-0.251991
-19.5523
-1.49606
-0.1628
0.49387
-4.56727
1.77073
3.5579
-1.76357
-2.34635
0.818716
0.540768
2.16678
1.23702
-1.08374
19.4803
1.74412
-0.224055
-1.48036
0.269325
-2.78942
0.423421
0.867939
0.254702
-0.416467
-0.00142962
1.87738
3.46615
-36.937
1.39747
0.567196
-0.996275
0.453828
-1.6964
-1.14937
-0.601742
1.40236
0.0709594
1.86424
1.1992
6.05589
-7.12368
-0.690601
1.00022
6.00599
0.151492
-0.238357
0.53657
2.40401
-1.31059
0.177611
1.36055
19.662
1.91273
1.21247
-0.781753
2.47886
-1.44228
10.1773
-7.94838
3.23615
0.461944
0.809314
-0.608674
-6.96472
1.92714
-0.176203
-56.8723
-1.8764
0.539652
-0.790668
0.323876
0.791748
-2.3276
-1.12577
-0.741381
0.775837
-3.07196
5.03136
-0.197981
-2.35193
-0.229186
0.833774
2.15992
-0.690621
1.70008
-0.767674
1.3394
0.541362
1.39912
-2.21016
-0.474181
-0.183162
-1.88127
0.313359
0.762694
0.259732
-0.896408
-3.90727
0.284117
-1.8282
-2.35829
-1.89201
5.96912
-1.0583
0.995459
-0.676184
0.0779327
-0.700466
3.16095
0.609234
1.09705
1.53665
-0.61915
-0.350888
-1.83713
0.92174
0.0343491
-0.485597
2.2784
-0.575485
-0.910388
-2.12499
-2.21725
0.396972
-0.152457
0.197657
0.122585
-0.226435
0.605678
4.85453
2.07555
0.252309
-0.533426
1.89619
0.402209
0.803738
-0.329026
-0.152466
0.0589112
2.49389
3.27262
0.0792504
1.3173
-0.234276
-0.645463
-0.275451
0.466723
0.416183
-2.00591
0.103965
0.0891621
0.537547
0.766277
0.89872
-2.42278
0.0216483
0.599279
1.11725
0.949055
0.135509
-0.048209
1.34169
-5.8639
0.953185
-1.81346
2.10866
-0.76433
0.340171
-0.438396
-13.2093
0.893375
0.199699
-3.48544
-0.302808
-0.794011
-1.02452
-3.29689
-0.458083
5.28605
-1.03321
-0.149833
0.0414021
-0.040756
2.10662
0.679672
-0.526431
-3.69844
-0.610366
0.917588
-0.0110113
2.90017
-0.768854
30.4717
-0.440153
-4.11985
-1.88361
39.5329
3.45637
2.21684
1.03323
-3.89158
6.36918
-1.34986
0.876573
-0.629823
-0.743485
2.53612
-0.5154
-9.08691
-7.67724
-0.159766
10.6426
-1.82506
-0.845203
0.458937
2.13319
2.12632
1.86626
0.321649
-0.411179
-0.419131
-0.442786
4.51557
1.04071
1.05283
0.415331
12.6802
28.7984
-31.9964
9.45434
-1.77579
-0.549248
0.971532
0.000717774
0.23781
-0.281744
4.69531
-0.922469
0.304825
1.17721
0.305092
-0.745027
0.644156
-0.660416
0.222179
11.2397
-1.23069
1.65583
3.3879
-1.56766
-3.92508
1.14662
1.07319
-1.8711
0.114225
-4.10094
0.60516
2.58541
0.440458
6.51065
-2.94794
-0.333778
-0.0224983
0.172946
-2.23798
-0.636789
0.230334
1.15612
0.974572
0.12462
0.296683
-2.40654
0.170629
0.792922
-3.12755
0.363593
0.370412
1.22697
1.29109
-0.700329
-1.59853
-0.234451
-11.8347
0.322557
-0.18231
527.196
4.44337
-0.487187
0.423832
-1.23839
-4.42147
-1.13433
1.08946
-0.92886
1.95138
-0.438948
-1.36923
13.6875
-1.11946
4.65816
1.62326
-1.73107
-1.81622
0.450441
0.459961
-2.38703
-6.68894
2.21253
0.682225
-0.459775
5.48237
2.24673
1.16159
0.597232
-0.46591
1.53011
-5.6866
1.28273
0.219475
2.6206
2.94055
0.665695
-0.946163
0.73507
-1.25585
0.225657
-1.26245
1.30488
-3.02935
-0.0214837
0.564224
7.26316
0.941484
1.46072
-4.17903
1.90468
0.0372781
0.234719
-2.5113
0.0465056
0.534755
0.351767
49.443
0.55865
-0.757572
0.595193
-1.481
-1.52105
-0.201807
-27.6429
1.7451
0.776422
5.23691
1.27741
-0.541224
0.091498
0.251558
1.27068
-0.0611159
-0.530011
1.7831
0.688953
-0.548196
-4.00237
-0.0208555
0.995764
-0.0236634
-2.81238
-2.86157
0.0733896
0.0444205
1.23377
3.2632
-0.538287
0.417053
-265.043
-1.1833
-1.32938
-0.344016
5.32134
0.605498
-16.6685
-3.88293
7.33059
-0.535363
0.967452
-0.0911556
-0.262123
1.63514
-0.774718
-2.10913
-2.317
1.38683
-0.691399
-1.74473
-10.9392
-0.211324
-0.0213986
10.4408
-1.5377
1.13785
0.554368
-0.0808225
-0.78385
-2.13758
-5.32151
-1.45199
-1.11533
4.24733
0.735806
1.55616
0.891349
-9.30651
0.939387
-3.3387
0.0474341
-1.03762
-0.416014
-1.24918
1.35683
-0.406742
-1.88373
-4.96448
1.42764
7.04413
0.321221
-0.575832
-12.7354
-1.62148
43.5484
-0.957665
-1.54556
-6.52225
-0.804804
4.09674
0.571851
-0.737983
-0.719621
3.29021
-0.934209
0.0971435
-10.729
-4.57088
2.226
0.355324
-10.2385
0.767318
-32.0728
0.313974
-38.7343
-1.4404
0.221044
-0.316887
0.847029
-28.6324
-9.75599
2.18208
-0.985325
-5.22376
0.344125
-5.3827
-0.377678
-0.335549
0.929695
-0.591891
5.99081
6.27943
-1.26255
1.35252
-0.357407
0.670262
-0.808518
-0.838379
-0.217716
-0.315241
-0.201767
-0.976691
4.08137
-0.282766
5.27269
-0.50579
0.988043
-0.528246
-0.0676058
3.62029
1.00411
2.01834
-1.79205
11.2524
3.08238
0.491746
-0.186936
0.207437
-0.770402
-0.015349
-0.459787
0.240472
2.07672
-0.274373
-5.00229
4.18294
-2.27271
-2.0281
2.13859
-0.420133
-1.32665
-0.00247338
0.482108
-0.480207
-1.1245
1.01315
-1.14299
3.31655
-1.10918
-4.19842
0.845961
-0.377323
-4055.66
3.73733
0.485347
-0.461616
1.02665
0.505598
2.13543
-2.6837
0.967876
0.187077
-1.06878
0.84762
0.201509
-0.984987
0.569044
1.77556
-0.846124
-0.320316
6.3447
3.01106
3.77675
-0.951548
1.95966
1.12822
0.979741
-0.50569
1.63553
3.4292
2.08586
0.0269363
-4.12948
-0.549396
-9.01298
0.113986
-1.26242
3.67039
-0.0505626
0.800402
0.0535475
0.547667
-51.0596
-1.92852
-0.930058
-0.356117
0.0504362
0.650684
2.59392
-2.13723
-1.82491
-1.72653
0.545236
-9.70505
-0.0501998
2.02501
-1.83259
-1.12791
1.32637
1.75558
17.1367
-0.451137
0.0842513
0.0537743
-1.29007
-1.422
-0.871465
0.478417
0.5706
0.479932
-0.239918
3.63029
0.0617605
0.246555
-0.363279
-10.2079
2.14497
-0.205279
1.88205
-3.83838
0.17532
0.884409
1.65358
0.198434
0.350259
-0.187571
3.708
0.185349
1.76987
-0.693335
-3.69101
-0.538754
-0.606811
-0.519949
0.237939
-5.13812
-15.6976
18.4168
4.30613
-1.81368
-1.8341
0.891224
-0.459506
3.85032
0.480699
0.627502
-3.26071
8.00979
0.488899
-0.305763
0.540584
0.668894
-3.45271
-23.8108
1.47712
0.269555
0.893491
-7.28083
-0.570374
-0.62067
-2.86818
-48.7118
-1286.09
-1.30118
0.0503862
0.156463
3.89055
-0.418824
-0.830368
-1.27552
-39.1813
0.816104
7.05045
-0.221279
0.689459
0.851594
0.821022
-0.82496
0.465841
0.215582
-2.10947
-34.1217
-0.713086
-0.143029
-1.75692
-0.273367
-0.0674835
-0.186884
0.0637811
-0.701082
-0.668099
-0.240353
-0.543452
-4.34846
-2.90055
-1.31714
1.0768
-0.722189
-0.206747
95.1669
41.8961
-0.374059
0.0243804
-0.184341
1.93281
2.06173
-13.5793
-8.12821
1.72889
0.168581
0.731985
0.507883
2.39811
-0.996958
1.44766
0.504149
1.39079
1.41027
0.10801
0.950014
0.900916
0.100393
1.01832
-1.84836
-0.503646
-0.134371
0.864591
1.08578
-2.14216
3.27253
3.47644
3.08954
-1.22347
-0.152219
0.397868
0.0403509
-0.360674
-6.84009
-0.466476
-15.2013
-0.372697
-0.537478
41.3154
-7.99434
0.457867
0.539406
-7.48226
-0.527275
0.72264
4.44702
2.94421
-0.0361696
-13.436
0.926231
-0.526543
-0.143249
-0.115564
-29.2777
-1.08673
-0.708069
-12.5943
0.0849137
0.776008
-1.34092
7.63808
20.1363
0.695515
-1.00805
-1.11516
0.145034
1.8453
4.53525
0.522913
-3.77592
0.451396
1.4631
-0.0780493
-6.46454
1.47217
1.16595
-2.07901
-0.267303
0.883134
-0.205532
-0.578372
1.66377
1.22222
-1.81782
0.55925
-0.337435
-28.0222
-0.574718
-17.2009
0.374207
0.713611
1.5772
-4.21872
1.05772
2.03665
-0.687523
0.232755
-0.0227619
-0.876006
0.483355
-12.4213
-0.125463
-0.586008
-7.41185
-1.15313
-2.77416
-0.768324
6.59009
1.88416
0.583254
4.16902
17.4039
0.551274
0.583027
-1.67785
0.973351
1.83634
0.123144
-0.0334299
1.04033
0.367042
-5.03202
-7.44638
0.221309
1.3121
0.198018
-8.39105
-0.522275
-7.44563
-6.41701
2.87873
0.616364
0.96913
11.1422
-1.04608
-1.30874
0.556459
-7.26491
2.19621
1.01998
-1.79179
-0.324206
-0.96312
-27.6569
-0.976659
-0.248369
0.90963
1.57541
0.0837842
0.380145
1.29048
-0.878053
-16.9051
1.01914
1.61819
-0.32343
-7.58679
1.14488
2.05666
18.781
0.0291912
-0.0114618
0.0504447
-0.435796
-0.0461212
-1.29924
0.466714
9.19289
-0.344386
-0.0575168
-0.860837
-1.96994
1.09351
-0.613115
-1.04273
-1.31133
-0.154179
0.283524
1.79249
-0.726013
0.0938081
-3.08981
-0.810846
0.160192
-1.60749
0.736485
-2.11286
1.2923
-2.56625
1.21439
0.0443607
-6.83875
-0.391466
-0.459447
1.41249
0.223906
-1.68286
-0.120411
1.11672
-0.104755
1.52111
-1.62926
0.881896
0.865707
0.514328
0.0376123
-0.641856
-0.173073
-0.942009
-33.6951
0.0459196
-0.206289
-0.0735168
-0.922167
-0.251602
18.4347
-0.35839
0.284042
-32.9126
2.92102
-0.0319709
-3.19329
3.89865
1.09076
12.5276
0.210713
0.0750485
1.34423
-4.23064
-0.164722
0.500458
0.15305
-2.35958
-0.0444149
2.24322
-0.414973
4.26565
1.51685
-1.03199
2.80433
0.236469
0.535748
-0.112724
-263.72
-1.42712
-1.46419
-2.45035
-1.0455
-0.194478
0.351606
-1.0822
-11.7896
-0.871093
0.395838
-0.433701
2.81336
0.25876
1.71936
0.515029
-0.400925
-2.14048
2.63449
0.149158
-0.651396
-0.0594682
0.290723
-12.492
-2.99211
0.343415
13.8224
1.32966
137.455
0.365819
-4.06735
-6.50175
-0.398056
-0.546935
-0.328045
-5.14631
-1.00407
-12.1107
0.289844
-21.8503
-0.32631
-0.316442
0.849101
-1.2581
0.98673
0.786839
-0.480176
-6.62665
2.67019
-1.27127
0.936586
-0.851874
1.42725
-1.41256
-0.0767085
-0.688496
10.0343
-2.5064
-8.06399
-14.964
-0.567911
30.5936
-1.95545
0.388361
-66.8646
4.12946
1.09382
-1.49496
1.35404
0.278129
0.531506
-1.29762
0.213845
0.770718
1.28776
-0.262085
-0.587562
54.6803
-0.701187
8.75367
-0.212979
0.864913
-0.0492223
-0.684009
0.587916
1.31645
0.834048
-2.26879
0.103972
-10.1558
2.24787
0.538723
0.16239
4.96987
2.17314
0.264986
-1.46327
8.10144
0.0854883
-4.75129
-0.0482767
-8.58166
-1.27121
-0.683263
-0.705319
-1.22252
0.771633
-14.6593
0.00305173
21.8138
2.15667
-1.83792
-3.92421
0.0178444
1.3206
-1.3796
2.86251
-0.729877
0.0810794
0.300125
-0.821756
-0.605664
0.0514547
-1.76813
-3.39542
-0.411024
-1.04499
-0.233045
-0.348932
19.4007
2.29295
4.48659
0.386995
1.30218
-1.14461
-0.0239703
-2.20863
-0.731856
-0.335442
-1.10622
-2.32662
-1.68837
2.64833
-0.673769
0.334833
0.804422
1.43522
-9.80247
0.153598
-0.926992
-0.53002
-0.584113
0.192274
2.2865
-1.01537
-1.21843
-28.7475
-0.02282
-0.760431
-3.90717
1.94533
1.60902
-1.15982
3.32071
0.706674
0.597262
0.799389
-2.22281
7.57036
3.75943
0.196638
-1.70519
-1.42311
0.395848
2.11409
-5.82561
-1.20787
-0.564011
-0.590201
-0.281127
1.35436
-1.93727
-11.341
89.9992
-0.775629
-0.996556
-0.0871296
-0.715012
-0.748159
15.6425
0.575711
11.8169
-0.524624
0.100681
-2.76734
0.8336
-0.273506
-1.74194
-1.75815
-0.981786
0.545585
-0.720224
-0.372865
7.66763
55.5327
-0.072883
-16.9726
-0.288949
-1.39041
-0.883247
-2.183
0.410236
-0.646008
-2.54972
-0.692466
0.0344936
0.659758
0.531043
-0.756357
-12.0582
-0.0368473
0.168644
-2.27596
0.687397
-8.71765
0.175545
2.72436
0.0616858
-2.68952
0.3786
-1.22781
-1.61455
-11.5957
1.24105
-0.221546
0.458887
1.68724
0.560162
4.92845
0.425589
1.02343
11.5998
-0.367705
0.830142
0.59938
0.0580175
3.01832
-0.0134842
-0.00916568
1.61252
0.123799
0.433895
1.63263
-0.990179
-1.15288
1.25446
0.206046
-6.41627
-2.95342
-1.51176
-7.26438
-0.442845
1.78821
6.40168
1.91975
-1.59385
147.491
1.53788
0.764679
2.69366
-0.435228
0.926833
1.07301
-5.42638
0.60355
0.283039
0.454085
1.49035
-1.0286
5.06093
-2.79523
0.167648
1.62639
0.485658
2.04247
0.0256645
-0.419803
1.23587
10.3184
-0.559042
-0.790903
0.218879
-0.290251
-2.73977
2.72394
0.216929
3.34577
0.0292305
-6.37293
0.623333
1.44026
-0.894052
0.0160055
-0.184559
-1.24551
0.282686
-0.588441
1.36584
-0.511578
1.34961
1.15743
2.40488
5.65352
-0.0172473
-2.15448
1.78789
0.767383
-1.5264
8.97851
0.83429
0.339563
1.22679
-0.639352
-0.325471
1.466
-0.12525
0.693331
-0.954191
-1.1891
-0.124078
-5.52893
0.766377
-0.315534
-1.34394
1.13006
-0.0850722
-6.36626
0.86301
5.24636
1.12874
-0.313709
-2.20498
-0.598949
2.02336
-2.41223
-0.281082
-0.442803
0.184511
2.10033
-0.157935
-1.88844
0.026609
-0.0940785
-3.77452
-1.12537
11.9593
0.610256
-0.114855
1.39403
-1.53618
-7.1705
0.775427
-53.7049
0.913166
-1.42201
-5.34715
0.474784
0.149833
1.28692
-0.773467
-0.91089
-0.326313
0.128761
0.862973
-0.31516
0.514774
-0.908633
0.735313
2.99441
1.6445
-0.218347
-9.72062
0.0738404
-1.89466
1.25283
3.41966
3.10896
-0.0435086
0.020845
12.5961
0.239085
-0.0480065
0.0974327
0.549878
-0.426088
2.77982
-7.83169
-1.92148
-0.393713
-0.227595
-0.850784
-0.333549
0.624233
0.773858
1.49704
0.0925233
5.0125
0.690513
0.399869
-1.99701
22.2187
-0.0836728
-2.11357
-0.166699
-1.66438
1.8685
1.34906
1.52677
2.27361
0.72646
0.396698
-1.7716
6.79111
-1.06326
0.229859
0.603127
9.91205
-0.867398
-2.31238
0.495873
-1.5429
1.3534
-0.874359
-0.321911
0.0673798
-2.05902
0.583177
-0.104906
0.736927
-1.55833
1.00909
8.14502
2.39522
-0.0401582
0.0723124
21.6778
0.124076
35.2174
-0.146179
0.917562
0.173652
-0.193742
-0.119927
-0.513429
5.91209
0.481204
-0.137822
-0.411875
4.42778
1.3487
-1.5283
-0.799666
-2.73973
0.108118
-0.396577
1.37717
-1.38489
-0.363547
-2.1151
0.543714
2.3117
0.195844
-1.19731
-0.241177
2.1436
-4.52738
-1.33018
-0.732729
-3.38583
0.389331
6.5349
30.4416
0.255868
-154.766
0.244525
-5.14241
1.08261
-0.397881
-1.5095
2.23844
0.52542
106.081
0.889243
-114.354
-0.66704
-0.0349921
0.38363
-0.165382
0.787047
-1.4807
0.530719
0.119382
-0.664284
-3.2988
-0.453689
2.01012
-0.956706
0.995004
0.775741
0.559571
-3.51338
1.18061
0.0649107
-2.04045
-10.0128
0.0959611
-0.661395
0.89364
-6.16605
-0.19569
-3.14413
2.65414
2.27104
-0.259588
0.506182
2.26402
1.45752
0.447175
-0.778981
3.54044
1.14173
-120.052
0.55401
0.435819
6.82827
0.648575
0.0793082
-1.90689
-0.204618
0.608578
0.897677
1.96616
0.988086
-2.12115
6.06317
1.2441
-2.91084
-5.19084
-1.72456
1.88553
-1.24777
-1.32842
-0.855454
-1.12669
-0.634178
1.56072
0.619102
1.81305
-5.30693
0.235455
-8.11684
0.557195
-7.06217
-0.153615
0.58929
-8.32149
0.370197
-0.0534077
65.1088
-1.4107
-1.2335
0.681523
35.3256
-0.00773828
0.0399462
-2.07596
3.10569
-21.6465
1.59993
-1.2242
0.360722
25317.1
-2.47026
0.210935
-8.00127
0.201946
-5.30642
-2.97446
-2.4369
-0.910144
1.19082
0.252263
0.197329
-0.872829
1.26753
-1.02542
-1.05051
0.947705
2.7283
-0.732089
3.97108
2.18695
0.0741135
4.95792
0.588058
0.531626
-1.54085
0.394237
2.45738
-4.26974
-3.02406
-0.0332377
-4.19126
2.41558
0.661908
-2.89995
0.421932
-1.0609
0.224005
-0.179346
-5.55225
-6.22998
3.31179
0.371856
0.558402
0.311993
-0.0111713
-1.86841
-0.870877
-0.457859
-0.420778
-11.1715
1.2015
-0.379488
0.317038
1.42757
14.4912
3.75168
1.42109
0.642306
-2.1207
4.6261
0.486105
-0.679841
-2.32763
0.744212
1.2973
-1.40611
-21.6174
-1.15312
-0.284561
6.83928
-2.19193
-1.39485
-0.49003
-0.394736
0.786052
1.27454
0.183232
5.29476
3.67177
1.69596
-0.23317
-1.5114
-0.384031
-11.8076
0.136324
-0.257243
6.4943
1.4797
0.0322694
0.385473
-1.38061
-0.14063
0.460087
-0.173235
-0.974754
2.43576
0.334688
-0.78062
-0.480871
-1.05164
-0.397755
10.9796
1.70878
-0.523425
-0.163602
2.40879
1.73793
2.67191
1.54995
0.911882
0.152347
-0.776223
0.356868
-1.61062
-16.7848
-0.0630693
0.189118
0.422278
0.309518
-1.38887
0.690421
-1.12658
-0.948753
-1.05203
-0.170802
-2.12259
0.217139
0.450937
-9.32684
-1.85033
-16.3615
-1.2411
0.244569
0.380382
-6.81539
48.8565
-0.0921049
-4.27155
0.262847
-106.056
-12.0935
7.99262
336.922
-0.0583142
-0.00830904
0.191604
5.39196
-10.6251
1.8456
-0.398168
1.61603
1.91565
-7.26876
0.514048
-0.201023
-0.348392
0.250626
-1.03734
0.173167
-7.32805
-3.34671
0.507336
-0.743218
-1.19949
-1.31587
-1.45214
-12.753
2.96935
1.17188
2.41434
0.318193
1.50547
-0.838174
1.97282
0.913327
-0.26562
0.916651
1.95789
15.0777
0.210487
-0.222554
-1.11619
-1.35874
2.59718
0.551988
0.378199
0.679808
-1.49349
-1.34017
-0.139442
-0.57984
0.781829
-1.63649
16.1679
-20.8719
-0.687945
3.4684
0.365822
0.107014
-0.717412
2.77017
-0.686923
1.68003
0.19245
-0.593942
1.20374
0.916226
1.85281
1.41761
0.409795
126.501
1.70254
0.510007
1.75817
1.32961
1.01583
1.80315
-1.36673
0.153378
-0.826113
0.492469
-1.62592
-1.72944
1.07195
6.3737
-0.605474
-1.8849
-0.197496
-0.0378998
-3.37686
-0.827388
0.978689
0.61764
-2.0605
0.0689507
-0.0172779
-1.43849
0.189073
2.40562
-2.20457
-0.0695227
-0.064237
1.73344
-0.843982
-1.12266
-0.436602
0.937117
2.2821
0.436357
-35.7754
0.9108
-1.77343
-1.07547
1.21415
-0.661011
-4.97039
-0.984308
-1.3517
-9.15529
7.46251
14.9893
0.177756
-1.04095
-0.398248
24.652
-0.217874
5.94371
-1.27033
0.384656
4.01297
0.433795
-0.203053
-12.4742
-0.664522
0.636199
-1.26137
2.73293
1.04508
-1.32097
-1.17785
-0.087245
-3.2682
0.674757
17.0618
-16.4648
-1.0648
-0.393701
1.48248
2.7865
-0.708563
0.45333
0.597268
-60.0556
-0.440133
-0.20095
1.2349
-1.61561
-0.46455
12.2359
2.13145
0.224881
0.730507
-0.907257
1.00505
10.0931
1.65567
-12.8209
1.29832
2.9345
0.602027
-0.301516
-0.9913
0.267132
0.172576
1.96467
-1.72552
0.203702
-1.51384
0.825545
0.685201
1.31137
-5.93165
1.00361
-2.72433
0.890325
-5.87481
6.4298
1.46882
-0.609144
1.52427
-2.42256
-4.06412
4.01782
0.0325666
0.884011
1.37761
0.889341
1.17598
2.09496
-0.264123
0.161561
1.31401
-1.81385
0.301309
0.843243
-0.0603919
0.760829
0.322251
-0.00783147
0.173303
-1.88993
4.12967
1.65564
-0.0269804
0.59001
-6.63515
-3.40287
-1.26052
0.418064
11.3358
-0.560459
-1.84207
1.98129
-1.11268
0.900583
1.4966
4.45083
-3.30597
-0.646858
0.711915
5.55287
-0.0485953
-87.6349
-0.420897
0.0649161
-8.87416
-0.232498
-0.254964
-1.22478
-0.414346
-0.378976
0.62739
-3.30059
0.242204
1.77182
0.302278
1.13375
-0.840334
-0.456443
0.44566
4.17477
1.21387
10.7068
2.00054
0.20716
0.0272748
-0.190759
0.347442
1.52968
0.551171
0.540361
0.448092
0.0931043
-1.59345
-0.0580337
0.574641
-1.29395
-0.262744
-1.69111
0.157671
-10.281
-2.48785
0.609756
0.817863
-16.9687
-0.531123
-1.63407
-0.19591
-0.919868
0.121224
-0.494443
-14.2443
3.69184
-0.601755
1.02733
0.894324
-0.26277
0.564179
-21.2199
38.6149
4.07204
1.2667
0.710242
-0.904941
-0.924335
-1.54304
-0.284477
1.43706
-0.726138
1.36347
-0.226393
2.13413
0.80657
0.445338
-0.208173
0.0170857
0.262614
-0.186217
-3.7545
4.02224
-11.3392
0.435735
11.8862
1.65051
0.575308
3.10908
-0.636945
0.876066
-2.24479
-0.238309
-1.2538
-0.817488
0.502541
3.54686
1.06029
-3.99325
-0.887151
15.8466
-1.80669
0.0223321
-5.4019
-0.874082
-2.09963
0.299302
-68.5619
1.15288
-1.26047
-1.54833
1.25678
1.03619
-0.133312
0.329031
0.68994
0.84779
0.137531
3.6037
10.5432
1.50444
0.968493
-0.474751
-1.56238
0.996687
1.75556
0.996882
-0.128886
-0.832841
0.231549
-21.5047
-0.170086
0.193984
-0.923527
0.396285
5.77297
-1.02819
0.290117
-1.14585
-3.0368
0.0334733
-3.17157
-1.90665
0.7462
0.216616
10.9641
-0.228562
-0.564053
0.549141
-0.00148354
-0.717047
3.34097
1.84706
0.268652
-2.04731
0.741754
0.395361
1.76425
1.15263
5.22014
0.626043
-2.38291
0.549576
0.154477
-2.2046
436.834
0.400639
-0.862319
10.6057
-2.87476
-2.09786
-2.44984
-0.831924
-16.7676
0.656498
-1.75368
0.403926
-1.60917
-3.84698
-0.194755
-1.25108
22.8325
91.2435
2.13536
101.435
-1.41782
0.26032
0.0440293
-0.62522
-0.735848
0.172593
-0.356168
-1.77996
5.25674
1.47677
-0.744138
3.0643
0.542895
0.730604
-1.12866
0.506104
-0.818038
-0.158683
0.185727
0.224043
10.1219
1.1132
0.303245
-11.4994
-0.294049
-1.55153
-1.78629
0.59495
-2.03894
-0.701935
-0.359885
1.96311
-7.45776
2.46778
-0.166706
-0.59006
-4.3353
5.72836
0.179333
8.89429
3.39467
0.371686
-0.390366
1.48175
0.975961
-0.224957
0.391002
1.26076
0.0997928
4.30909
-0.619007
-0.088736
-0.080282
3.64913
0.518753
-1.41669
0.409515
-0.2567
1.09514
-7.50002
0.441831
-0.0696247
0.107726
-0.346984
-0.373263
-0.186909
0.0122126
-0.40011
0.0914791
0.396883
-1.90822
5.58188
-2.59345
1.91759
0.118375
-0.934553
0.100458
-0.770542
-4.83828
-0.918568
5.0565
-0.462972
0.09577
1.8365
-1.13436
3.22834
2.47255
0.97381
0.303263
0.807105
-0.682838
0.663861
0.233636
0.994478
-1.73913
-0.614221
1.36264
-0.496254
0.869382
4.83823
-2.07505
0.765368
-9.82104
0.862234
-1.6677
-0.714083
-1.60904
0.40233
-1.1589
-1.09935
-0.684435
3.27927
-0.0862388
0.345612
-2.17192
-0.964475
3.18837
-15.9432
-19.2932
0.501441
3.50888
-2.1082
0.673659
-3.93091
1.03316
-0.619338
1.15323
0.121805
-0.856818
1.34772
0.404583
5.05812
0.650796
1.04937
-1.03159
2.4131
0.165745
-1.97852
0.416347
-0.147707
-143.884
-1.34807
0.0488279
-19.4533
1.92406
-0.175762
-4.01683
4.52194
1.04852
-0.588845
0.0463806
-17.5088
-1.0091
-0.343486
8.76484
0.390676
-8.44046
-0.231767
-0.177389
-0.157894
-9.51423
-0.699597
-1.36403
-0.535855
32.4395
-21.1301
1.15273
1.1275
-0.253462
0.703482
0.521042
-0.7779
0.132171
-0.115437
-2.3351
-2.8774
1.37265
19.1342
0.267405
2.26986
-0.123106
2.19983
-0.744586
0.410336
0.646378
-0.000829858
-1.52216
-1.00145
-3.3606
0.270726
0.0613467
16.3448
-2.73761
-0.983045
-1.27919
1.31781
-0.686455
10.6454
-2.58857
-167.909
-0.0915341
0.584926
-1.20049
-2.71431
1.1674
-0.216401
1.16895
-0.263076
2.88767
0.484577
-1.1156
0.063894
5.34498
0.523592
-1.14921
0.0913304
-0.737556
0.314009
-0.71702
-0.833915
1.42686
-1.12439
6.56187
-9.11589
-1.53608
-0.874932
0.471764
-0.378342
-0.718477
5.05639
-1.04192
-0.528272
1.05844
1.38166
5.8124
0.0412375
0.585852
-1.85404
2.56652
-5.09757
-1.56648
-7.58046
1.08222
-9.83502
-0.974298
0.528562
-0.410359
-0.181026
-0.109131
0.209858
-1.07051
-1.00655
-2.44089
0.855424
-0.0496391
-0.19581
0.934434
0.751064
-1.24543
-0.870232
4.20698
-112.376
-0.347952
-1.79155
0.432236
8.23342
-0.158775
0.908257
-0.596988
0.241554
-5.20473
-4.52537
0.406004
-0.142107
2.71248
0.0369102
4.23305
-8.94559
-1.74144
-2.60413
0.55318
6.00956
-0.592301
1.63705
-3.28951
11.3398
0.320379
-0.553166
2.59074
-0.452917
0.650372
-1.17643
-0.0184429
0.389455
-1.26918
0.879464
1.93859
0.0802845
0.453137
0.512204
-3.78976
0.589152
0.81629
0.669726
-0.759948
0.863527
1.91292
-5.65914
-2.45187
-0.454156
-0.273658
0.798231
0.447983
2.37565
0.818676
-0.293269
6.11595
-1.35957
0.308651
-1.08487
1.80965
0.887578
-3.33442
0.846767
0.0897773
-1.61799
-0.912029
2.44591
-26.0732
3.44043
3.85057
0.0814829
-6.63026
-0.346796
-2.81779
4.99749
0.833251
-0.46962
-1.32003
0.649051
-0.834512
-1.15457
-0.333682
0.362481
-2.66931
1.16452
-2.1151
11.9833
2.99843
-3.3146
3.59006
-1.69741
-9.55664
1.46689
-0.372579
-1.2116
0.591925
-3.33197
-0.077349
1.18607
0.46857
-1.12805
1.01635
-0.332234
12.2789
-0.462964
0.352764
0.697369
-2.03986
0.793343
2.04151
0.510307
0.0251018
0.613719
-0.110304
1.06614
0.15479
-0.668636
1.94157
19.9846
-19.6393
1.65729
0.257127
5.91852
0.465129
1.11963
-1.06588
-4.3523
-0.237499
-1.16422
0.611641
-6.12548
-2.32982
-0.73931
0.208859
10.3901
3.35749
-0.430919
-3.78527
-0.7829
0.0480954
6.58598
1.88821
-0.751445
-2.09061
-0.365112
1.51205
0.615865
0.888486
1.17563
1.23436
-1.25796
2.45876
5.6109
-0.135871
-1.35336
1.77141
0.497134
0.0743439
-5.37152
0.929429
2.31983
-1.30679
6.28161
0.269974
0.132639
-1.3768
-0.494593
-0.769808
1.06033
0.726394
3.38215
-3.35468
1.55978
-1.92029
0.219556
0.893946
3.65866
-2.33206
0.885141
-8.24622
17.0518
0.439142
0.95796
1.72389
92.9021
-6.65734
-52.5279
0.999057
-1.25461
0.730022
1.29798
-2.59994
3.9413
-1.48674
0.16403
-3.73698
0.371224
-0.703329
-1.2444
-0.101142
-0.217554
-3.84916
-0.370922
-2.88677
-1.52928
-4.46719
0.031498
-4.02794
-0.765902
-1.14134
0.0774154
0.214491
1.91741
-4.98681
0.309419
0.839715
-1.83205
0.0555596
-0.0291078
0.650782
-0.431011
1.49776
-0.51694
0.50671
-1.63559
1.78409
1.24264
-8.422
-0.0203679
1.51475
3.80605
-0.34191
-0.669607
0.305863
2.81048
-0.0373713
0.600582
-0.59284
-0.916967
0.952221
71.2442
7.41003
-4.59196
0.297847
-1.30784
0.688618
0.531135
4.27566
0.763151
7.24276
5.79245
1.34051
2.88991
-1.11721
1.64094
-0.303051
0.452544
15.7572
0.672125
0.332361
-6.53119
-0.606617
-1.07054
0.719158
5.23798
1.12308
0.645189
-2.73023
-623.875
4.18917
-3.19947
5.89148
1.31509
-0.373833
0.136643
2.41385
2.99522
-0.00125532
-0.0960358
0.323602
-0.728222
3.82851
0.0290098
3.97194
0.0214892
1.58727
0.381468
-0.283402
0.471071
-0.399813
-6.73214
0.442516
3.95923
-1.13554
-14.5146
2.36388
0.61296
0.924777
-1.59074
-5.44581
1.81385
3.0587
0.373199
6.21757
0.12444
-2.27559
-1.5858
1.35694
-0.353269
-1.42419
0.155509
1.16696
-3.11133
2.31548
0.953372
-1.77668
-0.161623
-0.969949
-6.22607
-0.49672
1.28717
0.194654
-4.53848
-2.73713
-4.78669
-4.47112
5.16202
-0.635157
1.87776
0.942183
-0.35725
23.9022
0.872769
-0.0998592
0.775942
0.950149
0.220805
0.585948
2.82813
-0.636508
1.08316
1.29591
-2.10573
-0.111669
-10.328
-0.0109919
-2.64529
1.14497
-1.75854
-2.62051
0.0499029
-3.31278
21.7563
0.0197601
1.27786
-3.79
4.73589
0.724634
-1.83142
-0.368535
0.54102
-4.6406
7.26623
11.8139
-2.75064
0.0587129
0.353999
0.372691
1.29389
-0.135093
2.72964
-4.77615
-0.0360575
2.7646
-4.98952
-1.30593
0.638471
1.55856
-0.0973562
-1.26048
0.968036
-5.79247
1.52721
-1.02075
-0.303723
-0.828526
0.682317
-3.08421
0.664663
-0.722513
-6.47722
-0.210806
4.30777
-0.0218778
-1.24614
-0.291861
-9.39421
-3.38009
-0.877644
3.06684
0.0143785
-0.919407
-0.608301
-9.82714
-2.02527
0.586897
-10.6351
-1.63604
-57.805
-0.0360055
-4.80104
-0.261549
-1.44234
2.73267
0.315708
-0.57481
-8.89564
0.0253266
0.900467
-39.6431
0.532193
0.393466
-0.301112
-0.836799
0.0263418
0.953003
7.71887
-2.80676
3.102
0.93152
-218.822
-1.48553
-2.71771
3.6614
2.40166
-0.492206
0.439095
-0.243864
0.00607987
-0.786961
-1.98195
-0.0787003
0.333208
-0.368321
-0.353869
2.05494
-0.520186
-2.02896
-0.711284
0.175473
4.62479
-0.51177
-2.33486
0.139408
-12.2297
11.0553
0.120364
2.11031
-0.763644
0.449326
-3.61965
9.44447
6.17629
6.23603
-1.29673
-1.99324
16.5277
1.47364
0.95396
0.547747
-0.364411
1.73537
0.183905
3.6701
-3.02213
1.08844
-0.343389
-6.18781
0.127022
17.8519
0.274965
1.37906
-0.0608964
-1.21505
-1.42801
-4.72537
0.231872
-1.82695
0.461863
-1.61659
7.62305
45.2149
0.862976
0.912217
-2563.2
1.01402
-2.38429
-0.288029
-2.32264
-5.43582
3.47594
-0.469328
-0.323839
1.37813
0.383412
5.08168
-0.174007
-2.98064
50.8815
0.886781
-0.254873
-0.264094
-0.187883
-0.653341
5.87437
0.516718
0.866754
-1.55172
-0.576185
-1.36001
-2.34026
0.837897
-7.82329
-5.7287
-1.0019
-0.197046
-0.864768
1.82626
-1.5711
-3.22957
7.31646
-0.859399
0.257755
-1.6957
0.71653
0.0188137
-0.22159
-1.17643
0.175487
-0.594582
-1.59327
0.203478
0.398783
0.76468
-0.861618
0.691706
1.63983
0.364768
-0.602974
15.7724
0.33615
0.757123
-3.38833
-1.08172
-4.36517
-1.32223
0.793513
1.42406
1.48453
0.398825
1.29361
-2.00497
-0.153362
-2.01893
-1.20612
4.24949
-2.55265
-3.03175
-0.602807
1.18613
3.4805
0.277314
3.04582
0.531574
-0.483592
-64.3427
-0.0605813
-0.117223
-1.03996
-0.53794
0.131599
2.41385
4.09331
-0.579742
0.251535
1.14676
-0.912742
1.29461
0.0147641
3.09744
13.1845
0.633249
-3.1524
0.410221
-1.09972
0.389175
0.0582289
0.799053
1.21503
2.38157
-0.723242
5.80442
0.947846
-0.636478
2.17119
-0.0419427
-0.142531
-0.557711
-2.62366
-3.03765
-1.735
-4.17427
0.797863
-0.478895
1.51716
-10.3112
1.4788
0.36295
4.57876
-30.6067
1.27413
-0.706873
99.5668
0.646869
0.457318
-0.444658
-5.68709
-0.329854
0.832342
0.923591
-7.87611
8.93134
2.80986
-6.12883
-8.69821
-85.3979
-2.1508
0.385183
-0.744457
-0.435164
0.201292
-0.559713
-1.02276
-55.2793
0.0590639
9.76936
0.430513
0.695102
0.800834
-1.79658
-2.64714
2.28844
0.444489
0.844886
-10.5652
4.49493
-0.0706576
-1.54446
6.87297
-2.94175
0.715407
0.184568
0.635247
-12.0635
0.488283
-1.18515
0.222949
-2.27785
0.938846
-2.31298
0.2247
1.57877
-0.815884
1.07367
0.854745
2.02062
3.93403
0.639652
-1.71545
7.21007
0.0896302
-0.800173
0.590156
0.868765
-0.311215
0.889949
-0.479259
-3.17394
1.33834
0.25217
1.36497
1.30763
0.738277
0.299857
0.374211
1.42626
-3.99079
-0.333408
1.38323
-0.865738
-0.772755
0.346006
-0.0197408
0.828592
5.73993
-1.97054
-5.3666
12.5165
-0.398817
-0.361387
-0.595832
0.350094
-3.21328
0.614701
-0.447114
-2.4745
0.733168
-2.09066
-17.6663
0.639481
0.65269
-4.72411
2.94886
-0.90216
0.103314
4.26123
-3.91656
-1.23559
-30.0217
0.351043
-0.530573
1.42227
0.854229
-0.905241
2.18365
-0.59632
1.92607
0.21072
0.852773
-0.819645
3.91054
1.31049
-3.61203
0.785769
5.02255
-0.171367
-1.59107
-2.25091
0.310964
2.00163
1.10858
2.10631
-1.85856
-0.435511
-0.457992
4.82365
-0.408749
2.51576
-4.49835
3.384
-0.442753
1.2363
0.032952
-1.83895
0.362729
-0.572617
1.63127
-0.265164
-0.741014
-0.209278
-1.09221
-0.400554
8.38936
-0.844198
0.542719
0.0711758
0.304233
-0.221368
0.140046
0.433114
1.72189
-4.18661
1.38048
0.658159
-0.886328
0.585822
0.714004
4.09572
-0.666728
-6.17762
-1.21479
1.01435
-2.75156
-0.686393
0.974106
-1.84587
1.20945
-43.3848
0.27103
0.635504
-3.31165
-2.29697
0.491106
-16.6157
-0.125801
3.26875
9.15811
-158.159
-6.08396
0.240698
0.882408
0.69647
0.680398
1.08433
-0.103374
0.501024
-9.50262
0.847844
2.5692
0.476059
-1.04726
0.785062
1.68375
-0.683018
1.3671
0.255749
-5.81468
1.64035
0.0721841
-1.77515
-1.04766
-2.18736
-0.113664
6.16014
-0.265493
0.0584578
4.09599
-1.25543
3.66873
-0.98904
-1.43077
-2.90064
1.76109
0.170877
7.46372
-0.623643
1.01616
0.0536637
-1.13027
0.188909
-22.2958
-1.46204
-1.62024
0.493809
-4.31831
-1.53704
-1.18859
0.542828
-3.96458
0.323831
-1.897
0.448715
0.423682
0.99961
3.66711
0.0287592
0.79173
0.555791
1.28202
0.390336
-0.17821
-41.1445
0.123605
-1.79799
846.576
4.23911
-21.0044
0.00442701
2.0074
-0.415812
2.03885
0.287346
1.34332
-0.719405
-0.0343518
0.297704
-0.30922
-0.0380242
0.173516
-1.16849
-4.00997
-0.123506
-0.456158
-3.0674
-1.41761
0.0201087
0.580057
0.855993
0.217506
-2.0246
-1.19499
1.11295
-0.878985
-0.0333801
-0.169534
-0.486892
0.399661
-0.604037
-4.54612
-3.71035
-0.126322
-3.93935
-0.890286
-1.61532
-0.0684182
-2.82855
0.584092
-0.933976
1.28112
-2.9707
2.85752
0.675345
-0.182255
0.921497
-0.0174951
0.254294
-0.3679
1.49894
-0.313096
-0.211655
-34.3488
17.0975
0.0298001
0.293735
0.452884
4.93261
8.06479
3.35321
2.43789
3.03658
-0.166644
-0.803116
-1.18586
-1.06278
-0.279349
3.34302
0.153458
0.793182
-19.7425
-2.63498
0.526979
0.437989
-0.0810833
-0.484484
-0.278991
0.408455
-0.232129
-18.3377
1.07075
-1.0775
0.742391
3.0563
3.53182
1.01422
0.120626
0.146484
-0.778526
1.72226
5.22538
-1.28812
-0.868508
0.477782
-0.935392
-0.606998
1.24339
1.19336
-3.77166
-0.317227
6.79751
0.236843
-8.64601
-1.04954
1.94027
2.62688
6.31157
-2.2944
1.20792
0.364599
-0.790451
0.140478
0.783507
0.519604
-27.8659
1.82098
-1.282
0.0777957
0.48073
-1.89808
-0.793224
0.829906
1.46051
-1.5647
-0.192774
0.806456
0.788319
0.916519
-0.138153
2.64129
0.199641
-1.42922
0.965632
1.124
-0.599875
0.251247
3.3222
-0.743212
0.817779
-2.17581
-3.7964
2.80391
2.39242
1.41856
4.96373
-0.972037
-3.47672
-0.586091
-1.33497
5.81789
3.00795
-0.452906
19.5813
-0.0215134
-0.181577
-0.553797
-2.26453
9.64217
0.644869
0.370478
0.966012
0.461638
0.5843
0.0349932
0.0990994
0.148316
0.479626
0.427659
-0.856863
-0.137042
-0.268397
-1.81408
0.135299
-0.664179
1.52282
0.120953
-0.610409
-2.05773
-21.8315
-1.68395
3.15941
-0.625609
0.628775
-2.1327
-0.213708
0.443575
-1.02858
-0.440128
0.347252
-0.332413
0.613038
-1.19086
-1.01288
-0.203715
0.78994
-0.277931
-1.90482
-1.34756
-1.40951
1.44881
0.549928
-0.494152
-0.810822
4.30125
0.276658
-0.396321
-1.20589
0.000102709
-0.350732
0.229917
-0.344831
-6.79969
9.22212
-184.028
5.28594
-0.982084
-1.12395
0.393449
-0.472269
0.905626
1.30152
-1.46413
0.989155
-0.32114
-0.850773
-0.687774
1.65125
-1.35828
2.64865
1.33793
-7.94703
-7.8724
1.63515
1.10212
-1.67967
0.497684
-0.121761
-1.46072
0.958883
-11.0495
4.25278
1.72904
0.680337
1.99485
-0.0152648
-0.322042
0.0845284
-0.651231
0.200417
-0.515558
0.322327
0.649565
-1.61961
0.380659
1.00519
2.43446
-8.79341
7.18299
-13.2498
-0.19542
9.06387
0.742581
-0.694856
0.108628
-0.0127521
0.698282
-1.43826
-0.866073
3.48154
-1.05529
-183.906
0.79853
3.66007
-1.18182
-0.978436
0.751584
-1.22909
0.28326
0.626374
2.52529
-2.21407
-0.0971122
-1.13841
5.32537
-0.90882
0.070677
5.63463
-0.354544
-0.0321462
15.1273
1.41436
0.0161244
3.62441
-3.91024
7.71331
0.461963
-1.38398
-1.53908
0.291006
-0.283039
-1.84382
1.41472
-0.444708
-0.157743
2.25316
0.351398
0.625183
1.09706
4.0781
-3.78154
0.113087
0.745359
-0.707033
0.37848
11.421
0.786187
-2.526
9.39439
0.686045
-1.47568
16.7669
28.2272
0.228393
-0.340643
-0.203066
0.70775
2.23068
0.96594
4.68576
-1.65821
-0.406977
-0.416251
-0.447123
-2.45657
-0.258157
17.0069
-3.84698
0.932497
-0.442428
0.0160288
-2.1561
0.24311
3.40245
-0.0125159
-2.69833
15.3876
-0.398522
1.09023
1.25678
5.44189
6.72933
-0.610993
2.48433
2.42488
0.176474
0.435654
0.538722
-0.595501
-1.36648
0.546479
1.63673
0.0984291
-3.70696
1.80197
4.21293
-3.65683
-0.552134
0.79801
0.0249083
-0.29007
-0.0559517
1.00453
0.203428
-0.0358823
-2.74395
-2.67806
-1.18609
-9.82584
-1.20623
-1.90859
0.181839
-0.547179
0.275151
-1.21136
0.571158
-0.49518
0.687804
1.05277
2.12512
-2.83444
-0.260334
12.9692
-0.770181
0.378599
-3.68293
-0.816525
0.0522484
6.84318
-0.545507
-0.165475
0.552042
-0.417675
0.164623
2.89587
14.7156
0.748265
-0.743081
-2.44946
1.37666
0.103636
-0.142554
0.386781
-4.3344
860.509
-2.36705
0.700661
0.351915
-1.02842
-0.330822
0.280109
0.333249
-0.572536
-1.13489
0.452734
-0.615828
1.05707
0.0980077
0.215191
-0.177273
0.0876624
10.2939
-0.619358
-0.641285
0.0523838
-1.18708
-0.818335
-0.822665
-2.15447
-0.625411
-0.0332025
0.326124
2.98651
-7.16382
-4.71315
-0.101682
0.37141
4.20062
0.0498109
1.28201
-1.21338
24.6222
9.53529
1.19422
0.0844375
-1.1323
-2.1276
-2.71984
-0.834926
0.949811
-7.32302
0.0432664
8.72402
1.27083
-0.664367
-0.518584
-1.98449
-3.56103
-0.127631
-0.95046
-1.0912
10.9093
0.698434
2.79592
0.0267732
-12.3172
-0.255604
-0.834441
-0.199793
3.88767
0.30385
0.456202
-0.552425
0.992772
0.351868
3.51254
0.356637
-0.962787
2.62934
-0.941981
1.36047
-0.0999062
0.887442
2.29976
9.53466
-2.28273
-0.399438
-0.674814
0.363456
13.5901
0.993519
1.03846
0.317203
0.167884
3.10037
-0.716076
-0.0932406
0.462738
36.5286
-1.02615
5.24407
-0.883764
0.00246785
0.104954
1.20226
3.4023
-1.92805
0.818904
0.0505205
0.578396
-1.02049
-0.870076
-1.35292
-1.76759
1.58908
-1.42835
-1.15505
-0.289317
1.78581
-7.20017
-2.10753
-2.07637
0.496394
0.677715
-30.7337
-2.36986
1.65088
-0.753476
0.0836747
0.930047
1.35556
-0.483092
-36.9472
0.535663
33.9547
-118.401
0.0769075
9.40292
-0.299742
-1.10213
1.34873
2.89048
-0.93033
0.928553
0.110447
-2.59032
0.476477
-0.926312
-0.898234
-1.66798
0.892857
3.95148
-0.122371
0.41102
-1.77829
0.111202
1.08607
-0.639917
6.30228
-3.66355
0.0012918
1.65072
-2.42227
1.29174
19.7473
-2.31281
0.0925129
3.80112
-0.987202
0.655224
3.96855
1.68605
-0.125326
0.242013
3.0735
0.923088
-1.43904
4.14896
-2.32691
0.255584
1.2404
-0.587625
-1.66574
-0.77482
1.15162
2.76815
11.2331
-0.147152
13.9492
20.867
0.858328
0.859412
0.00784781
2.95965
1.27804
-2.49672
-4.82171
0.624437
1.75944
-2.15043
-0.879522
-0.679518
3.79132
-2.05742
-8.15873
0.344533
-0.0397045
6.63685
1.91119
3.7385
0.530346
0.172443
-0.779377
-0.161923
-3.33659
-0.737414
0.775555
-1.98172
-0.35093
36.7133
-1.95648
-0.658225
-0.276027
-0.184854
-0.766446
-46.8006
-1.77043
-0.44121
-3.23524
0.131232
2.97254
-0.62764
0.866038
-15.6991
-2.24935
0.0867009
-1.72167
0.392465
1.18499
3.23099
0.253074
0.0142919
1.57066
2.70358
0.329546
-1.90276
10.6265
1.56135
2.88683
0.736183
0.271581
-0.148524
-0.0787002
-1.09297
0.265743
-0.758923
0.520436
0.922264
-0.335431
0.424227
3.35714
-10.859
-1.10381
4.20261
0.887866
1.47392
4.21269
-2.43605
1.26847
3.71883
1.46683
-1.47357
3.70357
0.972744
0.46928
-0.0856224
1.81501
1.79229
2.15899
-5.30454
-0.282913
1.00502
-0.540243
0.561788
-0.753827
1.05989
1.38676
-0.468601
-0.0049554
1.57853
26.5963
2.26927
-0.342184
-0.437829
0.0117613
-3.6679
-6.19543
0.304415
-2.60818
-0.230347
-0.167252
0.453239
3.48097
0.297608
0.531748
-1.25399
-3.15108
-0.659057
-1.38137
5.71558
-0.0940909
1.10674
1.57152
-1.12811
-4.28827
-0.106627
1.36654
-0.339852
-1.5527
1.27933
0.328138
-3.01246
0.993759
2.2252
2.37768
-0.145726
-2.55373
-2.82518
-0.346652
-0.877444
1.12626
-0.241121
0.625264
-0.0286581
-0.514808
1.53954
-7.64224
9.11777
1.39473
-0.443669
3.79413
25.0377
-1.11938
-1.41088
0.0328482
-8.90951
-0.275052
0.689619
-0.0765559
-0.258837
-1.52661
0.156198
1.46139
-0.720994
2.91934
0.382949
0.346282
-0.426385
0.224148
-2.86168
-0.922381
-2.53881
-0.820476
-1.14672
-0.238864
1.44809
-1.08808
1.71323
-0.145664
1.91233
-1.58522
-0.425807
-2.54675
-1.41642
6.96847
-137.851
-0.165265
1.11109
-0.885244
-0.224869
-0.402398
0.0647129
-1.78084
-0.863093
-0.912582
12.4324
9.30422
-0.829416
-0.37027
-1.39622
-0.655955
-0.222794
-1.40963
4.92463
0.873866
0.30856
-14.4102
-0.103609
-0.799945
6.32736
-50.1417
2.21156
3.35597
-0.923635
1.30556
-0.657503
0.336116
-1.31969
-0.568742
0.660307
-0.365374
3.38363
0.35139
0.539077
-2.51024
1.40995
1.53523
-0.951411
0.396541
8.58303
0.128848
0.0441467
2.30316
0.515533
-2.1771
3.96549
1.02721
0.204948
2.82123
0.658896
-0.452545
1.09395
-1.02745
-0.809041
10.2608
5.03904
-0.675247
3.89595
0.0417226
-0.411004
1.64705
-39.918
-0.584648
-0.267301
-0.649218
-2.85334
-0.0978632
0.432739
1.14256
0.589545
-0.640874
-18.7445
1.79018
-1.30714
0.477933
-0.753134
1.11967
3.85555
-1.81151
3.03223
-0.366108
-0.0453016
0.233365
-0.144381
-1.0566
2.24339
-6.4421
40.0149
-2.17951
10.9199
-5.03628
-0.613057
-5.72684
0.647487
-0.464136
1.07971
2.02092
-0.275677
-1.57507
-1.92867
0.52436
-4.68756
-2.16431
-0.526519
0.24344
-0.638374
1.33383
0.163101
-2.04403
-0.177598
1.44391
-1.41414
0.721818
-1.79607
-3.31728
-1.86475
-0.740766
1.09905
-0.196009
-0.735911
0.470941
18.228
0.0634286
-0.0370561
-0.399853
0.636364
0.821228
3.34468
16.6485
-2.2259
0.885255
-0.179633
-0.856946
-0.965457
-1.11464
-0.781657
-0.687238
-79.0482
-0.00222834
3.34965
0.0430663
0.232618
0.812645
-6.45893
0.205788
-0.750485
0.359076
-1.18339
-4.96885
-1.02875
1.16087
0.985808
-0.23791
-0.760866
-0.927606
-0.401154
-1.14997
-2.93903
0.951556
0.202247
0.350751
-0.823575
-2.46898
-0.752883
-1.02247
-0.0594471
4.63484
-5.16719
-1.25842
59.9376
0.0401517
3.57576
0.207545
-0.327006
-0.759434
-3.05636
2.55764
-2.87833
-0.559565
1.08449
-2.27233
2.39474
-0.121441
-0.173625
-0.266498
-0.839851
0.318749
0.0331244
1.71826
3.66643
-0.0314931
0.710516
-0.424895
0.573829
-0.648827
-0.857571
-0.204867
1.96231
1.7963
3.73694
0.36517
0.0881132
-1.20164
-0.363981
0.481408
-1.41733
0.231923
0.556425
-1.65304
0.483095
0.562075
0.632486
0.989475
2.76195
-2.11441
-0.0821599
-80.7356
1.54425
-0.0859442
3.17695
0.068023
-19.3908
1.07918
-0.592985
1.103
-5.43698
-3.96758
7.15137
-2.34575
-0.163767
-0.911947
3.8689
-0.554889
-22.5492
-0.0552
-1.6749
-0.194419
2.65416
9.94645
0.0667853
-0.881257
1.33479
0.0818358
0.0683393
1.06596
0.896454
-9.0782
0.580865
-0.670239
0.204593
-0.788009
0.920681
-0.801925
-12.9585
-1.24899
0.332468
-2.71456
-0.582863
-1.09018
-0.375371
-0.447014
-2.53671
9.55586
-1.62603
2.66398
-9.88667
0.181952
0.0455311
-23.8591
-0.0597303
-2.09767
-0.939946
-1.38404
0.176584
-0.826178
-7.43829
0.340106
-0.689676
-2.62532
-0.670028
-0.304492
-0.217753
0.424402
0.828977
4.61667
-8.63323
-3.37533
-0.579483
-0.680252
2.40822
-0.118403
0.649231
0.345951
0.19867
0.620939
-0.25004
-0.554535
-1.20813
-0.754824
2.11128
0.526854
0.100609
0.276974
0.669092
-2.06139
-4.20068
0.2577
1.00082
0.740981
0.310051
-0.592743
0.993669
-2.30951
-1.42013
1.37276
-2.3064
-1.48387
-1.10811
-0.873343
-1.09955
-0.643609
-0.531562
-15.0769
-0.358499
-2.72535
-0.467402
0.854888
0.442402
1.62679
