104.18
109.62
98.52
98
103.28
97.7
97.48
90.16
103.84
110.32
104.46
101.04
112.2
78.2
97.8
107.68
77.86
102.88
91.94
66.12
106.54
95.04
100.88
98.56
109.64
89.76
86.7
93.22
106.34
125.78
100.96
88.34
138.92
111.52
86.94
76.16
99.68
88.56
110.48
97.1
64.54
97.64
126.68
123.02
91.06
80.58
118.06
83.92
80.58
112.94
116.42
83.22
93.14
82.36
79.1
67.86
102.58
114.02
100.8
122.42
107.2
94.08
83.16
100.26
97.02
83.16
84.8
119.58
83.04
103.5
99.76
73.48
121.18
101.26
111.36
125.66
103.1
94.48
123.36
85.98
114.44
95.36
81.32
105.5
98.1
91.38
104.6
101.8
107.06
120.72
101.04
110.52
99.5
112.88
84.56
102.44
94.54
117.1
102.04
85.66
