1.14157
0.937676
1.00078
0.970932
0.894075
0.93285
0.951638
0.961805
1.17977
0.910762
1.01315
1.04265
0.886883
1.23472
0.891661
0.955662
0.828497
1.00648
0.946878
0.882009
1.01292
0.867069
1.00872
0.99884
1.13406
0.943716
0.946422
1.01342
0.938491
1.03518
0.924627
1.00573
0.891063
0.975355
0.855265
1.05145
1.19735
0.936244
1.06099
0.952524
0.804605
0.952661
1.04961
1.00999
1.19482
0.958807
0.983123
1.08181
1.11674
0.911001
1.01043
1.01527
0.967048
0.905072
0.854559
1.13264
0.951263
1.02626
1.35123
0.945071
0.881566
0.888621
1.00902
1.17117
1.15165
0.971935
1.14103
1.04498
1.02633
1.11679
0.993717
1.05472
1.04578
0.9211
0.839473
0.976368
1.04601
1.00718
0.913229
0.943034
1.26861
0.90444
1.09077
1.11625
1.03497
0.90277
0.915149
0.961432
1.00951
1.18997
1.18388
0.99216
1.06611
0.883262
1.05234
0.990467
1.20109
1.05042
0.898164
0.920358
0.934078
0.817249
1.16599
0.96569
1.0913
1.18189
1.04713
1.03963
0.960991
0.756462
0.881093
0.874474
0.876651
0.94127
0.985589
1.10709
0.858261
1.1014
0.972645
0.839329
0.806979
1.06217
0.890901
1.02625
1.16812
0.950917
0.994345
0.829046
0.870979
0.87849
0.935126
1.08023
1.00925
0.865304
0.911135
0.92948
1.00548
0.975671
0.908303
1.03745
0.820636
0.911618
1.04241
0.915957
1.09154
1.04362
1.07372
0.796399
0.94156
1.05497
1.23042
0.937229
1.11856
0.848425
1.14831
1.02442
1.08012
1.10735
1.07481
0.979211
0.931203
1.00249
1.10643
0.801731
0.871431
0.966199
1.04664
0.905914
1.00208
1.05114
1.08206
0.987938
1.00642
1.08306
1.16626
0.880736
1.19749
0.903545
0.944471
1.07571
1.10323
1.02569
1.02527
1.045
1.00605
1.18581
1.13062
1.08186
0.991054
0.881243
0.940693
1.11484
1.0114
0.913982
0.813334
1.12833
1.01782
1.0781
1.20221
1.07834
0.943091
1.13601
0.974905
1.02422
0.880398
0.927187
1.11465
0.986887
1.09335
0.993151
1.02597
0.977262
0.857029
0.866708
1.13443
1.09292
0.891954
0.917623
1.03578
0.996541
1.11946
1.04886
1.02974
0.885486
1.03212
0.979846
1.099
1.10034
1.10812
0.846804
0.919641
0.989067
0.866525
1.11977
1.01825
1.08233
1.04632
1.02681
0.984479
0.973834
1.04976
0.942059
1.00429
1.12129
0.972492
1.04054
1.06207
0.888074
0.952439
1.04915
0.94352
1.14194
1.06567
1.03688
0.915477
1.12698
0.978117
0.947918
0.993164
1.16044
0.986208
0.977289
1.12587
0.940805
0.943959
1.10907
0.972711
1.1099
1.06065
1.12519
1.07787
0.917506
1.08458
0.898371
0.978697
0.967364
0.988083
0.867801
1.09939
1.02261
0.85253
1.15006
1.00192
0.879014
0.981183
0.918583
1.10591
0.987241
0.942029
1.01284
1.01239
0.890498
0.926188
0.987746
1.07124
1.01322
0.956359
0.975973
1.09665
1.01381
1.03446
0.945608
0.958801
1.24816
0.946931
0.967041
0.906528
1.12412
1.14037
0.916067
0.930429
1.07959
1.09428
0.878934
1.08054
0.952937
1.08621
0.938009
1.02967
1.11695
1.03644
0.953778
0.933226
0.969566
0.948733
0.946978
0.912631
1.02977
0.929842
1.03276
0.973645
1.06203
0.945963
1.15297
0.967539
0.8372
1.02613
1.01462
1.11895
0.956602
1.09067
1.09823
1.13154
1.07278
1.00913
1.08027
0.841841
1.01737
1.22582
1.00217
0.954598
1.03954
0.828987
1.03885
0.929847
0.990464
1.06182
0.947814
1.0587
1.1418
1.20572
1.01228
1.07571
0.901054
0.995828
1.13784
1.02518
0.910536
0.849603
0.965359
1.07772
0.953789
1.23744
0.907305
0.96143
1.05913
1.08438
0.98732
0.847078
0.776701
0.936487
1.19787
1.0458
0.870369
1.09732
0.916911
1.0993
0.737846
0.987018
1.17458
0.8256
0.825933
0.979206
0.989125
1.10337
0.82035
0.980621
0.938805
1.0295
0.820895
0.881042
1.01966
0.974912
0.987024
0.948536
1.04445
1.14062
0.950351
0.841445
0.864592
1.02765
0.840359
0.868134
1.16674
0.933446
1.00699
1.19641
0.942911
0.995226
0.955071
0.92234
1.17422
0.972342
0.943581
1.04306
1.0579
0.919295
1.14382
0.997019
0.83432
1.16559
0.914335
0.91703
0.873006
0.974147
0.965886
1.08259
1.01259
1.03896
1.03619
0.930371
1.04247
1.04846
1.12778
1.30551
0.871854
0.908805
0.969777
0.976473
1.01406
1.05861
0.976171
1.10963
1.04001
1.07596
1.06587
1.12787
1.13061
0.823399
1.02566
0.995693
1.0956
0.99815
1.09887
0.913935
1.08802
0.908002
1.02915
1.05124
0.909621
1.14986
1.11857
1.11664
1.00742
1.04406
1.17031
0.9573
1.04703
1.14988
0.868095
1.00178
0.950221
1.18403
0.807677
1.06277
1.03057
0.999141
0.935472
1.09555
0.989935
0.959744
0.805869
0.891916
1.02164
0.937997
0.995175
0.972113
0.997562
0.939069
1.04032
1.23199
0.947568
0.795957
0.980718
1.14913
1.05798
1.11934
1.08548
1.1224
1.05468
0.904565
0.98676
1.15934
1.14941
0.983693
0.780651
0.916757
0.925542
1.04699
1.04353
1.16596
1.08602
0.859122
1.0204
1.02444
0.965735
1.15268
1.04651
1.0654
0.758799
1.06885
0.86307
1.13939
1.10094
1.00371
1.31641
1.00596
1.05791
1.21041
1.10889
0.769834
0.817221
0.965242
1.10256
1.07049
1.04988
0.990946
1.02958
1.20242
1.01964
0.833746
0.883638
1.02048
1.25082
1.04217
1.10426
1.06252
0.752761
0.878285
1.03412
0.906798
0.937397
0.985745
0.99135
0.873849
0.832654
1.15219
1.14921
0.993746
1.05356
0.929861
1.02816
0.983117
0.854754
0.805825
1.03304
1.10285
1.00568
1.05694
0.934286
0.977909
1.02813
1.1219
0.998526
0.948359
1.09831
0.997491
1.10119
1.02448
1.14315
1.14516
0.977025
1.22034
1.23055
1.00999
0.932282
1.1125
1.07371
0.860059
1.02624
1.14106
1.09861
0.957405
1.11733
1.1551
0.895986
1.32566
0.957895
0.873329
0.976185
0.870706
1.14977
1.08924
1.12986
1.06483
1.06138
1.03703
1.00168
0.906505
0.972119
1.13873
1.02022
0.78053
0.931355
1.00113
0.891361
0.953312
0.95933
0.99385
0.97546
0.98348
1.06091
1.15399
0.976611
0.85186
0.817615
1.0952
1.01278
0.893478
1.16864
0.919605
1.06376
0.962476
1.04744
1.06049
0.937486
1.01743
1.0847
1.146
1.00622
0.992908
1.04604
1.11613
1.05059
1.06213
0.819638
1.07402
1.14557
1.07808
1.17036
1.07539
0.863032
0.947573
1.08752
0.953511
0.885363
0.779166
1.10792
1.01122
0.950137
0.981992
0.973031
0.941541
0.956768
0.882876
0.967279
0.984919
0.980054
1.18737
0.981346
1.04248
0.802714
0.981712
0.978649
1.04308
0.906484
1.00561
1.059
0.979361
1.10766
1.01194
1.05038
1.17954
1.07335
1.07172
0.814047
0.873369
1.07167
0.92004
1.006
1.09194
0.959921
1.17634
1.07576
0.859363
1.00549
0.999542
1.1463
1.11595
0.946916
1.15163
1.04264
1.06847
0.914119
0.94803
0.860439
0.90226
1.11603
0.962125
1.05285
0.972571
0.870936
0.908651
0.881885
1.07816
1.10046
0.921561
1.06169
1.04326
0.92269
1.13109
0.990764
0.979243
1.10576
0.902567
1.01434
0.980365
1.01382
1.07776
0.9434
1.12717
0.941082
0.972916
0.987685
0.938204
1.01604
1.08991
1.06415
0.957208
0.917194
0.918295
0.881011
0.920053
1.11835
0.960345
0.896346
1.04401
0.96387
1.11538
1.02808
1.15982
0.991858
0.863213
0.868308
0.878353
0.796587
0.98711
1.08734
0.871907
1.0665
1.03516
0.920909
1.2415
1.08768
0.934928
0.933598
1.07304
0.852496
0.89023
0.817362
0.903703
0.910742
1.11034
0.984586
0.883503
0.932286
1.21336
0.990451
0.877294
0.908969
0.938256
0.983854
1.13083
0.935514
1.10576
1.00955
1.06851
1.09121
1.00745
0.85553
0.819197
0.951365
0.938138
0.976248
0.974789
0.943511
0.874021
1.023
0.903957
1.10268
0.926212
1.10413
1.14999
1.03538
1.16593
0.931805
1.01449
0.910327
0.926613
0.951727
0.979248
0.991703
1.03184
1.18547
0.888862
1.09816
1.19008
1.07681
0.854741
0.881652
1.15255
1.03384
1.01605
1.22267
1.10322
0.905591
0.924114
0.971683
1.07323
1.04319
0.916976
0.997796
1.1205
0.987196
1.11016
1.04328
0.975137
0.935983
1.03578
1.24393
0.97115
1.00204
1.31342
0.963013
0.922583
1.04542
0.961963
1.03111
1.04953
0.873119
1.11311
0.892996
0.935529
0.899998
1.04079
0.785448
0.969664
0.836534
0.945309
0.925738
1.00384
1.13097
1.14934
1.04986
1.09142
1.06013
1.04043
0.956935
0.785672
1.00944
1.08078
1.09735
1.01243
0.893818
0.953509
0.969745
1.07885
0.872192
1.09007
1.04131
1.06486
0.961485
1.01106
1.0314
0.921127
1.10494
0.80188
0.96661
1.13772
0.990788
0.990638
1.22537
0.883608
0.990191
1.05002
1.0213
0.912673
0.836132
0.897221
0.974883
0.997665
0.930576
0.891916
1.098
0.968641
0.957376
1.02031
1.15912
1.04716
0.923025
1.0765
1.08513
0.915889
1.16593
0.87997
0.965019
0.915264
0.928598
0.929872
1.03648
1.11115
0.95505
1.18574
1.15026
1.06671
1.0406
1.14406
0.948869
0.910945
0.975334
0.957624
0.972601
1.02554
0.93585
0.869499
0.891557
0.846085
0.90766
1.02945
1.1407
1.00303
1.00384
0.959556
1.08272
0.913659
0.866834
0.92828
1.01005
0.863664
0.934531
1.04911
0.963685
1.06479
1.13495
0.947092
0.85173
1.10289
0.908392
0.958893
0.972973
0.949247
0.981302
1.02574
0.750619
1.0282
0.929023
0.910361
1.02544
1.04541
1.09065
1.05033
0.948517
0.881065
1.07792
0.973072
1.00295
0.972875
0.980896
1.13605
0.862862
0.962616
0.968759
1.13275
0.955632
0.965256
1.03342
0.988916
0.958231
1.03266
1.02687
1.29431
0.997408
1.06661
1.20974
1.09542
0.980017
0.95633
0.915275
1.00338
1.03834
0.921795
0.989268
0.842586
1.0101
0.874677
1.09885
1.14572
0.935961
1.25892
1.01169
1.21384
0.930229
0.92304
1.09866
1.10534
0.982718
0.873339
1.05539
1.0011
1.03462
1.08331
1.06169
1.09273
0.848053
1.33558
0.89681
0.855723
0.86397
1.01421
0.923493
0.825091
0.956851
1.14663
0.841556
0.924607
0.870197
1.13293
1.01388
1.1082
1.00722
0.897853
0.981797
0.865955
0.982279
1.24474
1.04075
1.08092
0.895186
1.02601
1.03358
0.979985
0.903665
0.888532
0.99345
0.837884
1.03661
1.00097
0.995277
1.01081
0.864735
1.18062
1.07236
0.945813
0.772948
0.943903
1.13914
1.0243
0.877288
0.946056
0.830121
1.01279
0.974259
0.985831
1.07317
0.988742
0.921837
0.987763
1.02508
0.906171
0.772997
0.975532
0.970561
0.887863
0.958829
1.00874
0.820077
1.02477
1.00167
1.04806
1.27608
1.00848
1.18565
1.05687
0.859464
0.880234
0.900104
0.891198
0.995572
0.933714
0.994807
1.08824
0.908258
0.935529
0.941416
0.835368
0.97802
1.01668
0.88103
0.949448
0.83919
0.898166
0.971173
1.01081
0.990442
0.853858
0.947312
1.10211
0.93595
0.987873
0.947301
1.08467
0.918261
0.93745
1.07743
0.88155
0.980949
0.912193
0.925205
0.958034
0.920876
1.06376
1.13357
0.875949
1.0063
0.813348
0.947568
0.904484
1.08998
1.07231
0.877932
1.21306
1.07502
0.987787
1.05656
0.935218
1.01285
1.17831
0.961192
1.18101
1.04265
1.10456
1.08079
0.920557
1.02134
1.01014
1.00971
1.00578
1.22304
0.928471
0.943899
1.02291
0.911585
1.06563
0.912802
0.958583
0.99141
0.927036
1.13736
1.21986
0.911244
1.00829
0.882465
1.1612
1.09441
0.904766
1.02883
1.08672
0.902864
1.03358
1.06141
1.11027
1.00976
1.08829
1.1241
1.09619
0.799351
1.15949
0.890254
1.01928
0.94339
1.22912
1.02793
1.00303
0.937132
1.05302
1.06104
0.93355
1.02479
0.908888
0.942045
0.920777
0.948847
0.863093
1.08785
0.951424
0.988505
1.13109
1.00936
1.0319
1.09539
1.07684
0.920976
0.942154
0.912415
1.09017
0.938258
1.21922
0.970411
1.07084
1.09566
0.938274
0.884473
0.995806
0.894209
0.945473
1.22184
0.834652
1.07866
1.00041
0.961383
1.06239
0.804021
0.992536
0.921816
1.04817
1.13805
1.06407
0.949968
1.03778
1.03164
1.03479
0.95406
0.979473
1.02837
0.995153
1.04916
1.06326
0.974539
1.07591
0.991513
0.807734
1.03505
1.00336
0.992143
1.05422
1.09551
1.0923
1.08186
0.939147
0.991307
1.14176
0.886873
1.05772
1.00327
1.1292
0.984077
0.95252
0.909008
1.01169
0.979737
1.25634
0.976353
1.14845
0.908098
0.94182
0.874722
0.95275
0.859
1.00367
1.01033
1.10447
1.00179
0.935158
0.97541
0.905667
0.992837
0.890404
1.02154
0.931398
1.00346
1.04889
0.877343
1.04931
1.17694
0.860619
0.965137
1.0355
0.968035
1.00639
1.12772
0.994421
0.916953
0.997045
1.13158
1.13734
1.02866
1.05515
1.1393
1.00364
1.06117
1.04855
1.15088
0.970176
0.980755
0.864972
1.02093
0.935203
0.896712
0.806394
0.914107
0.885556
0.834075
1.12404
1.10813
1.02254
0.848764
0.941815
0.772843
0.855264
0.989265
1.06206
0.979929
1.07693
0.901613
0.987644
0.917072
1.01906
1.06087
0.938382
0.957855
0.930858
1.06977
0.947526
0.987984
0.824921
1.01188
1.05088
1.00325
0.997389
0.924203
0.902176
1.10685
0.91332
0.953052
0.749905
1.11432
1.00391
0.926318
1.03056
1.2345
1.03441
0.846492
0.886923
1.16616
0.96514
0.970592
1.04527
0.966057
0.9492
0.909355
0.917783
1.04819
0.835435
0.912523
0.963845
1.22562
1.04421
1.04364
1.04536
1.03455
1.19532
1.01172
0.98817
1.0498
1.0065
1.02479
1.00013
0.955031
0.832141
1.13349
0.884144
1.06154
0.889068
1.08516
1.07739
0.949707
1.09958
0.948508
1.02459
0.845085
1.05095
0.933559
0.975288
0.888171
1.05706
1.14405
1.04277
0.948484
0.870083
0.869236
0.793116
0.954446
0.92629
0.86602
0.96784
1.04425
1.02458
0.965397
0.955151
0.845524
1.0805
1.17775
0.994519
0.991133
1.03507
1.18246
1.07419
1.07544
1.12889
1.01714
1.00413
1.16629
0.974649
0.965381
0.980876
1.13998
0.994537
0.941557
1.03853
1.04129
1.0227
1.09408
1.09565
1.03948
0.980243
0.930913
1.07465
0.968899
0.972147
0.953821
0.932051
0.950331
1.16192
0.917564
0.907756
1.02547
1.06517
0.872296
1.05348
1.12536
1.23963
1.10841
1.00621
1.02431
1.10476
1.12246
0.865758
0.971238
0.927961
0.936868
0.721137
0.947318
0.921563
1.02483
1.16287
1.0413
0.943569
1.09332
1.07045
0.993244
0.980119
0.985478
1.0474
0.85967
0.946818
1.10729
1.10781
0.97454
0.909287
0.958298
0.901627
1.06578
1.04616
0.989553
1.01115
1.13017
1.12643
1.10487
1.29841
0.841157
1.08744
1.00851
0.974207
0.951661
1.04908
0.834604
1.06124
0.973517
0.992225
0.953816
0.974837
1.10252
0.976817
0.872714
1.23909
1.06187
0.809869
1.22287
0.956024
1.04101
0.856863
0.878362
0.957304
1.03352
1.04806
1.0207
0.963359
0.957388
0.891147
0.922758
1.01299
0.829562
0.965736
0.898869
0.91051
0.989839
0.893316
0.925761
0.818439
0.888264
0.93391
1.10623
0.932945
1.06364
1.03705
0.988959
0.951702
1.18755
0.916108
1.0201
0.9352
1.03125
1.03415
1.07189
0.878292
1.14963
1.06486
0.945439
0.906577
1.00765
0.931329
1.05712
1.06902
0.982767
0.84252
1.07818
0.886645
1.05448
0.820817
0.975165
0.942906
1.05694
1.06778
1.00949
0.940058
0.778625
0.892192
0.918393
1.06156
0.968015
1.11923
0.921239
0.885854
0.778438
1.16055
1.12609
0.988051
0.857535
0.880181
0.879129
0.98014
0.866622
0.978456
1.15044
0.891034
1.12516
0.967141
1.11865
0.990341
0.990803
0.831079
0.99925
1.01402
1.04539
1.12209
1.03146
0.904115
1.18139
1.01381
1.00871
1.01558
1.05328
0.858409
1.01381
1.07014
1.02988
1.06833
0.984477
0.858871
1.01953
1.07676
1.08158
1.11818
0.833798
0.989104
1.04039
0.969118
1.21029
1.06189
0.92524
1.03427
0.911989
0.921954
1.00429
1.09174
1.04388
0.915705
1.09579
1.06475
1.01613
1.08367
0.976423
0.907846
1.13995
0.998123
0.838969
0.975443
0.96537
1.05782
1.13617
1.01981
1.03644
1.24371
1.03032
1.00161
1.02927
1.02621
0.907363
0.983316
1.12643
1.11649
1.04362
0.980589
1.08598
0.901452
0.945739
1.00236
0.886707
0.95375
0.931807
0.856085
1.06232
0.946439
1.04964
1.10686
0.840098
0.972075
0.953235
1.01625
1.01203
1.12632
1.0839
1.00122
0.994809
0.931168
0.958219
1.07731
0.949872
1.12259
1.16152
0.825012
0.92404
0.882893
1.11258
0.973624
1.01745
0.966567
1.12806
0.913103
0.960725
1.12902
0.85146
1.01295
1.09451
0.909138
1.05615
1.205
1.08232
1.14107
0.903797
0.859759
1.01804
1.10511
1.02152
1.10076
0.989161
1.00766
1.08761
0.981385
1.03268
1.02045
0.900451
1.13545
0.871742
0.896418
1.24405
1.06338
1.03034
0.969156
0.867993
1.17241
1.21795
1.00119
1.03298
1.0417
1.11646
1.12557
0.970855
1.01487
0.988937
0.796643
1.0201
1.13873
1.16862
0.894942
0.893641
0.883282
1.02984
1.00601
0.977081
1.02249
1.05511
0.964589
0.930784
0.982122
1.05498
0.929016
1.15087
0.957551
0.86662
1.1633
1.12367
1.01364
0.998811
1.10564
1.02008
0.958606
0.93709
0.86864
1.00911
1.04073
0.997689
0.86053
1.22893
1.03141
0.951096
0.972894
0.909693
1.00813
0.933042
0.813818
0.991898
0.802533
1.27531
1.12636
1.1037
0.958087
0.87995
1.03816
0.824694
0.995606
1.08942
0.914709
1.05958
0.992199
0.872483
1.00841
0.993942
0.943941
0.880462
0.923775
0.970334
0.857529
0.961722
0.929295
0.974154
1.00914
0.84831
0.924766
0.897409
1.05632
0.981044
0.899107
0.928126
0.962662
0.953435
1.28542
1.04013
1.02143
1.16923
1.21841
1.12134
0.96489
1.06919
0.998754
0.917291
0.920811
1.16353
1.16589
1.00975
1.07079
0.932843
1.00404
1.08697
1.10989
0.871969
0.987539
1.06344
1.03214
0.946232
1.01641
1.13865
1.04126
0.9652
0.891372
0.951384
1.04182
0.977022
1.12414
1.1843
0.908741
0.903501
0.956117
1.11833
0.897649
0.898916
1.00989
1.01908
0.972832
1.02335
1.01849
1.07401
1.02537
0.958108
1.01558
1.05437
0.935816
1.00245
1.04772
0.91356
1.0486
1.01771
0.892646
0.971205
0.94557
1.08918
1.0803
1.03293
0.872433
0.981803
1.0089
0.983003
1.04736
0.94444
1.04282
1.02093
0.987217
0.959247
1.16733
0.964928
1.0368
1.13548
0.958554
1.00933
1.04773
1.04258
0.969236
1.11143
1.00108
0.971878
1.2015
1.204
1.00914
1.01712
0.897739
0.967565
1.08326
1.04842
1.04641
1.05032
0.951627
0.90792
0.974471
1.15392
0.856534
1.09146
1.00249
0.989333
1.07309
1.06243
1.02619
1.09528
0.867943
0.930009
0.921485
0.902909
0.963878
0.950562
0.932766
1.03593
0.918243
0.972563
1.06217
1.03024
1.02875
1.02161
0.835531
0.979698
0.857393
1.11614
0.965578
0.974984
1.001
0.830729
0.884746
0.942257
1.06444
0.910525
0.91965
0.977001
0.959389
0.992301
0.832061
0.910788
0.903466
0.937972
1.13764
0.879797
0.91457
0.884987
1.00838
1.15933
1.01679
1.08731
0.955484
0.9318
0.997949
0.811642
0.97276
1.04
1.1461
1.03602
1.0878
0.795285
1.07645
1.12814
1.02406
1.06476
0.937804
1.05141
0.793942
1.02273
1.02193
1.15739
1.03144
0.937391
1.03356
0.899857
0.969725
1.12187
0.96145
1.02098
0.983866
1.01645
0.927409
1.08763
0.94655
1.06285
1.04686
1.14534
0.983711
1.01168
1.03157
0.977613
1.0256
0.905317
0.946159
0.923047
0.94494
1.00799
0.826053
0.979321
1.15511
1.13931
1.04893
0.808895
0.91211
0.973064
0.854533
1.08265
1.11623
0.9296
0.942
0.910212
1.02658
0.884608
1.10534
1.00681
0.974121
1.23375
0.926528
0.841302
1.05786
0.971139
0.82866
0.995039
0.962376
0.926615
0.912429
1.17313
0.995378
1.05443
0.797979
0.958648
0.915863
0.97038
1.20434
1.04153
1.1686
1.10469
1.01001
1.09345
1.16079
0.968693
0.796912
1.01978
1.23499
0.989638
0.946395
1.05458
0.894498
1.04052
1.16599
0.970071
0.934375
0.777521
0.923824
1.23402
0.939165
0.964252
1.08654
1.04119
0.862366
1.02843
1.08341
1.11782
1.07791
0.964048
1.05782
0.873957
1.06751
0.925387
0.852383
0.90958
0.893523
0.893089
1.05528
0.936249
0.889028
0.998739
1.26142
0.935129
1.01878
0.990306
1.10123
0.952322
0.946311
1.04079
1.17449
0.978208
1.14414
0.972665
0.990084
1.17122
1.02705
0.979726
1.03145
0.996428
0.969453
1.01478
1.03768
1.09962
0.870844
1.00555
0.920378
1.01071
1.12149
0.842811
1.07026
1.022
0.861822
1.18473
0.897745
1.14901
1.02145
1.16385
0.948972
0.915285
1.12627
0.947624
1.11643
0.897759
1.01711
0.961797
0.934109
0.943178
0.953879
1.11968
0.90891
1.12342
1.26039
0.963306
0.905457
1.06648
0.904025
1.28445
1.07904
1.01492
0.876772
0.909573
1.05215
0.93791
0.970699
1.06352
1.13431
1.07625
1.06163
0.964977
0.926627
1.08004
0.844612
0.921528
0.929823
0.953656
0.931781
0.83912
1.05568
1.09111
1.14178
0.857159
0.955898
1.09002
1.04815
1.02025
0.981167
1.21995
0.858815
1.00607
1.13274
1.06806
1.0504
1.00174
1.11379
0.872671
1.09728
1.01057
0.895077
1.13893
0.998851
1.01485
0.919564
0.964187
1.16229
0.980278
0.785193
1.04461
0.889465
1.08468
1.00394
0.931313
1.05134
1.18623
1.06317
0.958453
0.89762
0.970632
0.802124
1.14243
1.02739
0.933224
1.20099
0.936768
0.916394
0.955297
0.942427
0.97399
1.26425
1.12768
1.0937
1.11881
1.0093
0.929335
0.921816
0.980067
0.911964
0.926417
0.86497
0.807977
1.02472
1.0223
0.961945
1.09961
1.0417
0.95679
0.937753
1.01229
0.858772
1.14297
1.08622
1.11778
1.05765
1.05328
1.12661
1.05721
1.06512
0.977432
1.09247
1.01101
0.792195
1.02133
1.07887
1.07201
0.873512
0.821118
0.939325
0.811344
0.989046
1.01679
0.972386
1.06048
1.08132
0.920869
0.998964
1.05268
1.02327
1.09157
1.10536
0.819487
1.05782
0.936125
1.07233
1.02234
1.13772
1.07746
1.00342
0.994215
0.968533
1.02314
1.05444
1.12846
1.09026
0.999516
1.12466
1.13966
1.05784
0.962151
1.26553
1.00978
1.00453
1.0755
1.00267
1.02523
1.0584
0.974672
1.0341
1.07296
0.950236
0.995279
1.04792
0.959683
0.955171
0.938544
1.08048
0.923174
1.04542
1.03642
1.0085
0.986496
0.980632
1.00578
0.993541
1.0929
1.03794
0.860795
1.09026
1.1186
0.951806
0.994004
0.97579
1.11028
0.900586
0.880151
0.868199
0.909556
1.03021
0.795707
1.01908
0.838248
1.01995
0.868303
0.901896
0.995585
0.917826
0.989911
0.996707
1.12856
0.796703
1.06144
0.997505
0.986768
0.953933
1.11936
1.10911
1.08235
0.953179
1.05286
0.854732
1.13548
1.3456
1.1365
0.893037
0.866664
1.09347
0.997247
0.907839
1.12024
0.984818
1.06112
0.871841
0.996024
1.16958
0.940606
0.954838
0.93363
1.24032
1.03371
0.896524
0.950614
1.15767
0.946433
0.924579
1.04879
1.05772
1.13638
0.898581
1.01204
1.11416
0.84221
0.983292
1.03263
1.04321
0.888944
0.935552
1.0034
0.927283
0.876507
1.03256
1.19046
1.2547
0.86762
1.1639
1.10516
0.909695
0.876599
0.956881
0.985762
1.12146
0.889179
0.949812
0.97328
1.08243
0.952459
0.906294
0.987655
0.988631
0.93439
1.0724
0.953972
1.24807
1.04986
0.939884
0.817625
0.92641
1.17857
1.05843
0.932926
0.991284
0.908804
1.21451
0.898674
1.15459
0.906019
0.990742
1.10841
0.931466
1.04132
0.99184
1.21295
1.0635
1.16419
1.17008
0.921449
1.14491
0.953488
0.919189
0.98455
1.02193
0.870369
0.847556
1.03417
0.984441
1.03688
1.06491
1.08815
1.1771
0.754982
0.825258
1.00629
0.939706
0.804
0.919923
1.10766
1.12674
0.938512
1.15319
0.872324
0.981936
0.900594
1.03343
1.02817
1.0679
1.0197
0.842831
0.96509
1.06392
1.02291
0.923283
0.931029
0.976574
1.0228
1.05467
0.81617
0.890373
0.995422
1.04627
1.04224
1.17999
1.1176
0.920751
0.982292
1.213
0.87524
0.980019
0.834526
0.961444
1.05103
1.10037
1.04037
0.999149
0.890909
1.0645
0.945842
1.09297
0.920922
1.05456
1.05989
1.23224
1.02062
0.992261
0.946019
1.06568
1.01992
1.04483
0.976139
0.836525
0.972559
0.858952
1.00923
1.06864
0.795752
0.939746
1.03664
1.02622
0.96595
1.04566
1.02162
0.995746
0.936462
0.905282
1.05478
1.02201
0.927589
0.897681
0.989447
1.18936
1.19613
0.987819
1.08141
0.976659
1.10378
1.01283
1.1851
1.05543
0.986881
1.01527
0.927914
1.10464
1.11109
0.895748
0.854421
0.897494
0.938322
0.97499
0.976084
1.01931
1.06034
0.988833
1.09435
1.15666
1.16487
1.02343
1.17204
1.02686
0.945695
0.829193
1.04198
0.947394
1.02549
1.0414
0.966448
1.08993
1.00607
1.11454
1.08648
0.892902
0.913034
0.912542
1.01589
0.875746
1.17513
1.06866
0.93765
1.00316
0.829941
0.966193
0.966802
0.966008
0.991753
1.01296
1.04858
0.995139
0.933778
0.894296
0.982557
1.02136
0.994571
1.06864
0.820076
1.03044
0.895595
0.885621
0.765146
0.984075
1.05594
1.02143
0.89926
0.807426
0.836676
0.898172
1.0606
0.79695
0.990015
1.08719
0.851859
0.901505
1.08804
1.10078
1.01514
0.838745
0.977463
0.991253
1.04095
0.898693
0.844688
0.977115
0.767901
1.23233
0.85128
1.21817
1.19165
0.875372
0.923993
0.945848
1.34207
1.09473
0.827195
0.981588
1.16586
0.977516
1.02781
0.97624
0.914231
0.943278
0.984191
0.9657
0.881624
1.08252
0.95991
1.0196
0.912549
0.889033
1.01547
1.02298
1.00288
0.899517
0.965288
1.00529
0.86975
1.18649
0.91147
1.01062
0.961574
0.992488
0.901817
0.942036
0.904021
1.25382
1.14627
1.09474
1.04878
0.960364
1.16471
0.927859
1.00802
0.85666
0.955759
1.07255
1.03554
1.14122
0.954271
1.02902
1.15766
0.902928
1.14673
1.02035
1.13199
0.910314
0.919305
1.03896
1.03423
0.902266
0.96548
1.11841
0.785869
1.19838
1.01974
0.961528
0.875682
0.813606
0.921346
1.09588
0.963984
1.1048
1.11449
0.858178
1.02297
0.895912
0.927484
1.03476
1.07821
1.04142
0.943963
1.00903
0.910811
1.02893
1.12733
0.901812
1.00436
0.882386
0.975017
1.07793
0.874386
1.02227
0.948423
0.987882
0.942643
0.921653
1.02654
0.900476
0.937075
0.944603
0.932873
1.1051
1.05296
0.914705
1.05675
1.09275
0.909641
1.05861
0.943489
1.02373
0.808652
1.01406
0.952621
1.05823
1.09682
0.941198
0.900414
0.843981
1.08565
0.800613
1.02819
1.02777
0.921462
1.04329
0.944841
1.13684
1.01118
0.982697
1.0368
1.02047
0.783688
1.09769
0.930052
0.88741
1.21445
1.00712
0.900231
0.980735
1.00965
0.953605
1.08716
0.934603
0.930349
1.12482
0.955824
1.05842
0.947975
0.957325
0.893876
0.878844
1.03653
0.914961
0.920286
1.00071
1.05188
1.09615
1.06039
0.930284
0.855232
0.960988
0.961949
1.22066
1.15005
0.89326
0.964522
0.950544
0.94804
0.943325
0.857797
1.0386
0.986729
0.900742
1.00048
0.900573
0.85245
1.00119
0.902643
1.0638
0.945589
1.0235
0.993531
1.00108
1.1114
0.810748
1.03551
1.06764
1.10244
1.10893
0.915896
1.23103
0.900055
0.96183
1.04899
1.00795
0.97131
0.966713
0.956733
0.881883
0.850057
1.02389
1.08155
0.923583
1.25369
0.966875
1.06948
0.942344
1.10157
0.802476
1.02001
0.90077
0.949403
0.821842
0.888978
0.915917
0.922893
0.95157
0.887546
0.879942
0.872459
1.04383
1.08849
1.25959
1.00148
1.02043
0.987041
0.721534
1.03631
1.25165
1.07288
0.99472
0.974204
0.939176
0.929987
0.899336
0.885996
1.00145
1.10731
1.13345
1.02753
0.866413
1.02297
0.924917
1.01763
0.96963
1.06002
0.942319
0.981884
1.08965
1.16944
0.869941
1.11667
1.02316
0.916044
0.903106
0.984192
0.886247
0.950096
1.04244
0.939188
0.891188
0.927529
1.23834
0.998061
1.13359
0.953957
1.06909
1.11185
1.08032
0.89891
1.00759
1.08013
1.00447
0.986799
1.15788
1.14329
0.949087
0.855862
0.944019
1.08746
1.14657
1.12696
0.873888
0.98548
1.06924
0.962384
0.996744
0.935733
0.849625
0.919851
0.980588
0.893623
1.01425
0.998556
1.0239
0.997147
0.969118
0.970609
1.1056
1.13462
1.12097
0.788995
0.964529
0.892933
0.981484
1.10063
1.09908
0.885259
1.05757
1.10782
1.31395
0.875866
0.981758
1.01343
1.09269
1.11761
0.958234
1.20939
1.13658
1.08386
1.00491
1.03112
0.934203
0.965729
0.90337
0.908922
0.87074
1.11388
0.935546
0.844269
1.10634
1.08644
1.04347
0.921307
0.787008
0.923869
0.953515
0.92139
1.0587
1.22655
0.983316
1.04258
0.975557
1.02767
0.910105
1.02061
1.0014
0.950263
1.03319
0.856967
0.996482
1.01326
0.895905
0.864062
0.983429
0.863747
0.910815
0.90094
0.967887
1.08167
1.03574
0.80469
1.09937
1.0869
1.02222
0.96634
1.05871
0.885972
1.1024
1.13421
1.07639
1.11929
0.884984
0.889057
0.884981
1.12526
1.15416
0.926245
1.0858
0.898618
0.96668
0.879408
1.03366
0.973994
1.20844
1.05419
1.36788
0.980148
0.864696
0.946797
0.916145
0.999387
1.0067
1.0128
0.955034
1.24793
1.077
0.953671
1.07071
1.052
1.11247
1.10212
0.905434
1.11136
0.791507
1.34716
1.06558
0.940306
1.0046
1.05481
1.0467
0.833066
1.03213
1.03433
0.97497
0.836871
0.989684
0.895286
1.00146
0.942364
1.05047
0.998623
1.21098
1.06346
0.99509
0.945523
1.17098
1.17944
0.978195
0.993873
1.08595
1.09488
0.944338
1.0315
1.13724
0.893123
0.792234
0.921387
1.08014
0.959769
0.921419
1.15804
0.91829
0.990358
1.00416
0.95575
0.817471
0.876592
1.07806
0.876933
1.11869
1.09407
0.96574
1.01326
1.04725
1.09725
1.01544
1.11953
1.05486
1.18592
0.930663
0.80886
0.945709
1.06043
1.01628
1.12954
0.961753
0.937556
1.02172
0.980645
1.12624
0.9813
1.07877
1.02859
0.904225
1.01125
0.950282
0.99197
1.00199
0.928136
0.972163
1.14719
1.04743
0.966942
0.997657
0.860833
1.02743
1.15444
1.04771
1.05834
1.0246
1.15917
0.949733
1.0209
0.848732
1.13808
1.0362
0.943311
0.931186
1.02217
1.14713
0.986669
0.905476
1.11739
1.12453
1.09765
1.05593
1.10737
1.11546
0.923371
1.01711
0.902955
1.01132
0.976563
0.980227
1.01724
0.956271
0.840667
0.840487
0.947661
0.970111
0.897715
0.930028
0.965063
0.967617
1.04123
0.968897
0.861586
0.863595
1.07377
1.08635
0.929764
1.05012
0.883465
1.01062
1.14831
0.973745
1.03091
1.00348
1.04438
1.01388
0.893701
0.893653
0.888773
0.99888
1.06011
0.94661
0.94262
0.903214
0.828552
0.913591
0.821055
1.06128
1.0213
0.903023
1.0294
0.876111
1.08102
1.12385
1.11107
1.0811
0.916535
0.86237
1.16839
0.955213
1.00199
1.08028
0.828611
0.853917
1.22184
1.07096
1.06764
0.960827
1.0773
0.878983
1.00883
1.11059
1.01896
1.01099
0.897775
1.05267
0.961344
1.01151
1.11643
0.910184
1.03683
0.974878
1.05929
1.09436
1.0751
1.13013
0.972756
0.939017
0.909085
1.01805
0.949039
1.04442
1.14097
1.12735
0.878007
0.903284
1.09134
0.933452
1.00094
1.03605
1.0166
0.909963
0.989948
0.891482
1.05959
0.940986
1.00197
0.889571
1.01896
1.00668
1.02565
0.986113
1.00789
1.01933
0.878983
0.976261
0.915129
0.941837
1.08435
0.988709
1.02377
0.887282
0.982009
1.21291
0.698918
1.06507
0.914152
0.957525
0.897755
0.932873
1.15485
0.983014
0.922258
0.775232
0.863488
1.03557
1.23227
1.00033
0.755955
1.12442
1.16157
0.996518
0.831816
0.906861
1.03978
0.819882
1.02782
1.00892
0.921298
0.878915
0.96716
0.894303
0.992401
0.921518
0.970599
1.02351
1.04719
0.932516
0.91389
1.01853
0.994682
1.03969
0.959787
1.13726
0.94975
0.752171
0.950406
0.902926
0.947356
1.12445
1.00096
0.97959
1.1105
1.01255
1.01951
0.927907
1.06453
0.99426
0.819192
1.09213
0.974042
1.00489
0.992733
1.14432
1.00671
0.944668
1.17352
0.900533
1.00784
1.09547
0.935118
1.01929
1.00044
1.12689
1.15795
1.04432
0.840808
1.21951
1.03013
1.03745
1.17188
1.10597
1.14628
0.883467
1.03407
0.899905
0.821873
0.946742
0.930499
1.09624
1.10414
1.03861
1.00836
1.03464
1.01013
1.0138
0.923875
1.03012
1.00507
1.11643
0.814256
1.01947
0.962412
0.960399
0.967703
1.02922
0.773511
0.905402
0.820913
1.14785
1.03965
1.03283
1.0238
1.03962
0.902675
1.24093
0.928091
1.01671
1.00438
0.996494
1.01574
1.09366
1.02664
1.16805
1.07541
0.99149
0.927969
0.924783
0.956349
1.08924
1.02363
1.10211
0.879355
1.03684
1.03865
0.963483
0.888379
0.980446
0.992384
0.982351
1.03716
1.16107
0.975651
0.941348
1.0348
1.20006
0.961873
0.781905
0.979563
1.11798
1.03611
1.09963
1.05692
0.89555
0.975369
0.973683
1.00783
0.994559
1.03208
1.04994
1.14095
0.958551
1.18058
0.823196
1.06053
0.908573
1.02818
0.998796
0.85467
0.905381
0.980428
0.986347
0.982018
0.984225
0.942684
0.959138
0.86827
0.904031
0.823349
0.936095
1.03274
0.970482
0.931538
1.1117
0.962723
0.918436
1.16715
0.966634
1.00913
1.00351
1.11357
1.1366
0.987859
1.14369
0.996637
1.02576
1.02657
1.00262
0.966313
0.975686
0.94863
0.977709
0.941259
0.950865
0.898498
0.915683
1.09104
0.949824
1.12978
1.02925
0.945463
0.984693
1.04459
0.989325
0.934638
0.976552
0.87387
0.933658
0.901254
0.930239
0.972433
0.948537
1.08994
1.17848
0.900403
1.10712
0.942887
0.966257
1.02593
0.994321
0.837521
0.973048
1.00232
0.927661
0.947954
1.1832
1.15321
1.03215
1.10523
0.860183
0.927326
0.908088
1.07794
0.822259
0.870306
0.812214
1.0717
0.86873
0.99623
0.983925
1.01638
0.837101
0.953582
0.883259
1.06598
0.794828
1.05773
1.12346
0.970827
1.06032
0.952752
0.923392
0.89868
1.09551
1.06859
1.02483
0.921627
0.927615
0.993093
0.994146
1.03793
0.793496
0.900444
0.895024
1.04733
1.03321
1.05296
0.897793
1.07622
0.882793
1.02723
0.891464
1.14049
1.04261
1.05794
0.907649
0.850327
1.10551
0.873007
1.084
0.938324
1.0266
0.951454
0.98733
1.09415
1.08561
1.19199
1.02869
1.0993
1.01811
1.27112
1.03694
1.24375
0.942371
1.19748
0.923033
1.05188
1.03196
1.04298
1.14973
0.946164
1.09149
1.23061
0.807867
0.880752
0.837926
1.01446
0.95217
1.15944
1.0095
0.931841
1.10915
0.928359
0.893579
0.998087
0.953314
0.968878
1.10463
0.916414
1.01824
0.889503
0.965521
0.726341
0.817374
0.896509
0.948407
0.83857
0.832552
0.901564
0.989001
1.0266
1.09893
0.944835
0.871781
0.975076
1.25207
1.07502
1.02977
1.05683
0.921021
1.05901
0.921267
0.915566
1.15152
0.945731
0.966247
0.897125
1.20964
1.0067
0.994749
1.01562
0.87418
0.929979
1.15169
1.09852
0.966249
0.991427
1.04123
0.853868
0.731111
1.0941
0.924877
0.919779
1.03626
1.12891
1.1044
1.1204
0.970649
1.08861
1.05963
1.00957
0.858344
1.11423
0.930806
0.895933
1.21478
1.20711
1.1001
0.899794
1.12225
0.903781
0.842729
0.975099
0.984348
1.00295
1.1409
0.918067
1.00232
1.07132
0.813709
0.861634
0.933507
0.905953
0.920653
1.01998
0.90863
1.07307
1.04239
1.00196
1.28392
1.03866
1.05623
0.851207
1.13479
0.799867
0.88635
1.10162
1.00521
1.07598
1.10521
1.07236
0.897496
1.01717
1.03415
0.825318
0.991508
0.967706
0.995946
1.00509
1.01456
0.939818
0.968928
1.10291
0.830482
1.06703
1.01438
0.900447
1.07798
1.09632
0.988148
1.0304
1.02522
1.03719
1.02669
1.0467
0.995736
1.09644
1.073
1.18485
1.16144
1.05028
1.12618
0.891501
1.1177
1.06719
0.869299
0.922034
0.837941
0.887088
0.966539
1.04276
1.01808
1.19643
0.963569
0.785313
0.908169
0.898479
0.935752
1.1548
0.77578
1.00037
1.26716
1.00884
0.875912
1.07883
1.09307
1.05723
1.0223
1.02486
0.875614
0.999999
1.14541
1.05208
1.26438
1.19465
0.933888
1.03148
0.995087
1.07185
0.881158
1.00623
0.857518
0.999458
0.972994
0.947502
0.874057
0.913147
1.02164
0.97035
0.912432
1.06388
1.05204
0.863988
0.941221
1.13954
0.940414
0.877185
1.13641
1.04185
0.980574
1.00382
0.80801
0.887149
0.82535
1.18218
1.09167
0.955447
1.06504
1.06269
0.964092
0.927047
0.949434
1.10702
0.964893
1.16531
1.14383
0.920172
1.07
0.947404
0.933033
0.862347
1.05823
1.12378
0.951942
0.813188
1.03083
0.988011
1.12045
1.051
0.900306
1.0711
0.997842
0.824161
1.22375
0.907633
0.923712
0.966738
0.801571
1.0019
1.05277
0.915726
0.983472
1.08771
1.04956
0.972079
1.04521
1.01633
1.05108
0.944865
0.952687
1.11281
0.932062
0.923565
1.07288
0.973439
0.982352
0.988058
0.919535
0.980916
1.05255
0.905232
1.06698
1.06792
1.07378
1.19552
0.889256
0.915836
1.04369
0.92553
1.11039
0.976775
1.00681
1.16214
1.15182
0.85791
1.06626
1.03312
1.10083
1.02678
1.01202
0.93599
1.00717
0.950935
0.955221
1.20558
1.09349
1.06803
0.988124
0.803819
1.18839
0.903182
0.972224
0.858424
1.12937
1.00366
0.974126
1.13179
0.98546
0.849314
1.09271
0.91832
0.969121
1.00508
0.859201
1.0833
0.864005
1.09352
1.03235
1.15042
0.84288
0.818478
0.980642
0.966706
0.990278
0.956252
0.886911
1.02572
0.932881
0.940745
1.05238
0.813214
0.756038
1.19487
1.18816
0.952632
1.05011
1.00022
0.867593
0.874248
1.1071
0.957432
1.11359
0.980355
0.933643
0.829259
1.00117
1.08093
0.898264
0.964266
0.979066
0.888531
0.92649
1.10269
0.994777
1.1251
1.03376
1.03748
0.862284
1.02281
1.1002
0.896681
1.00476
0.81078
1.10269
0.963126
1.09885
1.1163
0.94809
0.858696
1.21164
0.709693
1.2063
0.81083
1.03152
0.915327
1.04721
0.865544
0.937356
1.04137
1.0038
0.899953
1.01039
0.878496
0.866593
1.00131
0.872215
1.07071
1.03594
0.94705
0.854193
1.16982
0.931296
0.988941
0.821097
0.970441
0.992251
0.767796
0.849241
1.17247
1.01611
0.981466
1.07591
1.01577
0.906493
1.04805
1.05374
1.06393
1.03307
0.970728
1.003
1.05288
0.963776
1.00646
0.962978
1.03745
0.986024
0.839195
1.12383
0.962824
1.08717
0.989155
0.988599
0.886351
0.980081
1.10119
0.931776
0.962912
1.1404
1.02243
1.01659
0.916977
0.932408
0.929653
1.00087
1.23947
1.14939
0.886578
0.961987
0.854983
1.23658
0.860389
1.06706
0.844037
1.01728
0.970823
0.849476
1.02938
0.967605
0.896984
0.926902
0.956764
1.05227
0.998204
1.10612
1.00152
1.14275
0.867118
0.933041
0.957788
1.04336
0.958624
0.961388
1.09596
0.947694
0.930614
0.833841
1.06146
1.05505
0.920447
0.940307
0.849222
0.931909
1.16541
1.09823
1.04583
0.800451
0.984303
0.751344
0.809802
0.966771
1.09664
1.09994
0.987973
1.20479
1.11456
1.21405
1.18224
1.24289
0.87975
1.15117
1.01507
0.894852
0.996231
1.00608
1.17427
0.915277
1.03811
0.808185
0.833648
0.969811
1.10991
0.994386
1.39713
0.93137
0.894715
1.05101
0.993647
0.915016
0.974785
1.04904
0.952534
0.918943
0.956622
0.989184
0.908144
1.11091
1.1097
1.08998
1.07054
1.0626
0.900598
1.24006
1.0114
1.01239
1.0171
0.963985
1.06063
1.08907
1.04307
0.931661
1.14653
0.864745
0.901684
1.06976
1.08169
0.946472
0.902569
0.89517
0.990463
0.965183
0.953867
0.98791
0.960773
1.06989
0.960816
0.95816
0.872592
1.06159
0.932122
0.827887
1.18098
0.937536
0.83354
0.864345
0.951392
0.977977
1.08265
0.911085
1.1032
0.979828
1.01572
1.00816
0.870137
1.07718
0.802823
1.05035
1.02189
1.05801
0.965238
1.1291
0.878061
0.901427
1.01532
1.04734
0.883841
0.971535
0.930751
1.04172
1.10645
0.908091
1.18131
0.985144
0.930332
0.858929
1.06745
1.00432
1.13116
1.25402
0.988032
1.02824
1.06466
1.08196
0.828441
0.964784
0.979258
1.1147
1.04504
0.859168
0.825904
1.06434
0.919157
1.03377
0.985863
1.09606
1.05258
1.08477
0.952966
1.01067
0.73314
0.959657
0.823607
1.01424
0.812553
1.01839
1.11773
1.03077
0.933729
0.908205
1.06681
1.0478
0.956231
0.886252
0.868229
0.959203
0.952508
0.932743
0.891123
1.10651
1.01659
0.997334
1.03977
1.11862
1.02862
1.12752
1.0093
1.01825
1.01386
0.958836
0.931719
0.916261
1.03526
1.20365
1.23481
1.0689
1.11508
0.872003
1.11432
0.950528
0.803756
1.17963
1.00538
1.07767
0.977432
0.866064
0.927218
1.04107
0.849762
0.929144
1.1743
1.09152
0.949509
1.02047
1.01249
1.04553
0.802929
0.977796
0.967657
0.942295
1.00662
1.0661
0.911656
0.926455
1.04774
1.05303
1.18067
1.06342
0.896245
0.9714
0.979427
0.988146
1.0728
1.06554
0.984409
1.01694
1.0582
0.83207
1.149
1.10636
0.900047
0.902209
0.929705
1.06909
1.06879
1.15631
0.914302
1.04029
1.00886
1.02468
1.09065
0.88662
0.917731
0.8997
0.905752
0.985582
0.985837
0.96514
0.877292
1.01461
1.18303
0.879445
0.93242
1.28279
0.929134
0.894195
1.04568
0.980679
0.989766
1.11195
1.02673
0.877256
0.904682
0.91401
1.02734
1.03281
1.06632
1.11886
1.16144
0.944817
1.07942
1.01446
1.081
0.975064
1.10094
0.919157
1.13245
0.908905
0.997763
0.882472
0.893838
0.824745
0.994839
0.988915
1.14194
1.02323
0.925938
1.14949
0.951598
1.03025
1.04562
1.02599
1.01699
0.886094
0.961919
1.01704
0.955977
1.02688
0.996048
0.979117
1.16496
1.1079
1.13992
0.992324
1.04441
0.854541
0.919933
0.895117
0.97825
0.977928
1.19274
0.874031
0.959449
1.0699
0.860612
0.955559
1.03768
0.826049
1.29651
0.919695
1.09323
0.974636
0.835636
1.22761
0.939067
0.952209
0.968674
0.99707
1.0437
1.096
0.84829
0.695423
1.00359
0.754777
1.00449
1.01056
1.00488
0.912156
0.977742
1.04004
0.986156
1.01975
0.866672
1.18104
0.921718
1.11219
0.893989
1.01651
0.966124
0.816317
0.968326
0.994577
1.20512
0.963404
1.08115
0.919503
0.924418
1.09703
1.02648
0.890268
1.16287
1.11929
0.983496
0.90688
1.0716
1.11548
1.14102
1.14973
0.938102
1.06886
0.956192
1.12201
0.987792
1.06177
1.3629
0.848158
0.963323
0.808051
0.869294
1.02021
0.908477
1.06812
1.06051
1.16827
0.897232
0.966338
1.13191
0.978485
0.893901
1.18722
0.871399
1.28481
0.911644
0.919043
0.876238
0.818148
0.907143
1.04975
1.07025
0.979967
0.917722
0.983188
1.10152
1.11583
0.905534
0.890449
1.13537
1.04736
0.975986
1.01451
1.1252
1.04265
1.03472
1.03358
0.994876
1.04744
1.01997
1.10089
0.835728
1.04484
0.823114
0.985853
1.19574
0.931941
0.834792
1.05242
1.09325
0.911126
1.08427
1.04694
1.07979
0.967403
0.837549
1.32988
1.06029
1.23863
0.946807
1.08423
1.0842
1.13178
1.13968
1.00338
0.860524
1.06667
0.805585
0.905106
0.986726
1.0196
1.02568
1.03673
1.30054
1.07091
1.03921
0.880738
0.927999
0.905631
1.02434
1.00559
0.887893
0.872741
1.01279
0.966799
0.841637
0.965869
1.1532
1.0155
1.00975
0.960302
1.05485
1.01611
1.10095
0.788604
0.873273
0.944209
1.049
0.980972
1.1139
1.12707
1.09188
0.922291
1.01987
0.882572
1.2199
0.849434
1.07156
1.03129
1.03071
0.934899
0.880411
1.05744
0.873585
0.879487
0.831061
1.16911
1.08871
0.743339
0.971088
1.10969
0.740335
0.794008
0.912393
0.930133
0.959859
0.910502
1.13689
0.978878
1.19317
0.868256
1.17069
0.991692
0.809587
0.992203
0.933247
0.854105
1.02149
1.20547
1.14979
0.871069
1.06077
1.06144
0.971991
0.881286
0.891662
1.01576
1.0287
0.97774
1.0097
1.07122
0.830441
0.997661
0.975179
0.980786
1.00436
0.966314
1.20175
1.06196
0.988284
0.910604
1.05283
0.986161
0.969803
1.09269
0.921073
0.949937
1.022
1.07572
1.05539
0.826693
0.878939
0.984154
1.09171
1.07114
1.10807
0.970687
0.944829
0.964895
0.934375
1.10872
1.07025
0.952413
0.883341
1.06127
1.00264
1.1523
0.976386
0.922565
0.869925
0.995926
0.959633
0.977148
0.934647
1.0236
0.915732
0.95448
0.996352
1.07574
1.00764
1.1177
1.18579
0.992302
0.947907
1.0746
1.04948
0.914373
1.00338
1.07013
1.09353
1.01782
0.96395
0.917504
1.06601
1.07645
1.11736
1.01038
0.950582
1.03011
0.951915
0.887922
1.18647
1.13039
1.02561
1.01701
1.06762
1.03786
0.911014
0.899431
0.97873
1.01741
1.19433
0.882286
0.995314
1.05859
0.970075
1.03655
1.12151
1.12735
1.02633
1.0068
0.960387
1.02306
1.03394
1.00648
1.25736
1.20341
0.898317
0.879319
0.867778
1.02892
1.01954
1.04581
1.09305
0.973213
1.05357
0.915848
1.03107
0.874022
0.960909
0.788817
0.778215
0.935902
0.976213
0.937519
1.0947
1.05515
0.928837
1.00349
1.24673
1.12101
0.995263
0.923177
1.21809
0.824739
0.937872
1.04257
1.01038
0.912005
1.11947
1.10829
0.970857
0.973554
0.87436
1.14693
0.943227
0.93978
0.921759
0.873605
0.9679
0.811457
0.944129
1.04541
0.939348
1.00661
0.990893
1.02847
0.87341
1.05054
0.990011
0.821351
0.832894
1.12302
1.17081
0.896305
1.00647
1.21944
1.00001
1.03041
1.13325
0.960913
1.11995
0.983364
1.20324
1.00065
0.946233
1.14956
1.08676
1.08743
1.03237
1.13103
0.915257
1.02797
0.828939
0.972921
0.903819
0.936572
0.955424
1.01471
1.13624
1.02343
0.842624
0.912147
0.974452
0.975071
0.846774
0.895128
1.13857
0.961564
1.21207
1.09089
0.939755
0.931097
0.97994
1.17915
1.06551
1.04287
1.05751
1.01066
0.983461
1.07006
1.00625
0.886075
1.08599
1.03238
0.963283
1.16578
1.12963
0.926736
1.05142
0.961783
0.905006
0.964255
1.10424
0.86658
0.965959
1.29138
1.15627
0.938898
1.05184
0.916963
1.18545
0.91612
1.02303
1.07057
1.13577
1.13386
1.00736
0.937157
0.921344
1.05371
1.07026
1.05512
0.924056
0.997371
1.00711
0.851727
1.09719
0.952477
0.890814
1.16618
1.09759
0.949005
1.09366
0.933657
0.965773
1.00613
1.08411
0.878885
0.982704
1.00401
1.03786
0.780328
1.09973
1.06943
0.941216
1.049
0.994577
0.987717
1.05178
0.936475
1.04263
0.902622
1.02611
1.07428
1.09417
1.3224
0.947283
0.853266
0.716823
0.983124
0.972934
1.08106
0.831675
0.853062
0.860617
0.936868
0.876518
1.18658
1.00993
0.985538
0.823689
0.878785
1.00377
1.09833
1.05963
1.24146
0.992469
0.972429
0.97323
0.930666
0.847174
1.05466
0.996172
1.04449
1.169
1.00409
1.02837
0.915326
0.886511
0.957876
1.01909
0.743246
1.01548
0.932309
0.930595
1.03583
0.996383
1.05461
1.02161
1.04921
1.02331
1.0433
0.8647
1.02026
1.0413
1.11464
1.11755
0.975031
0.871956
0.879597
0.960874
1.00752
1.23757
0.972677
1.00932
1.07513
0.943641
1.05198
1.05264
0.836822
1.02975
1.01574
0.950064
1.01663
0.920974
0.683702
1.10363
1.07368
0.981468
0.905064
1.18472
0.930597
0.940589
0.856568
1.04709
0.829556
1.10106
1.03142
0.846869
0.882545
1.26187
1.11188
0.854307
1.06503
0.994639
0.941778
1.01839
0.910477
1.11947
1.08457
0.941164
1.05218
1.02627
0.992411
1.11446
0.946469
0.894308
1.14435
0.925401
1.05578
0.951572
0.976139
1.05088
0.857268
1.26965
1.20118
1.04539
0.902163
1.04193
0.9906
0.909956
1.06963
1.00967
0.975879
1.10866
0.87881
1.02259
0.815366
0.958655
0.991181
1.04186
1.10866
0.804266
1.04762
0.859572
1.05338
0.919972
0.932451
0.946501
0.970355
0.97026
1.033
0.979541
0.982196
1.04473
0.991821
1.0306
0.950428
0.982698
0.975889
0.982737
1.07157
1.03521
0.879661
1.09947
1.07322
0.779526
1.0321
0.877805
0.953713
1.12462
1.11268
0.835307
1.21669
0.818629
0.929971
1.07893
0.853486
0.894158
1.07928
0.864627
1.03918
1.145
1.01867
0.928499
1.13767
0.993083
0.923717
1.0155
1.04651
1.06055
1.0526
0.937253
0.955288
1.12242
0.931384
1.12773
1.04079
1.15425
1.06669
1.00387
1.18561
0.991742
0.825208
0.986907
0.962387
1.19193
1.04546
1.08928
0.874743
1.05569
1.02545
1.12053
0.85118
1.00662
1.00636
0.801273
0.882167
0.935099
1.06578
1.14659
0.945189
1.00438
0.87422
1.0099
1.16369
1.00732
1.14654
0.824806
1.10605
1.06519
1.11148
1.02297
0.912609
0.922836
1.13203
1.16315
1.181
0.944397
1.03152
0.984976
0.945688
1.11558
0.953255
1.08832
1.1914
0.865884
1.00878
1.05966
1.05912
0.92914
0.95717
0.827286
0.993877
0.993364
1.05243
1.03635
1.01307
1.1704
1.08228
0.955882
0.98122
0.958793
0.893376
1.01377
1.26464
0.974246
0.925402
1.12137
0.945081
0.96978
0.794763
0.974475
0.892664
1.18979
0.914447
0.802274
0.92154
1.16897
0.998141
0.985041
0.924305
0.999719
0.992197
0.859872
0.875851
0.978814
0.905106
1.10764
0.907538
1.04077
1.09093
0.920299
1.03395
1.15177
0.946004
0.818459
1.05466
0.780675
0.97166
0.932959
1.03886
1.11318
0.855066
1.00767
1.05852
0.892208
1.12144
1.06519
0.871397
0.951166
0.809308
1.07056
1.0282
1.01875
1.20548
0.922121
1.00937
0.983461
0.773352
0.99806
1.0317
0.800557
0.86247
1.00131
0.856465
0.93907
0.883943
0.897561
1.10805
0.972648
1.01359
1.06695
1.20929
0.959639
0.855592
0.856684
0.959502
0.92198
1.07509
1.06523
0.975886
1.03484
1.04696
0.989576
1.13239
1.0472
0.983199
0.924614
1.06915
1.14053
1.03918
1.00738
1.27676
1.06845
0.919575
1.02904
0.93275
0.827796
0.950718
0.998831
0.928682
0.948888
0.900518
0.891496
1.14378
0.842654
1.14561
1.07983
1.01743
1.00321
1.0411
0.902662
0.991987
1.24815
1.03132
1.05406
1.18705
0.997617
0.940995
0.993957
1.02708
1.06491
1.11506
1.01979
1.05573
0.924201
0.997279
0.876676
0.906174
1.14102
1.12142
0.943142
0.855396
0.815131
0.833904
0.869419
1.10432
0.939082
0.965528
0.885654
0.97032
0.973735
1.18253
1.13607
1.20864
0.976242
0.918665
0.908759
0.943276
0.994847
0.915379
0.87237
1.24263
0.86834
0.965771
0.955207
1.08396
1.02916
0.977763
1.07728
1.01969
1.02426
0.910025
0.912714
1.02011
1.01044
0.89686
0.99212
0.815443
0.928371
0.847482
1.08511
1.01886
1.02669
1.04292
0.959293
0.912671
1.01959
1.24556
0.842578
1.14828
1.05093
1.01169
1.01233
0.956174
1.06593
1.04099
0.836741
1.11097
0.877946
0.965989
1.01069
0.844036
1.05772
1.03798
0.854328
0.924715
0.892254
0.943421
1.03424
1.03203
1.02097
0.922965
1.0704
1.18411
0.964565
0.978394
1.16736
1.09127
0.971467
1.01777
0.826747
1.03463
1.08744
1.28067
0.897502
0.915097
0.928298
0.955152
0.999852
0.910402
0.906971
1.05467
1.00781
1.11043
1.02327
1.0011
0.967876
1.20653
0.94327
0.887465
1.0268
0.957116
0.972938
1.11959
1.06802
1.08417
0.938712
1.03699
0.908957
1.16228
1.0274
1.02278
1.1007
1.00836
0.974858
1.05589
1.00347
1.12531
0.99521
0.881657
0.985274
1.00176
1.09143
0.954274
1.01051
0.967077
1.09121
0.978016
1.11381
1.06418
1.09816
0.945579
0.984823
0.948768
1.15772
1.07469
1.10032
1.00248
0.930307
1.15869
0.886849
1.21994
1.07595
1.10915
1.10781
1.14673
0.99801
1.18081
0.978934
1.00833
0.930904
1.05768
0.949427
0.949077
0.79918
0.930213
0.768451
0.941168
0.791287
0.965893
1.07847
1.16236
1.03923
1.05274
1.15785
0.952743
1.05849
0.914386
0.968206
1.06296
0.995673
0.876542
1.04908
0.996533
0.865675
0.977994
1.05181
0.989604
1.00116
1.07578
0.967093
0.961847
0.875912
1.16506
1.09632
0.879441
1.04346
1.0062
0.882869
1.13571
1.00836
0.974667
1.20448
0.950947
0.947982
1.19258
1.03502
1.03538
1.04812
1.11049
1.04825
1.15769
0.941414
0.934186
0.808012
0.998287
0.933497
0.979687
0.96402
1.0202
1.20071
1.1091
0.919072
0.846857
0.931036
0.935365
0.99178
1.03455
0.966967
1.09381
0.951701
0.869905
1.10374
0.905909
0.980079
1.05942
1.01184
1.03525
1.1715
0.969878
0.858332
0.952269
1.13361
1.05959
0.9079
1.06187
0.985437
1.02839
0.831461
1.13263
0.967112
0.952366
0.938799
0.83872
1.09313
1.00082
0.933191
0.948736
1.03804
0.998456
0.94281
1.09113
1.09905
1.06452
0.973513
1.20269
0.964817
0.955606
0.821901
0.972074
1.26443
0.877566
0.835862
0.943542
1.11317
1.08021
0.930107
1.30519
1.15806
0.908458
1.11305
1.1018
1.1253
1.04409
0.780697
1.08069
1.08549
1.12325
0.966028
0.875455
1.02188
0.953489
1.09852
1.16272
1.02695
0.919401
1.14509
1.17004
1.18752
1.19096
1.08795
1.01466
1.0842
1.00659
0.926995
0.884322
0.955188
0.923361
0.937651
0.898369
0.919496
0.993559
0.868913
1.02348
1.10695
0.86605
0.912261
1.05593
0.98459
0.907782
1.02713
1.06774
0.980107
0.960267
1.06658
1.00153
1.14549
1.0437
1.1445
1.05267
1.06941
0.851652
0.883583
0.996171
0.852055
0.966294
0.895125
1.04492
0.934777
0.878252
1.03141
0.959214
1.00083
1.08014
1.10763
1.22495
0.975492
0.899429
0.929013
0.997109
1.08583
0.891123
0.838598
0.980016
1.02961
1.02326
0.970005
1.01187
0.796362
0.984395
1.07368
0.919431
0.913173
0.900829
1.16903
0.881023
0.934927
1.01909
1.13206
1.03386
0.910573
1.08693
1.15442
1.05314
0.995987
1.022
1.05515
1.01195
0.96551
1.01149
0.834406
1.01737
1.08329
0.936199
1.08451
0.968239
0.952964
1.06562
1.10501
0.750186
1.23609
0.901656
0.993117
0.937027
1.03004
1.13737
1.09178
1.107
1.0388
0.929034
0.925069
1.07695
0.926039
0.903843
0.882732
0.936651
1.00183
0.945369
0.820647
1.12388
0.785242
1.03526
0.965299
0.92133
0.976487
1.01656
0.899458
0.95039
0.907841
0.918436
1.19012
1.01673
1.00667
1.01605
1.04852
1.07488
1.00678
0.971544
0.879863
1.17187
0.999689
1.00735
1.10154
0.958716
1.13234
0.812958
0.984846
1.20056
0.993928
1.04656
0.906037
1.01136
0.90793
0.990656
0.841449
1.0404
0.974227
0.981559
0.909633
0.823943
1.1315
0.930154
0.990651
0.981226
0.989061
0.949349
1.13835
0.853568
0.952554
1.02629
1.08038
1.00326
0.970679
0.778717
1.22497
1.01194
0.986058
1.19384
1.00372
0.935548
0.92213
1.16002
0.998911
0.946977
0.996427
1.02996
1.00744
1.05494
0.932858
1.07564
0.984522
1.05381
0.980091
1.12965
1.05542
1.09286
0.921335
0.852345
0.841216
0.884664
1.02903
1.05899
0.898671
1.0805
0.977306
0.918743
0.978104
0.937551
0.917717
0.886529
1.10246
1.04845
0.917029
0.999654
1.17024
1.14889
1.01988
1.06535
1.03832
0.898307
0.993634
0.895779
0.972032
0.89799
1.04399
0.895786
0.986197
1.0226
0.842378
0.893739
1.00691
1.09125
1.02421
0.958438
1.15583
1.00598
1.0812
0.969473
1.0683
1.14181
0.804992
0.911058
0.904198
0.992669
0.974889
1.01382
1.01145
0.973193
1.0983
0.932294
0.863246
1.02634
1.07815
1.05034
0.848593
1.25583
1.06651
1.06678
1.18965
1.12103
1.00489
0.898865
1.08005
1.04592
0.93518
0.894185
0.984451
1.11277
0.818063
0.873304
1.15906
1.11847
0.797723
1.04095
1.05151
0.913978
1.00754
0.980134
0.843005
1.10472
1.11058
1.05313
0.9293
0.917656
1.02738
0.95639
0.859161
0.940589
0.997002
1.11329
1.06031
1.20893
1.14359
1.08707
0.903136
0.939908
1.18917
1.02437
1.0076
1.0387
1.0835
0.984695
1.16116
1.02036
1.09335
0.737253
1.04495
0.881338
1.02996
0.968706
0.898045
0.981209
0.916953
1.04216
1.02035
0.849194
1.06821
1.09335
0.897974
0.98836
0.9252
0.879641
1.02129
0.967452
1.01662
0.938983
1.05861
1.00107
1.01481
1.01505
0.911991
0.992122
0.970745
1.04904
1.05182
1.06249
0.827679
1.0934
1.0358
0.887487
0.995762
0.969745
1.19418
0.898508
1.21925
0.898981
1.21219
0.857412
0.999244
0.993702
1.00022
1.05856
0.894789
1.02553
1.05234
0.988298
1.28345
1.01988
0.95526
0.968462
1.02019
0.924143
1.04371
1.01724
1.03194
1.06044
0.870197
1.08254
1.00078
1.02489
0.912762
0.962039
1.15402
0.9901
0.89501
1.05633
0.88741
1.05242
0.938959
0.91211
1.03376
1.02863
0.935929
1.04388
1.0386
1.0055
0.84654
1.13499
0.923456
0.987169
0.974945
1.01346
0.910163
0.727588
1.13141
1.16491
1.07337
1.12513
0.96128
1.05726
0.906191
1.04666
1.10076
1.02257
0.995257
0.931042
1.12827
1.15274
1.15457
1.08355
1.02391
1.15347
1.15649
0.91829
1.11301
0.864118
0.96312
0.914562
0.947115
1.12666
0.976956
0.976153
1.05769
1.04174
0.908089
0.94351
1.11041
0.963435
0.901073
0.93323
0.925963
0.93013
0.983153
0.856626
1.0381
0.956282
0.896036
0.914611
1.09226
1.01211
0.857593
1.07094
0.942168
1.24242
1.15728
0.999961
1.18039
0.900538
0.985565
0.935052
0.96305
0.964085
1.00329
0.96971
1.13974
1.13504
0.958311
1.01162
1.14966
1.13963
0.930084
1.02652
1.01642
0.861196
1.15663
1.04952
0.883741
0.950113
0.917381
0.986009
0.875545
1.11651
1.10221
0.981863
0.980632
0.919636
0.948869
1.00699
0.99796
1.09761
0.921952
1.0908
0.996932
1.04478
1.12853
0.887281
0.983149
1.0358
0.988356
1.06492
0.942619
1.07225
1.2277
1.08792
0.975121
1.18576
1.03683
1.03646
1.12907
0.988136
0.969852
0.701527
1.08138
0.785196
1.10998
1.10172
0.894539
1.15091
1.00961
1.0137
0.893936
0.92737
1.02248
0.948116
0.946878
1.0269
0.934849
0.952339
1.2087
0.941501
0.908052
0.84532
0.969415
1.05678
1.01846
1.03207
1.09669
1.13401
1.07743
1.08229
1.12758
1.01425
0.847999
0.990746
1.04675
0.992185
0.947998
1.05147
0.942089
0.930269
1.11343
1.06965
1.04207
0.89712
0.901436
0.971107
1.08672
0.965675
1.17636
1.12266
1.07513
0.984101
1.06982
1.07474
1.00008
0.981824
1.1412
1.09584
0.956887
1.01277
1.24337
0.906219
0.952142
1.11062
1.00824
0.909618
1.15616
1.00755
0.918441
1.15027
1.02161
0.840308
0.925337
0.984219
0.804763
1.07984
0.992123
1.04301
0.962741
0.940783
1.02499
1.07206
1.01729
0.850761
0.91951
0.799593
1.07958
1.04415
0.972252
0.947081
1.09162
1.00325
1.03188
1.08007
1.08395
1.06831
1.08922
0.84263
1.07658
1.03061
0.991394
0.959297
0.86344
0.944966
0.941234
0.851763
0.996789
1.10474
0.873953
0.965708
0.905094
1.12479
0.997427
0.97982
0.98807
0.905016
0.985758
1.02108
0.937249
1.03736
1.18798
1.09253
0.920723
0.798874
0.93783
1.05458
0.863554
0.998617
0.9304
0.867875
1.1232
0.869869
0.96134
0.974618
1.13711
1.12523
1.07165
1.19273
1.12404
1.20632
0.86381
1.02186
0.952918
0.974286
0.807853
1.14867
0.921303
1.00998
0.982726
0.900374
0.9479
1.13493
1.01039
0.973314
1.15495
0.856771
1.01917
0.858946
0.960812
0.933119
0.965442
0.894237
0.884437
0.918231
0.870842
0.876703
0.913701
1.04243
1.0568
0.984123
1.02534
1.0508
1.11262
0.980782
0.905151
1.10447
0.907958
1.23826
0.886073
1.04164
1.00963
1.00883
1.04621
0.977104
1.16596
1.11453
0.952216
1.05062
0.844082
1.11517
1.0665
0.882673
0.968622
0.831699
1.06766
0.897208
0.938236
0.947658
1.05317
1.02223
1.07877
1.11899
0.979889
0.892381
1.01973
1.00072
1.05869
1.01621
0.943381
0.955177
0.891158
0.868318
0.968406
1.04761
0.991583
0.949744
0.968082
1.01893
0.946852
0.912127
0.965235
0.883455
0.956685
0.985516
0.994123
1.0748
1.02177
0.980082
1.04168
1.018
0.982025
1.0103
1.12873
1.09625
0.986555
0.979218
1.12438
0.959072
1.08262
1.03986
1.15047
1.33477
1.02922
0.887772
1.16848
1.02221
1.03005
1.05059
1.04869
0.984004
0.937052
1.16429
1.0858
1.19477
0.886596
0.878695
1.13195
1.25295
0.882542
1.01914
1.19723
1.01811
0.872188
0.933066
0.861465
1.38853
1.1975
0.85565
1.01332
1.22547
0.888598
0.956881
1.01983
0.919815
0.883447
0.988581
0.920879
1.00845
0.94292
0.983444
1.13277
0.908379
0.935469
1.19742
1.04213
1.21099
0.895078
1.25183
1.01447
1.07215
0.898759
0.932387
0.874109
1.28635
1.00462
0.940689
0.809765
0.909934
1.03784
1.05114
1.01508
0.846743
1.06287
1.01864
0.885469
1.00292
1.1215
0.878421
1.26588
1.21311
0.976578
0.908089
1.16136
0.993158
0.859397
0.969057
1.1331
0.928608
1.06126
0.90617
1.15327
1.00129
1.05886
0.918548
1.01457
1.09191
1.06906
0.940746
0.920704
1.02881
1.0961
1.06471
1.18371
1.01574
1.05297
0.800344
0.915927
0.973059
0.951353
0.987484
1.02845
0.882984
0.917657
1.23729
0.982817
1.19238
1.0809
1.08918
0.888998
0.976817
1.06283
1.07136
0.866839
1.05667
0.867921
1.03423
0.918193
1.05623
0.912812
0.980085
1.08714
0.988809
0.878016
0.934655
0.857239
0.886681
0.949139
1.09955
0.906723
0.94518
0.973766
1.12312
1.16806
1.11767
1.05787
1.11646
0.954746
1.08879
1.07605
1.06761
1.18448
1.02847
1.16716
1.27301
1.10624
0.827032
0.976759
1.12164
0.954432
1.0042
0.853882
0.797293
1.15523
0.947096
0.717679
1.12645
0.949073
1.18014
0.981497
0.872182
1.10984
0.850857
1.06114
0.949888
0.813067
1.13445
0.871113
0.974922
1.15478
0.921818
0.843455
0.97557
0.942189
0.935763
1.04809
0.852891
1.21989
0.908557
1.10619
1.06273
0.886888
1.03719
1.02372
0.993581
1.07915
0.87115
1.0357
0.980461
1.09316
1.05294
0.946329
1.14366
0.882969
1.13192
1.13339
0.839631
0.953064
1.09629
1.12926
1.01722
1.02587
0.912557
1.07891
0.855132
1.06295
1.0734
0.809858
0.900267
1.16486
0.784963
1.00033
1.15057
1.16467
0.928715
0.952317
1.11793
0.971366
0.893764
0.937943
0.949415
0.872793
0.965563
0.878739
0.994139
0.945113
1.0682
1.00006
0.967237
1.11007
1.12485
0.9364
1.07778
1.12509
1.15785
1.10354
1.07327
0.855688
1.07663
1.1694
1.00132
1.20472
1.06739
0.936837
1.03738
0.917373
0.975958
1.10973
1.05255
1.12457
0.93484
1.07351
1.02318
0.998059
1.14797
0.847208
0.900213
0.951058
1.11459
1.01317
0.80817
0.948241
1.02047
0.921576
0.997641
0.984155
1.08781
1.05411
1.00472
0.979409
1.1158
1.03643
1.08788
0.998286
1.17027
1.01151
0.929086
1.00702
1.03502
1.18977
0.784611
0.962871
1.05931
1.01217
1.00801
1.21077
0.841313
0.940349
1.05575
1.01996
1.06188
0.915978
0.840725
1.11096
0.945635
1.08713
0.896585
0.948082
0.8693
1.21599
1.07188
0.950275
1.11714
0.981884
1.0285
1.10753
1.03143
1.14009
1.07879
0.981394
1.08437
1.05333
0.913789
0.87895
1.18123
1.01128
0.821616
0.888241
0.861999
0.992188
1.11668
1.08596
1.32102
0.881401
1.01352
0.884209
0.890121
1.10323
1.02144
0.984034
1.06434
1.05036
0.961119
1.17793
1.02129
0.961757
1.02585
1.14447
0.979926
0.919245
0.903927
1.24102
0.988043
0.880717
1.11982
0.990247
0.904539
0.992456
1.00821
1.02777
1.01561
0.987462
0.96753
0.877963
1.10226
1.09333
1.17145
1.08255
0.87483
1.31317
1.01603
1.04386
1.10404
0.995608
1.03958
1.07216
1.04597
1.02678
1.07092
0.945364
1.03252
0.980779
1.08377
0.894185
0.936253
0.97744
1.05924
1.16679
0.973413
1.13657
1.04121
0.96128
0.854003
1.14572
1.04605
1.06665
0.909755
0.847788
0.968569
0.956878
1.01041
0.955952
1.12471
1.16371
1.08263
0.939747
1.03813
0.856928
1.03583
1.16693
0.997536
1.06713
1.0557
0.776933
1.04994
0.945245
1.07959
0.933869
0.839864
0.888232
1.00462
0.941686
0.962509
1.07401
1.1451
1.02205
1.10049
1.00817
0.965502
0.954956
1.16122
0.990011
0.896027
0.859361
1.01237
1.06858
1.11993
1.08568
0.850687
0.905236
1.0675
0.9197
0.811533
0.955118
1.12768
0.979633
0.993143
1.04966
0.975077
1.13399
1.12084
0.900394
0.846871
0.928121
1.14684
1.02273
0.763275
0.936384
1.12392
1.09994
1.05714
0.952209
0.985206
0.963598
0.99137
1.01476
0.934102
1.0245
1.0968
1.15706
0.940483
0.872758
1.06609
1.23902
0.863242
0.915819
0.94587
0.998079
1.0303
1.09947
1.02268
0.872018
0.971362
1.03909
0.952187
1.05123
0.93669
0.889606
1.10558
1.07225
1.00138
0.89071
0.919849
0.90801
0.861197
1.0164
0.978602
0.980194
1.03539
0.915038
1.04027
0.91095
0.89767
0.939364
1.13074
0.857575
1.15415
0.938995
1.02699
0.929248
1.11115
1.13011
0.817629
0.907355
1.00226
1.00214
0.842692
0.980496
0.98506
0.975462
1.12024
1.07085
1.03674
1.00575
1.07519
1.08198
1.11602
1.05782
1.08788
1.10257
0.961449
1.08702
1.07746
0.936537
0.952108
0.978749
1.01269
0.751407
1.0624
0.895818
1.04332
1.12919
1.06996
0.932683
1.02146
1.02589
1.03512
0.998277
0.773382
1.09647
1.09532
0.869282
1.02536
0.914665
1.26192
0.948275
1.05281
0.964318
0.984588
0.937499
1.06781
1.16281
1.28072
1.05033
1.07475
1.04526
0.904399
1.1546
1.08266
0.999727
0.860935
0.963521
1.02492
0.939219
0.981397
1.00409
0.963864
0.920145
1.21331
1.18324
1.04932
0.897523
1.19138
0.854949
0.771681
0.894645
0.987727
0.975843
1.07805
1.0544
1.04907
0.884123
1.01966
1.06039
0.970777
0.962164
0.913314
1.26927
0.938334
1.02052
1.08672
0.903682
1.15379
1.01181
1.0555
1.09328
1.06742
1.11555
1.04082
0.846623
0.827247
1.02682
0.948799
0.916931
1.03591
1.23414
1.10596
1.19665
1.11168
1.05314
1.03749
1.0915
1.03826
1.17776
0.750609
1.01855
1.17585
0.884588
0.919715
1.0879
0.983578
0.921789
1.12791
0.907787
0.893879
1.12012
1.04235
0.956464
0.862626
0.893214
1.03696
0.962207
1.10154
0.966348
1.01034
0.918885
1.00944
0.710211
0.970603
0.953502
1.10876
1.01903
0.93006
0.96299
1.11219
1.03627
1.11727
0.899975
1.00565
0.925024
1.21728
0.891514
0.908662
0.905419
1.04792
1.08904
1.07758
0.892787
1.07421
0.650491
0.991191
1.07223
0.926467
0.844252
0.936467
0.955396
0.85402
0.811741
1.1738
1.09451
0.960485
0.953858
1.19375
0.967472
1.03704
0.990086
1.07356
1.05804
0.95602
0.779119
0.968769
1.12844
1.12368
0.861911
1.05406
0.949936
0.93678
1.13257
0.886086
0.952061
1.08046
0.883804
0.871064
1.0723
0.799842
0.882678
0.965144
1.05433
1.09802
1.11598
1.16595
1.12146
0.966285
0.847501
1.03123
1.14461
1.00749
1.03257
0.977194
1.12208
0.97274
1.06267
1.05868
0.949394
0.911418
1.00599
1.12835
1.03688
0.995819
1.00429
1.03608
1.07204
1.10626
0.903627
0.857748
1.13689
0.947404
0.872497
1.01217
1.03357
1.09066
1.02042
0.992468
1.12735
0.793675
1.11914
1.09463
1.03778
0.979683
0.951544
1.19641
1.15732
1.08919
0.995588
1.04854
0.917506
1.09917
0.837434
0.836996
0.92527
1.15786
0.986713
1.04965
0.873718
0.893527
1.0616
0.95124
0.97944
1.14285
1.02771
1.13819
0.823323
1.03615
0.991002
1.0495
0.916137
1.01807
0.838905
1.02174
0.929668
1.05332
0.919554
1.19322
0.993082
1.10568
0.906124
0.909198
0.964549
1.00162
0.946216
0.981317
0.972688
1.22063
1.19718
1.1059
0.929839
0.953179
0.964531
0.783181
1.10948
1.0174
0.902237
0.948424
1.0586
1.19593
0.860345
0.930378
1.06865
0.912188
1.03296
0.996851
0.969322
1.03367
0.950289
1.21693
0.944642
1.03581
1.04312
0.931282
0.967358
0.870309
0.974947
1.07132
0.941384
1.2022
1.05335
0.873704
0.981144
1.11962
0.835121
0.967441
1.13806
1.13387
0.898346
0.981731
0.920467
0.924597
0.934359
0.96919
0.999868
0.892533
0.984893
0.966067
0.88892
1.09046
1.07747
1.17734
0.833347
1.15386
0.89979
1.03572
1.17396
1.00887
1.14769
1.01284
0.923828
0.824948
0.936889
1.15669
0.893814
1.14707
1.01834
0.97252
0.953569
0.962611
0.953046
0.914696
0.97755
0.844919
0.900491
0.973219
0.827819
1.01514
0.907288
0.923988
1.17369
0.962831
1.05973
1.04278
0.910109
1.02836
1.08647
0.875669
0.850027
0.986268
0.965842
1.13832
0.936915
0.936179
1.0226
0.841489
0.912932
0.894833
1.28034
1.16174
0.886356
0.872127
1.03446
1.08789
0.899662
0.977621
1.0473
1.17932
0.979379
0.902242
1.0082
1.19605
1.16014
0.994754
0.915403
0.830631
1.03155
0.974909
0.987976
1.01651
1.06234
0.89447
0.99972
0.918174
1.01138
1.1633
1.00317
1.12582
0.953784
0.968938
0.906439
1.12716
0.977321
0.888913
1.02712
0.963991
0.904675
1.02488
0.883759
1.1086
1.00392
1.0336
0.877999
0.91221
0.956828
0.99634
1.10027
0.907367
1.1704
0.819263
0.892406
0.962086
1.012
0.893059
0.815615
1.12146
0.934067
1.16087
0.933583
1.08836
0.934321
0.961581
0.938838
0.866498
0.986391
1.0486
0.96545
1.22364
1.05866
1.01771
0.891039
1.062
0.95991
0.853929
0.972494
0.994958
1.01276
0.832597
0.943789
0.883523
1.18163
0.970358
1.01544
0.917963
0.982412
1.12316
0.843793
1.13817
0.831601
1.07109
0.939071
0.862325
1.10353
0.964984
1.2233
0.829484
0.919757
1.02729
0.939538
1.03286
1.01916
1.06218
1.00876
0.935379
0.975636
1.08858
1.01891
0.965934
0.830886
0.909601
0.915196
0.891438
0.851578
1.06915
1.02596
1.03769
1.03403
0.893216
0.926757
0.866569
1.19524
0.872364
0.912874
1.0448
1.07656
1.23978
1.06167
1.10434
0.999845
1.12746
0.995483
1.06596
1.0217
0.901988
1.09815
1.01297
1.00826
0.94158
0.962191
1.02746
1.05096
0.943511
0.973485
1.01035
0.994255
0.821514
1.02295
0.953846
0.842478
0.935851
1.14481
0.838231
0.869614
0.888937
0.98272
0.892103
1.09061
1.105
0.920259
1.12098
1.12202
1.02299
1.01179
0.823152
1.08331
0.972975
0.966721
0.936323
1.11482
1.03068
0.988198
1.08688
1.03589
1.04832
0.915765
0.973035
1.14814
0.857365
0.897816
0.867431
0.945229
0.958608
1.00476
1.15082
0.869639
0.773225
1.07571
0.978767
0.918908
0.968645
0.973375
0.962931
0.901616
1.03434
1.04842
0.912346
0.992355
1.02584
1.10105
1.1259
1.12193
0.951785
0.913058
0.958857
0.884012
1.0529
1.06108
1.02322
1.10409
1.13523
1.04014
1.02942
1.01342
1.07092
1.1449
1.00535
1.0281
0.98882
0.963212
1.12279
1.04679
1.06143
1.20501
1.19419
0.864953
1.20064
1.03331
1.08567
0.939622
0.988702
0.977451
0.959743
1.13423
0.914784
1.07218
0.936831
1.20501
1.02153
0.984083
1.02106
1.08441
1.00585
1.08593
1.15324
1.00076
0.953445
1.13464
0.983791
0.929062
1.01625
0.88744
1.01979
0.911675
1.08542
0.934365
1.08288
1.11708
0.866562
1.03666
1.06809
0.946159
0.883369
0.974985
1.00331
0.863298
1.03038
1.20236
1.06251
1.00496
0.936002
0.997034
0.897137
0.877883
1.01475
1.03416
1.02767
0.896321
0.793553
0.999001
1.03183
1.04264
0.98717
0.978943
0.928848
1.20308
0.969167
1.33718
1.17822
0.890629
0.798423
0.842254
0.893972
0.915979
0.967402
0.793491
0.939251
0.921797
1.04554
0.992666
0.973997
0.919639
0.854165
1.05951
1.05068
1.02639
1.05291
0.984529
1.10658
1.01504
0.913559
0.865317
1.30097
0.9697
1.04528
0.914713
1.03689
0.93764
0.91381
0.917622
1.07418
1.12008
1.02058
0.960092
1.08373
0.913809
0.908393
1.08217
1.07605
0.999893
1.07911
0.914404
0.950385
1.01992
1.06887
1.05633
0.866695
1.01282
0.990101
1.25238
0.937824
1.10422
1.02488
1.0019
0.938
1.01901
0.960344
1.09236
1.01191
1.02563
0.957915
0.99371
1.26852
1.01372
1.10898
1.09804
0.896997
0.917469
1.04589
1.09276
0.983014
0.981868
1.06007
0.873033
1.09072
1.06419
0.967643
0.949363
1.02916
0.871476
1.08658
1.02352
1.0356
0.986048
1.02275
1.0346
1.03257
0.895645
0.838604
0.961856
1.05768
0.920683
1.17427
1.18556
0.91997
1.17529
1.10274
1.01809
0.832681
1.02897
0.992955
1.17141
1.18684
1.00094
0.930502
1.07367
1.18077
0.981865
1.05824
0.957718
0.960263
0.919418
0.975491
0.935851
0.993896
0.933702
0.968945
1.05993
1.06261
1.27837
0.935453
1.18133
1.02192
1.03381
0.987894
0.967604
1.00763
0.914978
0.873873
1.02201
1.00063
0.840587
1.10685
0.964965
1.09079
0.924217
1.10146
0.984134
1.20167
0.9749
0.930068
1.04889
1.16241
0.906483
0.991711
0.94716
0.993963
0.943946
0.810899
0.978779
1.01297
1.05931
0.927458
0.933226
0.965638
1.04779
0.860823
0.94852
1.12886
1.00396
0.834587
1.13409
1.05056
1.07131
0.868653
0.920055
1.05769
1.08121
1.11911
1.10851
0.89606
0.995579
0.967504
0.917822
0.971705
1.21403
1.05784
1.06116
1.08089
0.958581
0.967079
0.988156
1.0809
1.21317
1.03734
0.807972
0.887717
1.20579
1.08806
0.896818
0.941721
0.970115
1.04564
1.04013
0.996498
0.943397
0.99976
0.848333
0.936447
0.88264
1.05315
0.855975
1.16505
0.79743
1.12382
1.20236
1.069
0.940558
1.13764
1.0212
1.00524
1.02861
1.01436
1.11374
0.915252
1.08091
0.845328
1.04951
1.0448
0.981157
0.970821
0.94419
1.02177
0.929971
0.94575
1.00888
0.990134
0.782156
0.945888
0.879435
0.908976
0.952304
1.22919
1.01859
0.883947
0.943419
1.05045
0.899151
0.930877
0.941035
0.928979
1.14209
0.908697
0.992361
0.947261
0.983456
0.940062
0.959895
0.949689
1.03119
0.942065
1.12624
0.959002
0.989607
0.989345
0.896844
0.970931
1.02039
1.17166
0.976031
0.985388
0.865666
1.13525
0.910832
1.0447
1.05563
1.06462
1.00073
0.886866
1.11634
0.79311
0.95472
0.912418
0.983256
1.10231
1.04257
0.883375
0.946935
1.08037
0.971501
1.04349
0.983646
1.02822
0.922422
1.08491
1.19025
1.03628
0.971469
0.860369
1.02285
1.0624
0.987344
0.939204
1.0455
1.05943
1.0053
0.857452
0.952769
0.905263
0.910171
1.01222
1.02766
1.20412
1.08613
0.899103
0.846472
0.868485
1.04153
1.40106
1.09172
1.05748
0.882116
1.01575
0.876051
1.12074
1.05511
1.09897
1.09118
0.93709
1.0068
0.994811
0.963822
0.941828
1.10254
1.1639
1.04145
1.22913
1.10484
0.978236
0.92614
0.954526
0.844654
1.12271
0.991294
0.981178
0.95667
0.873342
0.823583
1.03841
1.06072
1.13829
1.01783
0.808428
1.10664
0.991527
1.09828
1.16169
1.17556
1.00877
1.04281
0.913015
1.0751
1.16272
0.933302
1.007
0.904613
0.935263
1.02409
0.950676
1.05634
1.08276
0.973371
1.03013
0.866455
1.08308
1.10324
0.859153
1.0415
1.01932
1.02731
1.01201
1.0281
1.08772
1.18188
0.931547
0.857526
0.839028
1.01776
1.03385
1.09175
1.12514
0.933514
1.05637
1.06087
0.937861
0.855657
0.946962
1.08994
1.14449
0.986428
1.10375
0.98132
0.952871
1.01017
0.954523
1.14512
1.00007
0.947611
1.20085
1.0489
0.854651
1.11723
1.12831
0.928447
0.993655
0.960087
0.965754
0.938581
0.76982
1.06542
1.16537
1.01459
1.00095
1.02129
0.94259
0.90564
0.92129
1.00033
1.05659
1.12525
0.981101
0.977651
0.910064
0.956221
0.905421
1.06398
1.09524
1.11676
1.10726
1.16112
1.09843
1.05286
1.17012
0.933377
0.931763
1.02782
0.98314
1.05567
0.894825
1.04008
0.986773
1.10796
0.889872
0.929708
1.02699
1.11676
0.932446
1.03559
1.15821
0.984215
1.32401
0.999807
1.11762
1.13006
0.91104
1.13916
0.879658
1.00481
1.02104
1.10584
0.911263
0.813955
1.0742
1.0094
0.969515
1.04161
0.950302
0.975323
0.97381
1.04316
1.05274
1.04201
1.04604
0.971351
0.968392
0.930793
1.0573
1.01747
0.987572
0.984957
1.0676
0.915044
1.08887
1.10392
0.998558
1.02066
1.03157
1.04308
1.02817
0.955846
1.09478
0.874426
0.934794
1.05783
0.929343
1.00983
0.977373
0.693947
0.98084
0.926628
0.938472
0.789451
0.89076
1.06083
1.11748
1.03149
1.06139
0.938984
1.03643
1.05458
0.951072
0.965905
0.769578
1.17306
0.997895
0.919744
1.15555
1.06829
1.14557
0.941031
0.881665
1.27216
0.98443
0.871388
0.931571
1.17188
0.986403
1.04428
1.02311
0.690202
0.990977
0.938878
0.978651
0.896933
0.940487
1.03316
1.00079
1.18525
1.02019
1.11745
1.15826
1.16899
0.84876
1.01807
1.06928
1.09957
1.11976
0.873319
1.13716
1.11879
1.05334
1.07303
0.841487
0.981181
1.10736
0.975267
0.939532
1.12891
1.10408
1.03639
1.02842
0.89086
1.08017
1.05286
1.00447
1.02263
0.995032
0.953138
1.01994
1.08732
0.971461
0.914421
0.805256
0.867322
0.961552
1.11276
0.941898
1.22616
1.02617
1.18204
0.934943
1.00751
1.01691
0.903514
0.996732
1.01743
1.05912
1.06443
1.14437
1.04412
0.972041
1.17004
0.858686
1.05072
0.939504
1.06746
1.03732
0.886824
1.0947
1.10738
0.822314
0.888573
1.02475
0.972453
0.982129
1.11793
1.15954
0.992823
0.927299
1.08458
0.996342
1.1212
0.89116
0.986988
1.04922
0.946714
0.798813
1.07455
1.00982
0.907161
1.1122
1.22139
0.828596
0.940081
0.969821
1.0414
0.938001
1.05617
0.989466
0.918484
1.07584
1.02872
0.927443
1.00638
0.886275
1.01519
0.873788
1.01467
1.11366
1.05728
1.21506
0.922383
0.965905
1.15071
0.980695
1.11688
1.0446
0.947961
1.11425
1.13045
1.05986
1.13224
0.923121
1.25163
0.901794
0.950684
0.871278
0.937262
0.928781
0.865038
0.996503
0.983701
1.05352
1.00287
0.970683
1.09944
1.01804
0.849682
1.00263
1.02245
0.846678
1.06217
1.12546
0.941197
0.850057
1.21253
0.924527
1.03653
0.993976
1.10305
0.835909
0.950493
0.914276
1.04947
0.85738
0.932486
0.93516
1.02981
0.895679
0.876064
0.947838
0.946678
1.0236
0.915563
1.08725
1.05339
1.3391
1.00764
1.00909
0.863685
1.13866
0.986399
1.04301
0.903913
0.980651
0.802304
1.1652
0.872421
1.03006
1.07624
1.18125
0.863874
0.966227
1.17655
0.978489
1.04016
0.923721
0.828925
1.03371
1.0844
0.926852
0.915509
1.1972
1.0056
1.18657
0.961263
0.873594
1.00505
1.1549
1.11838
0.993234
1.06596
0.887988
0.931254
1.00749
1.01624
0.937831
0.927638
0.97774
1.02874
1.13747
1.05974
0.955189
0.906659
0.983136
0.866053
0.906466
0.87783
1.11267
1.05782
0.844964
0.978172
0.908129
0.941911
1.00577
0.983969
1.066
0.95889
0.904753
0.952491
1.01364
1.02903
0.792387
1.02709
1.13503
0.936931
1.04225
0.955168
1.06883
1.08484
1.03705
1.01171
1.03079
1.069
0.995426
1.07747
0.954467
1.07463
0.887911
1.0535
1.26133
1.0329
1.05831
0.83666
1.04111
0.995225
1.13428
0.944746
0.956827
0.949643
0.963132
0.995838
0.899184
0.970371
1.16013
1.02953
1.07041
0.924281
0.972022
1.18398
0.9979
0.982456
0.960094
0.848949
1.08043
0.892258
0.908158
1.24342
0.94565
0.915975
0.954408
1.10606
1.03954
1.03094
1.11001
0.982828
1.12774
0.895739
1.00841
1.07079
1.15479
0.972036
1.10282
0.896858
0.951863
0.987313
0.899049
0.790514
0.984658
1.20542
1.23798
0.937143
0.881249
0.917836
0.897638
0.989422
1.08078
0.95027
0.912932
1.10924
0.938751
1.03177
1.16669
0.857318
1.01141
1.0209
1.08118
0.922204
0.842034
0.984899
0.911644
0.892593
1.17079
1.06077
1.12323
0.983961
1.06435
1.0645
1.02519
1.06307
0.921793
1.00751
1.01556
0.944205
0.917982
1.01145
1.02943
0.885377
0.828307
0.977929
0.967653
0.951896
1.04084
0.967904
0.985814
0.932252
0.938349
1.00737
1.0772
1.07797
1.01752
1.11566
1.14466
0.978499
1.00983
0.967547
1.18088
0.943577
1.05872
1.02526
1.16289
0.880854
0.915876
0.949937
0.980198
0.975508
1.03499
1.0721
0.971754
0.860207
0.986226
0.904527
0.992452
0.957476
1.07657
0.881401
1.05088
0.973212
0.987204
0.824991
0.982867
0.983003
1.23833
1.117
1.15372
1.07715
1.09814
1.02683
0.917736
0.753033
1.0055
1.0096
1.23989
0.945204
0.91368
1.00169
1.1064
0.915525
1.13288
0.992105
1.04762
0.911848
1.02274
1.08864
0.984155
0.933449
0.913231
1.10279
1.12475
1.13339
0.834559
1.06416
1.00422
1.0481
0.905797
0.80278
0.959703
1.00278
1.01314
0.913898
1.12677
1.0024
0.90914
0.914506
0.88539
0.982629
0.951316
1.06834
1.12731
0.95512
0.896591
1.01823
1.07486
0.957041
1.09271
1.00482
0.989485
0.848807
0.929037
0.905624
1.03111
0.97096
0.918103
0.961449
1.00239
1.11272
0.991218
0.95607
1.03239
0.974181
1.11715
0.924612
1.08655
0.997447
1.0308
1.05352
0.922928
1.07578
1.13262
0.909992
1.03076
0.981059
0.985302
0.940277
1.10682
0.973421
1.25076
0.952253
1.27159
1.02402
0.829149
1.15239
1.04788
0.991306
0.8044
1.08791
0.87957
1.08695
0.988386
1.01155
1.00104
0.990522
0.9364
0.888845
1.04642
1.11412
1.05194
0.95149
1.17852
0.959432
0.995165
1.01746
1.04086
0.913477
1.13027
1.0377
0.844815
0.864341
1.0485
0.856045
0.996486
0.877271
0.95035
1.00924
1.1452
1.18966
1.07062
1.12806
0.921695
1.18121
1.01572
1.07243
1.00255
0.878088
1.09902
0.88811
0.924523
1.16393
1.04503
0.915393
1.1022
1.07998
0.833723
1.00379
1.13889
0.944756
1.14587
1.07631
0.977092
0.905875
0.922635
1.05279
0.916919
1.05695
1.14778
0.978695
0.986567
0.944983
1.17579
0.896269
0.921343
0.974552
0.935008
1.06977
1.05917
0.958207
1.0664
1.00063
0.963
1.0516
1.10296
1.03143
0.809135
1.01196
0.948577
1.011
0.96655
0.927491
0.970021
1.0205
1.10561
0.875159
0.999553
1.05443
1.00401
1.12441
0.967494
0.931953
0.852248
1.06695
1.09723
0.98334
0.86583
1.05229
1.03594
1.01245
0.800588
0.969722
1.00218
0.926458
0.889868
1.02965
1.18833
1.08116
0.76866
0.979503
1.06952
0.834855
1.00801
1.00067
1.00016
0.97179
0.945569
1.18731
0.945845
0.894278
1.10958
1.01596
0.914601
0.808757
1.03771
1.0774
1.02645
1.04097
1.07399
1.13581
1.01353
1.14501
0.850695
0.983112
0.851183
0.917302
1.0702
1.19034
1.10363
0.901732
1.03994
0.971073
1.13429
1.09261
1.01357
0.996552
1.09317
0.980123
1.02541
1.08106
0.898772
0.84578
0.800129
0.875152
0.862403
1.05833
1.09127
0.775491
1.0666
1.0713
0.88208
1.03218
0.901953
1.16856
1.1144
1.23167
0.91131
1.03326
0.785413
1.10009
0.86949
0.944097
1.07219
0.944308
0.881694
1.09827
0.973861
0.96763
1.1945
1.02042
0.923538
1.03829
1.11208
0.814376
0.956454
0.848107
0.950534
0.913024
0.875645
0.992118
0.901414
0.959388
0.824181
1.16886
0.968701
0.965708
1.06579
0.887724
0.890152
1.07691
1.0834
1.0951
1.09305
1.0314
0.84887
0.8906
0.980265
1.09149
0.894534
1.01878
0.987744
0.921687
0.964058
0.96543
1.01559
0.854061
0.982868
0.833909
0.887894
0.986437
0.955198
1.00415
1.14936
1.07236
0.777583
1.03578
1.03107
1.18208
0.819653
1.27504
0.982056
0.861254
0.991508
0.951243
1.12886
1.17377
1.01982
0.910977
1.11591
0.988613
0.945909
1.04392
1.14779
1.01562
0.997317
1.16795
1.11169
0.991409
0.923133
1.05728
1.13837
0.906353
1.15882
1.1004
1.07606
0.936249
1.05373
1.0416
1.1051
0.857089
0.987177
0.952004
1.12904
0.910028
0.964615
1.03264
0.962763
1.07508
1.05511
1.10721
1.03045
1.06075
0.942128
1.05597
1.14376
0.983648
0.971203
1.11762
1.19432
1.00028
0.837955
0.902601
1.2377
0.857876
0.921488
0.854783
0.953725
1.03834
1.26282
0.941212
1.05365
0.866301
1.00747
0.998637
1.03019
1.02262
1.05239
1.04233
1.0579
0.933484
1.08503
0.951782
1.17955
0.95049
0.947799
1.06555
0.881368
1.04874
1.00054
0.993635
0.800922
0.864037
1.23666
1.05224
1.16147
0.978124
0.998789
0.900546
1.13334
1.04922
0.967412
0.979207
0.980746
0.940992
0.938721
1.24052
1.07419
1.05649
1.09598
1.07789
0.827994
1.01474
1.15596
1.01975
0.970321
1.11053
1.18462
0.848453
0.958077
1.3148
1.00542
0.956373
0.851118
0.935243
1.06715
1.07689
0.988623
0.911269
1.00542
1.01362
1.08762
1.15287
1.07623
0.98354
1.04777
0.900374
1.01484
0.786326
0.902315
0.948283
1.00407
0.957007
1.08075
0.954199
0.98013
1.00649
1.09724
0.964565
0.946186
1.03461
0.955719
0.950081
1.09432
1.04229
1.04616
0.995783
0.996924
1.05809
1.10942
0.95857
1.00147
1.00356
1.02934
1.10207
1.12589
0.844213
1.06024
0.834093
0.872709
0.940012
1.03452
1.0005
0.877525
0.904694
1.09302
0.813243
0.913793
0.962799
0.915109
1.21807
1.18359
1.07002
0.854767
1.09229
0.881323
0.982803
1.03061
1.03615
0.834092
0.982157
0.800077
1.00247
0.975942
0.996239
1.00128
1.00814
0.986932
0.991891
1.02815
0.994513
0.9516
1.1548
1.12164
1.09853
1.01674
1.2492
1.11953
0.981558
1.08405
1.06009
1.03182
1.01612
1.01158
0.83756
0.986507
0.954579
0.925887
1.08656
1.0406
0.998613
1.10865
1.22197
0.980005
0.970515
1.10874
0.868358
0.779673
0.962733
1.23678
0.876577
1.0727
1.29253
1.10016
0.947817
0.910547
1.06206
1.10184
0.998494
0.908447
1.09735
1.01197
1.04826
1.04813
1.04641
0.999665
0.951166
1.03007
0.940855
0.920259
0.906293
1.00866
0.789265
1.02774
0.88904
1.01341
1.21456
1.05605
1.10839
1.00622
0.982464
0.91017
0.943559
0.945789
1.0259
0.995353
1.13568
1.05583
1.04204
1.01
0.913644
1.00898
0.890111
0.886986
0.864103
0.859439
1.04022
0.929384
0.971582
1.10936
1.093
0.962145
1.1635
0.980875
0.996253
0.979479
1.25137
1.04677
1.06797
1.05053
1.07759
0.899139
1.00165
1.13952
1.02564
0.921507
1.07937
0.867569
1.07453
0.926814
1.00177
0.927988
0.986554
0.895418
1.02095
0.997296
1.11836
1.09038
0.927948
1.13769
0.950673
1.1708
1.10608
1.09363
0.985607
0.859279
0.961935
1.00009
0.982694
0.985718
0.939906
0.946255
0.9111
0.983589
0.89994
0.911124
1.05885
0.875862
0.816699
1.04585
0.913845
0.948124
1.0322
1.03398
1.03707
1.0851
0.894139
0.970581
0.913134
0.959665
0.760409
1.01781
1.02396
0.879237
1.03834
1.03573
0.920671
1.03815
0.980858
1.06783
0.888381
1.05489
1.09501
1.09166
0.896153
1.07562
1.00546
0.970398
0.966943
1.09565
1.11261
0.941723
0.946772
0.855862
0.819104
0.942829
0.91518
0.847289
1.00084
0.852559
1.07167
0.897801
1.07858
0.984316
0.974849
0.941846
1.00604
1.02481
0.975655
1.00832
1.02123
1.14208
0.929688
0.918311
1.12871
0.909843
0.992893
1.01914
0.929511
0.968674
1.00242
0.88619
0.898537
0.719165
0.886366
0.978708
0.882758
0.934357
0.980581
0.871442
0.983934
0.95194
0.868813
0.84619
1.22058
1.05508
0.985773
0.924882
0.855497
0.936963
0.795095
1.13493
1.00938
0.943878
0.945649
1.06459
0.930997
1.11321
0.962117
0.947705
1.01278
0.993038
0.9138
0.981015
0.886002
0.843785
0.830485
0.874805
0.88719
1.07794
0.774907
1.05362
1.10533
1.00947
0.987654
1.06255
0.980689
1.05161
0.914152
0.862567
1.12651
0.995194
1.03398
0.799004
0.989572
1.01726
0.97436
1.08805
0.942328
1.11859
0.957069
0.903388
1.04224
1.10351
1.0807
0.853905
0.879073
0.834984
0.967255
1.0298
0.854559
0.951532
1.11346
1.12371
0.996842
1.00916
0.921475
0.97553
1.11598
1.08692
1.07084
0.923235
0.988151
0.972006
1.06097
0.936705
1.24799
0.838614
0.829717
0.885317
1.05852
0.966847
1.00691
1.0193
0.885584
1.00582
1.00661
1.10734
1.08778
1.12356
0.934636
0.9918
0.975906
1.03006
0.912923
0.964516
1.04722
1.20539
0.896735
0.990955
1.03369
0.966129
0.85546
1.0701
1.03966
1.0177
1.05056
1.04461
1.09086
1.01074
0.917767
0.939387
1.16581
1.0694
1.08756
0.849816
1.00599
0.919902
1.14797
0.952859
0.990494
1.04188
0.933147
0.945892
1.07883
1.12932
1.15091
0.945286
1.02155
1.10483
0.979202
1.01654
0.957065
0.859559
0.913211
0.969577
0.958235
0.97192
1.02597
0.882104
1.21167
1.07745
1.07611
1.01821
1.01663
0.901651
1.02672
0.895918
1.01659
0.880974
1.05544
1.25344
1.22491
1.16081
1.12704
0.996589
1.18146
0.927454
0.993094
0.905471
1.13169
0.952181
1.10432
0.910588
0.860975
0.988195
1.09064
0.846383
1.17105
0.98725
0.905482
0.936014
0.893416
1.01587
0.974045
0.977696
0.918214
1.08197
0.869563
0.884382
0.820655
0.929145
0.933992
0.786628
1.03024
1.03895
0.898419
1.0893
1.09845
1.01737
1.05154
1.01055
0.959011
1.10988
1.16462
0.861965
0.887435
1.04258
0.952801
1.02345
0.905607
0.963435
0.93189
0.992343
1.03691
1.0604
1.01746
0.86339
1.0271
1.10213
0.962335
1.00486
1.05274
0.962936
0.982043
0.883947
1.12684
1.11768
1.00292
0.881341
1.06005
0.935335
1.0248
0.814157
0.947047
0.914877
0.92701
1.00396
0.971551
1.14969
1.14535
1.25208
1.06361
0.905636
1.04075
1.06811
0.985719
0.864578
0.944903
1.06438
0.977917
1.07053
1.11444
1.09746
0.963562
1.00492
0.933267
0.938487
1.00656
0.804926
1.0361
1.03783
1.0697
1.04523
0.951863
0.867166
0.91119
0.924434
0.975136
1.10039
0.894427
1.14709
1.11517
0.919296
0.923939
1.05609
0.993717
0.954458
0.964345
0.972069
1.23378
1.12868
1.00079
1.11002
0.843707
0.978452
1.03302
1.05986
0.858278
0.900412
0.97564
0.962858
0.990805
1.10178
1.07889
0.874695
1.12279
1.15505
0.930816
0.923317
0.965143
0.813321
0.932049
0.877079
1.16083
0.887456
1.09262
0.836848
1.04378
0.953123
1.0134
0.998835
1.1809
0.904907
0.90143
1.02397
1.16772
0.892779
1.07051
0.890762
0.859509
0.834125
1.00737
0.977818
1.0695
1.15153
0.996537
1.15157
0.987942
0.943492
1.05976
1.01733
0.871389
1.13906
0.997295
1.07968
1.08839
1.01694
0.915342
0.87952
0.913191
1.06155
0.805729
1.03661
1.07775
0.921162
1.09324
0.886116
0.918054
1.08722
0.990577
1.09147
1.01585
0.999902
1.14675
0.847823
1.04997
0.965882
0.933949
0.943884
0.972765
0.899365
0.936855
1.00009
1.02963
0.930294
0.912421
1.06561
0.994106
1.26482
0.827449
1.08886
0.968486
1.15315
0.806595
0.917553
0.860156
1.13639
0.944647
1.174
0.989892
0.827116
0.944048
0.99369
0.987317
0.866833
1.07368
0.937417
0.962463
0.920594
1.13898
1.04636
0.856427
1.06707
1.00643
0.901161
1.02472
1.13746
1.13985
1.0618
1.14694
0.828267
1.05557
1.00969
1.17847
1.02268
1.02609
0.896141
1.11121
0.959078
0.963317
1.13617
1.0987
1.22179
0.91204
0.975516
0.943541
0.857347
0.976671
0.976938
0.811204
1.11881
0.98442
0.863447
0.938494
1.0755
1.06978
1.10422
1.09506
1.25765
1.00666
0.876849
0.994308
1.01636
1.00315
1.06347
1.21774
0.914689
1.02796
0.902132
1.0378
1.07035
0.962622
0.879948
0.916143
1.0129
1.07758
1.06757
1.00797
1.06392
0.943547
0.990157
1.01419
0.858857
0.827363
1.08583
1.05438
0.998903
0.999799
0.873442
1.02973
1.06204
1.02924
0.934106
1.01626
1.01363
0.994869
0.969081
1.00746
1.1294
0.982748
0.940955
0.844407
1.01165
0.956873
0.944761
1.095
1.09758
1.04974
0.981477
0.907828
1.11397
0.998179
0.87611
1.10916
1.08858
0.982167
0.885442
0.87475
1.02632
0.88137
1.17255
0.90575
0.833388
1.05227
0.933136
0.966603
1.07167
1.051
0.949272
1.01569
0.974066
0.846976
1.15941
0.890145
0.955552
1.01711
1.16486
0.933879
1.0447
0.914154
0.881812
0.745939
0.904578
1.19642
1.00817
0.872495
1.08002
1.02949
1.05155
1.01671
0.906012
1.06072
0.827052
1.03994
0.934784
1.02913
0.938043
0.867447
0.94092
0.900061
1.06555
0.983911
0.973518
1.08219
0.954074
0.964785
1.09087
0.835751
0.869325
0.95803
1.12094
0.88248
1.19182
1.14056
0.885749
1.20806
0.841513
0.991242
0.9592
0.991265
0.782439
1.01811
0.993387
1.02804
0.908746
1.08327
1.10738
0.927072
0.934477
0.792152
0.980341
0.940876
0.977884
1.04533
0.969413
0.96761
1.03788
1.21558
0.904993
1.00253
0.963667
0.958933
1.04461
0.933207
1.00535
0.976129
0.915727
1.2097
0.919944
0.968459
1.06718
1.0421
1.17526
1.14043
1.1003
0.824318
0.910984
0.798741
0.945115
1.05891
1.08257
0.946
1.00187
0.980775
0.885942
0.914694
0.956135
1.14282
0.866308
1.21513
1.03659
0.962459
1.06346
1.0156
0.795801
1.01621
1.12425
1.00741
0.954814
1.09142
1.04961
0.999155
1.25492
0.845709
1.14527
0.966343
1.01833
1.15476
1.06951
1.03936
0.882112
0.886923
0.914466
0.971
0.929497
0.981665
0.948633
0.970606
0.963087
1.11861
1.11034
0.958735
0.87618
0.998413
1.04235
0.897245
0.88802
0.840788
0.999681
1.02619
1.0673
0.998331
0.92771
1.03432
0.969392
0.941911
1.01588
1.10411
0.968623
0.947888
1.09235
1.02682
1.04844
1.06948
0.910117
1.00563
1.1029
1.09387
0.983836
0.911004
0.881135
0.980574
0.844151
0.807558
1.08995
0.955648
1.01063
1.1787
0.889541
1.02567
1.05088
0.866556
0.84234
0.991862
0.982176
1.03738
0.913874
0.844945
0.840772
1.08649
1.04882
1.05989
0.891462
1.17933
1.19617
1.18575
1.10491
0.887503
1.09618
1.04581
1.12514
0.894913
0.942103
1.04119
1.09348
0.936889
1.0984
1.04333
1.0941
0.882257
1.095
0.963045
0.989248
1.04236
0.965198
1.06309
0.951978
1.11204
1.21185
1.0655
0.96417
0.927366
1.25403
0.797719
1.14866
0.933092
0.972794
1.09155
0.941796
0.998957
0.8837
0.931229
0.918407
0.893083
1.0503
1.10012
0.828186
0.977994
0.981275
0.961754
1.04415
0.916688
0.932912
0.996827
0.832509
0.925749
1.02901
0.982895
0.917092
1.07572
1.03296
0.987936
1.06722
1.12119
0.8676
0.896602
1.01937
0.908894
0.926527
1.07695
1.09433
0.952931
1.08845
1.01569
0.923444
1.00041
0.931105
1.04758
1.13072
0.805343
0.988889
0.989666
1.1167
0.835049
1.02409
1.04479
1.09095
1.13011
0.964206
0.975418
1.14571
1.0094
1.14809
0.836651
0.884164
1.01945
0.971756
1.275
1.22686
0.992882
0.957067
0.993128
1.06135
1.07811
0.976781
0.918202
0.951267
0.910377
0.833295
0.828568
0.875502
1.08156
0.797263
1.16196
0.942133
1.04563
0.852917
0.89296
1.099
0.931814
1.12175
1.13158
0.940279
0.927784
0.851116
0.967389
0.955665
0.880422
1.12519
1.04468
0.921523
1.08259
1.25855
0.9496
0.846874
1.04572
1.03529
1.03962
1.00504
0.854429
1.16971
0.897091
1.08301
0.849779
0.998296
1.04526
0.991884
1.04934
0.933089
0.949262
0.911036
0.96521
1.0953
0.888369
0.982371
1.18203
0.808074
1.1092
1.00697
0.851665
0.951557
0.892456
0.926392
0.924621
0.890121
0.970132
0.955573
1.08181
0.894294
0.954141
1.00376
0.983308
0.980342
1.10616
0.931822
0.923481
1.04901
0.900063
1.07307
1.11462
0.984912
0.99029
1.03807
0.824767
1.12281
0.927093
0.898174
0.919636
0.952779
1.12983
1.05851
1.12512
1.13846
0.908249
0.915941
0.978813
0.859676
1.10873
0.883527
0.913301
1.07482
0.871167
0.825378
0.947769
1.02564
0.979073
0.895763
0.992321
0.933019
1.08914
1.03793
1.00255
0.917434
1.0771
1.15932
0.917164
1.0774
1.02679
1.03988
1.20029
1.14819
1.03091
1.05632
1.00569
0.940756
0.983926
0.951616
0.723904
0.994954
1.0145
1.02775
0.944468
1.08365
1.04297
1.00809
1.02031
0.893949
0.97216
1.19839
1.02598
1.02837
0.975284
1.02602
0.898248
0.92477
1.05777
1.11946
1.1469
0.953294
1.07488
0.929495
0.939849
0.998561
1.04776
0.904163
1.11078
1.09049
0.896474
0.910766
1.00505
0.803458
0.883719
0.880619
0.910449
1.27192
1.02008
0.868051
1.05428
0.973739
0.925677
0.906287
1.04399
1.01406
1.07098
1.06268
1.083
1.01712
0.900454
1.18803
1.04334
1.16129
1.02478
1.02012
1.00414
1.1212
0.991683
1.04352
0.947791
0.947513
0.946996
0.850308
0.911965
1.06951
1.0405
1.11933
0.956267
1.0999
1.12966
1.06228
0.869254
1.08645
1.05661
0.835363
1.10518
0.943065
1.1428
0.875781
0.86694
0.920434
1.05929
0.833939
1.02417
1.04466
1.09007
1.14144
0.835101
1.06164
0.967221
0.858193
1.08337
0.987676
1.07426
1.1651
0.864032
0.992577
0.911388
1.07374
0.885106
