1.60121
0.971438
1.37708
1.0001
0.846342
0.818689
0.865921
1.04577
0.331147
1.1404
1.08124
0.819352
0.623813
1.53426
1.40619
1.60459
0.97856
0.878215
1.0581
0.704239
0.807176
0.84903
1.58405
1.24766
0.745787
0.983022
0.861019
1.02585
0.866036
0.767393
0.525801
0.849093
1.04946
1.18426
0.892497
0.951138
1.98096
0.594704
1.34453
1.47033
0.888958
1.15796
0.597209
0.930444
0.701986
0.94296
0.999558
0.779463
1.27168
1.32493
0.815836
0.255843
1.03732
0.949076
1.37791
1.69566
0.602757
1.14907
0.573756
1.54853
1.21832
0.52257
1.03635
0.914218
1.1534
1.29865
1.49081
0.590091
1.17881
0.83338
1.05119
0.639298
1.26565
1.5199
1.21172
0.682033
1.46256
1.45884
1.25234
0.826041
1.42928
0.900756
1.09714
0.745708
0.591873
0.592567
1.14759
0.623971
0.781258
0.71692
0.838954
1.62761
1.16673
1.21748
1.2515
0.651132
1.17239
1.09249
0.70138
0.851456
0.923834
1.10656
1.07377
0.969405
1.1053
1.06845
0.976622
0.812009
1.32598
1.06103
0.684869
0.709998
0.939932
1.23421
1.00895
0.629435
1.46613
0.808038
0.741652
1.03986
0.818433
0.978633
1.19795
0.814283
0.582035
0.986177
0.931731
1.28584
0.88177
0.885781
0.640484
0.989646
0.877916
1.28248
0.822259
0.896576
0.59089
1.20274
1.14603
0.571258
1.18031
0.668143
1.15004
1.8325
0.79851
0.986314
1.70215
1.01588
0.876615
0.662601
0.674395
1.09342
0.902595
1.08819
0.744716
1.64049
0.882663
0.753845
0.709527
0.643085
0.923482
1.28309
0.908481
1.03886
0.958992
0.801759
1.29713
0.893192
0.831667
0.739706
0.949729
0.700939
0.851536
0.3658
0.489736
1.24941
0.41616
0.686763
1.02282
1.13798
0.600785
1.08712
0.828901
0.73021
0.963287
1.06047
0.87756
0.992441
0.687129
0.586594
0.778462
0.997352
0.942085
0.493817
0.822762
0.605738
1.14741
0.811086
0.965991
0.722387
0.823114
0.83189
1.19713
1.08459
0.70701
1.18187
0.853735
0.653268
0.423398
1.36232
0.833937
0.716981
0.650029
0.957345
1.09399
1.15722
0.838681
0.7351
0.980073
0.767305
0.953229
1.65326
1.19437
1.17681
0.90505
0.813301
1.19693
1.6987
1.00414
1.11916
1.27197
0.611457
0.594006
0.771601
1.21727
0.792535
0.982333
0.853365
0.918767
1.13885
0.70572
0.715208
0.709239
1.69071
1.19773
0.969446
0.909658
1.24346
1.0449
0.462061
0.447532
0.851254
1.06961
1.29758
0.702987
1.02297
0.812177
1.08442
1.18333
0.847434
1.06675
1.39588
1.38022
0.979046
1.51175
1.59258
1.03839
1.35182
1.04089
1.70962
0.697342
0.938562
1.36793
0.709995
0.757745
0.730872
1.62402
1.00346
0.924039
0.608276
0.409716
0.604405
1.06833
1.45941
0.930809
0.450613
1.23514
0.699143
0.964233
1.14592
0.58461
0.907988
0.999145
1.01007
1.10702
1.15253
1.05763
0.564159
1.48944
1.00589
1.52872
0.525579
1.29253
0.932011
0.888182
0.636154
0.777002
1.36054
0.707984
0.9237
1.52485
0.844047
0.916988
1.75904
0.686044
0.739167
1.97252
0.622571
0.447573
0.748174
1.06314
0.835577
1.17192
1.10792
0.58991
0.742908
0.750682
0.764018
0.690647
0.39345
0.940977
0.92428
1.57893
0.979029
0.59324
1.42647
1.19458
1.48199
0.711511
1.11757
1.21097
0.549757
0.952111
0.663894
0.670674
0.705384
1.06613
0.92261
1.18651
1.04938
0.957091
1.54123
0.824862
0.948346
1.32117
0.804414
0.537115
1.08287
1.31964
0.672157
1.15375
0.388298
1.02059
1.03233
1.5673
1.24545
1.10875
1.06762
1.62508
1.24623
1.23587
0.751728
0.818003
1.40383
0.915344
0.776944
1.93025
1.29981
1.21108
0.802366
1.2353
0.773225
0.588499
1.17823
0.943074
1.93951
1.7141
1.35783
0.720317
1.2478
0.982169
1.50023
0.696118
1.18299
0.982323
0.752914
0.781797
1.00218
0.923319
0.606181
1.22843
1.02031
0.993771
1.37026
1.04635
0.717695
0.751247
0.894896
1.18033
0.517505
0.36235
1.41271
1.9582
0.520965
0.50966
0.566087
0.810452
1.22495
0.51283
1.66367
1.26601
0.846483
1.16774
0.775821
0.513486
1.00076
0.785294
0.677207
0.747473
0.435812
0.870519
0.992754
0.836874
1.66669
1.103
1.20134
0.850155
0.589167
0.508312
1.19591
0.63689
0.625671
1.02692
1.24423
0.733986
1.0847
0.800177
0.913264
0.817152
0.650589
0.684437
1.02942
1.05454
0.846651
1.32075
0.562127
0.366487
1.06442
1.52983
0.983242
0.733746
0.909731
0.595935
0.913296
0.752301
1.27473
1.27514
0.649449
0.852743
1.36149
0.98314
1.80731
1.30955
1.05478
0.93639
0.92984
0.597057
0.88085
1.00118
1.31117
0.750066
1.05219
0.546163
0.988606
0.841196
0.87884
0.894283
0.568126
1.61077
0.924046
0.561648
0.500098
0.742324
1.32479
1.3983
0.962558
1.14971
0.925821
0.801932
1.1688
0.760956
0.783447
0.800868
1.34115
1.58197
1.86702
0.891044
0.715335
1.03988
1.1039
1.11968
0.874998
1.25103
0.686715
0.603971
0.561156
0.56607
1.00081
0.610748
1.22808
0.751822
0.897095
0.649735
0.910205
1.59127
1.03795
0.592097
0.651904
1.12792
0.899312
0.757049
0.932314
1.23397
1.21299
1.45721
1.37431
1.47524
0.521556
0.960366
0.969856
0.688499
1.01333
1.5656
0.932
0.974889
0.743488
0.923115
0.934212
0.784536
0.628558
1.43839
0.850356
1.24048
0.603362
1.23195
1.38267
1.19184
1.1347
1.21847
0.859513
0.523073
1.00035
0.385214
1.2313
0.765401
0.976996
0.916838
1.18103
1.74713
1.72901
0.835985
0.850552
0.785698
0.978462
1.36707
1.13005
1.23965
1.14356
0.823572
0.368625
0.93147
0.78381
1.29825
0.795314
0.849776
1.28746
0.830829
1.19904
0.951212
0.715468
0.528339
0.62928
0.495164
1.29467
1.71189
0.876632
0.914099
0.76705
1.80204
0.768107
0.900652
0.528382
1.18368
1.13116
0.894331
1.1463
0.630291
1.09896
0.96949
0.93636
0.692951
0.711173
1.28579
0.704936
0.832133
0.670157
1.16261
0.814635
1.05783
0.497433
0.67637
0.796725
0.891313
0.845599
0.877048
1.88041
0.697283
0.645076
1.1728
1.49505
1.01766
1.53419
1.1703
0.71723
1.38197
1.74329
1.29657
0.651659
1.08633
0.941559
1.44267
1.0873
1.02922
1.10056
0.657751
0.681413
1.35165
0.499272
1.08272
1.23619
0.886387
0.630894
1.3087
0.757903
1.23934
0.637398
0.733738
0.635481
0.801151
0.764907
0.860225
0.622207
0.391094
0.701798
0.708359
1.04275
1.44469
0.983449
0.890336
1.20303
0.673588
1.16996
1.40535
0.690151
0.778832
0.939528
1.02933
0.920762
0.69727
1.3098
0.941508
0.974745
0.737246
0.96651
0.90613
0.666549
1.03299
1.04127
1.01915
1.10826
0.776817
1.20716
1.55701
0.735384
1.81023
0.83298
1.19542
1.28369
0.810605
0.921271
1.56358
1.31105
0.474288
1.21738
1.00053
1.18405
1.31136
1.11443
0.618646
0.567996
1.16778
0.925546
1.53866
1.69268
0.488332
1.15497
1.27321
1.22958
1.14092
0.786269
0.988734
1.41321
1.2381
1.33526
0.969225
0.812014
0.303745
0.858567
0.854322
1.00407
0.969066
0.929428
1.76835
0.634389
0.779009
0.456851
1.03576
0.95633
1.12688
0.907135
0.817967
0.836388
1.34414
0.890273
1.09473
1.53887
0.878624
0.679466
1.56868
0.610052
1.08771
0.900067
0.904277
1.10256
0.687298
0.709611
0.970489
0.702683
1.60776
0.930013
1.05385
1.42623
1.3586
0.804777
0.809859
1.2723
1.14583
1.51555
2.12511
1.54679
1.41105
0.359512
1.52345
1.57599
0.939201
1.32111
0.610337
0.821878
0.487098
0.822281
1.44416
0.919774
0.868966
0.819504
1.40623
0.722418
0.995528
1.06479
1.37923
1.23482
0.633157
1.30659
1.42514
1.84383
1.07471
1.14121
1.05689
0.745856
0.9743
0.947304
1.17242
1.12189
1.18877
0.923909
0.742568
0.959415
0.911645
0.838847
1.23678
0.896112
0.814174
1.0232
1.32577
0.878325
1.18036
1.23594
0.497186
0.9182
1.75837
1.39438
0.808763
0.59111
0.953083
1.0358
1.49936
0.909378
0.854617
1.16867
0.713392
1.87034
1.49339
0.917808
1.30573
1.11153
1.23612
0.468683
0.827752
1.16633
0.454786
0.981823
0.701407
0.871355
0.768064
1.25005
1.32898
1.04055
1.30192
0.936704
1.26071
1.28133
1.49409
0.901637
1.6048
0.655078
1.11739
0.70767
0.934314
0.911916
0.75902
0.788986
1.54813
0.648235
1.14544
0.931928
0.535229
0.771677
0.937809
1.21166
0.555339
0.865421
1.76782
1.03007
1.52812
1.63081
1.22792
1.18766
0.987888
0.986279
0.931657
0.608573
0.866791
0.764525
1.0977
0.944029
0.418855
0.978267
0.845196
1.29712
1.25671
0.827396
0.772718
0.913103
1.2199
0.548411
1.38892
0.821454
1.35712
0.585963
1.26101
0.652284
0.873528
1.25693
1.48658
1.18046
1.00381
0.727985
0.967619
0.8922
0.918817
1.06206
1.02594
0.930597
1.61691
0.451312
1.16993
0.967086
0.853536
1.07354
1.22958
1.08731
1.32587
1.23863
1.52744
0.829998
0.815276
0.738921
1.24705
0.723437
0.812653
1.1946
0.89667
0.935289
1.40474
0.641339
0.976662
0.728374
1.07978
1.06309
0.758485
1.38718
1.1167
0.665276
1.25455
1.37975
0.935488
0.75664
0.96807
0.836549
1.10142
1.21019
0.844712
1.22743
1.05345
1.06185
1.31102
1.83953
0.515133
1.22767
1.2787
0.624428
0.980259
0.425399
0.766179
0.944803
1.16661
1.31071
0.498798
1.39881
0.787925
1.02784
0.542225
0.912176
0.695223
1.1778
0.683439
1.12863
0.867885
1.48879
1.12559
1.04965
0.584825
1.2015
0.798067
1.08075
0.906956
0.692098
0.643726
0.681696
1.22954
0.946864
0.940705
1.54756
1.32855
1.22973
1.26747
0.786329
0.48464
1.26953
1.02674
0.933842
1.36181
0.88205
1.16976
0.870525
1.60187
0.900007
1.03287
1.24667
1.21169
0.959724
0.86605
0.482955
1.21124
0.813472
1.63142
0.624863
0.732216
1.49221
0.741441
0.821791
1.57359
1.19313
1.20741
0.900248
1.19372
0.968965
1.01965
0.755926
1.06255
0.89638
0.985691
0.356991
0.489907
0.673842
0.702982
0.925597
1.10124
1.00282
1.11751
0.760526
0.724095
1.22342
0.769552
1.16263
1.18584
1.03393
0.586385
0.626313
0.695082
1.12309
1.18342
0.8719
1.40743
0.929184
0.61293
0.842573
0.992577
0.725206
1.16722
1.10954
0.62056
1.10468
0.821509
1.06701
0.740251
1.00462
0.954879
1.20728
0.880999
0.726344
0.610853
1.35189
0.596074
1.14397
1.07054
0.935094
0.874686
0.856347
1.08369
0.399184
1.79298
0.884417
0.885458
1.09424
0.396857
0.644266
1.51835
1.70249
0.509721
1.11151
0.879248
0.544964
0.969652
0.559
1.19632
0.980833
0.912466
1.56369
0.577553
1.25033
1.43249
0.845131
1.57051
0.448705
0.794118
1.05723
1.35551
1.32248
1.47773
0.765626
0.96284
0.566757
0.542755
1.25309
0.884589
1.21745
0.57647
1.01233
0.714639
1.08928
0.994616
1.07752
0.862171
0.943651
1.02599
0.872127
0.978739
1.10821
0.905615
0.870631
1.36168
1.05973
1.13797
1.95859
0.857979
0.697591
1.42906
0.784628
0.548881
0.919032
0.56984
1.2458
1.07226
0.70408
1.12817
0.831751
1.20515
0.865178
0.813693
0.824772
1.15536
1.78329
1.16193
0.716227
1.85108
1.33056
0.913954
1.15092
1.11927
1.10225
0.995927
0.650212
1.10436
0.454469
0.972538
1.29937
1.73563
1.04907
0.83487
0.680345
0.797049
0.81841
0.79932
0.796614
1.04401
1.23207
0.554849
0.75059
1.24652
0.840589
1.02984
0.890162
1.11125
1.07733
1.45275
1.2964
2.13332
0.682668
0.578409
1.1974
1.26687
2.08392
0.541917
1.3766
0.990907
1.23036
0.876193
1.09175
1.28075
1.67613
0.955574
1.48131
0.645586
0.373496
1.09837
1.22958
0.691354
1.00049
0.605742
0.819911
0.736842
0.621905
0.846903
0.922974
0.798967
1.23678
0.88174
0.960256
1.11627
0.691232
1.12388
1.26785
1.90303
1.11144
0.707334
1.81953
0.928586
0.75001
0.700581
1.16436
0.660098
1.1188
0.991403
0.767841
1.09004
1.23051
0.582771
1.47219
1.09865
1.11004
0.79813
0.706493
1.3555
0.655875
0.95264
0.896239
1.4825
0.394697
0.994423
1.20019
1.06138
1.01907
1.35504
0.865712
1.99611
0.8896
0.983699
1.29533
0.794814
0.861367
0.586779
1.18153
0.991756
0.577676
0.835306
0.940796
1.02591
0.618106
1.1226
1.03664
1.15122
0.884089
0.603949
0.948548
1.06613
1.27737
1.39047
0.955089
0.558866
0.497086
1.62152
1.33722
1.72072
1.47334
0.954628
0.909947
0.791342
0.830734
1.46181
0.930778
1.5382
1.00656
1.18441
1.20843
0.810832
2.04141
1.2265
0.920328
1.31624
0.582548
0.784754
0.895012
0.422432
0.671812
0.682027
0.716659
1.19235
0.948933
1.01198
1.00006
0.981256
1.48773
0.74147
1.0294
1.11856
0.760556
0.930285
1.02083
1.26456
1.06025
0.876489
1.1286
0.898333
0.563445
1.09278
1.17681
0.38735
0.702009
0.711886
1.47009
1.46412
0.847982
0.91766
1.45227
1.40503
1.13095
0.913278
1.66007
0.9985
1.19753
0.590604
0.956787
1.12722
0.894957
1.02433
0.704969
0.563285
0.641161
1.63484
0.512307
0.648466
0.902369
1.56065
0.989576
1.01112
1.0729
0.853445
1.30883
0.971324
0.534238
1.12961
1.04684
0.920325
0.764879
0.640894
0.786893
1.23025
1.6776
0.981572
1.03349
0.929343
0.554247
0.854509
0.944617
0.413574
1.44571
1.4981
1.12462
1.21748
1.17891
1.59075
0.782703
1.53638
0.713342
0.868227
1.14251
1.37955
0.652452
1.84669
0.792382
1.11269
0.668921
1.30058
1.58363
1.29773
0.854282
0.612896
0.400715
0.409006
1.01972
1.355
1.16723
1.57969
0.847662
0.743557
1.31646
0.614982
0.526361
0.898221
0.959845
0.534291
0.700902
1.82246
1.25653
1.36684
1.13787
0.898577
1.13181
0.779875
0.88268
0.627552
1.19157
1.20007
1.01067
1.13859
0.944171
1.57683
0.435009
0.661997
1.80182
0.902241
0.871983
1.02275
0.833212
1.56364
0.983396
1.39417
0.890857
1.55015
0.876489
1.63705
0.90557
0.570595
0.938899
0.627362
1.27606
0.787047
1.91893
1.47288
0.915361
1.77157
1.20522
1.20292
0.922703
0.833554
1.47041
0.557418
0.451879
1.01524
0.9582
1.33355
0.99686
1.51503
0.918558
0.528876
0.997638
0.956304
0.890391
0.752146
1.29446
1.62698
0.447914
0.517314
1.21834
1.32401
0.874398
0.982328
1.10808
0.649527
0.485819
0.749163
1.09458
0.679061
0.915352
0.628709
1.17055
0.851376
0.839408
0.809002
1.4036
0.840221
0.979575
1.00363
0.539507
1.31731
0.801266
0.873008
1.23696
0.861288
0.758294
0.599432
1.24662
0.926362
0.839885
1.00151
1.93792
0.701752
1.78435
0.869977
0.72765
0.98655
1.03716
0.749389
0.983834
0.821412
1.96821
1.42156
1.13009
0.943025
0.979958
1.11428
1.17539
0.784958
0.844074
1.0166
1.05726
0.766252
1.21404
0.44146
0.847771
1.29835
1.42962
1.14421
1.00977
1.0498
0.814383
0.707507
1.39376
0.705626
1.00564
1.20944
1.67815
1.70959
1.21404
1.06098
0.360287
1.53664
1.32943
1.18842
0.540654
0.727248
0.643733
0.702707
0.854478
1.23594
0.642088
0.680524
0.862754
1.09614
1.2792
1.31714
0.999095
0.771351
1.19365
0.62666
0.632649
0.507148
0.862335
0.518273
1.08398
0.773395
0.73926
0.265792
0.853494
1.23598
1.00919
1.21246
1.4962
0.767841
0.708855
1.2447
0.974084
0.713732
1.18664
1.31598
1.15966
1.10213
1.10681
0.986667
2.11913
0.934577
1.10716
1.58172
1.23804
0.866677
1.41166
1.89573
1.11549
1.1153
0.634348
0.746858
0.925939
0.772836
0.672507
1.47377
1.02082
0.847163
1.58681
1.38949
1.25343
1.07521
0.586223
1.13082
1.02287
1.36354
0.989373
0.836405
0.758292
1.65183
1.11981
0.854526
1.10486
1.22313
0.895116
1.09182
0.912267
0.591588
1.03704
0.662746
0.960755
1.31258
0.522013
1.0539
0.679951
1.08207
1.00636
0.904098
1.00131
1.02122
0.932949
1.47619
1.3095
1.41435
1.3587
1.2952
1.29854
0.581139
0.793749
0.695025
1.33435
0.497577
1.54868
0.927249
0.761739
1.19293
0.981434
0.837935
0.845194
0.634551
1.14892
0.561865
1.28984
1.35531
0.666791
1.24267
1.1009
1.32715
1.25852
0.453186
1.0197
0.6483
0.714003
1.03368
0.605833
0.960193
0.835382
0.603515
0.621752
0.887094
0.670227
0.600107
0.765677
0.774919
0.972572
1.58855
1.03585
0.751036
1.19221
0.734208
1.15225
1.04509
1.25604
0.663173
0.707178
0.974705
1.42791
1.11909
0.887715
0.699194
0.899706
1.07002
1.25537
0.968089
1.45821
1.31827
0.800021
1.59331
0.70769
0.743205
0.592168
1.03176
0.868372
0.928426
0.877512
0.552617
0.956056
1.23558
0.532541
0.418003
1.44128
1.03809
0.658745
1.01849
0.950305
0.76032
0.756274
0.915184
0.94685
0.69869
1.70686
0.65015
0.754986
0.698705
0.891936
0.681105
0.749864
0.877199
1.15317
1.44122
0.891198
1.39942
1.41983
1.06442
0.742512
0.400204
1.38252
1.14096
1.12229
1.59028
0.611232
0.828348
1.03641
0.458363
1.31343
0.510016
0.728093
0.696923
0.824118
0.919046
1.09252
1.1899
0.651583
0.940029
0.643451
1.05299
1.51414
1.07822
0.566404
0.648945
0.501714
0.725202
0.520579
1.1652
0.625317
1.15356
1.14702
1.09432
1.26669
0.760315
1.00559
1.35878
0.742932
0.479454
0.73166
0.627703
0.996233
1.45387
0.92168
0.937176
1.07157
0.879011
0.922919
1.47233
1.07338
1.32675
0.982254
1.66654
0.906864
1.15507
1.26296
0.772493
0.889584
0.908979
1.36968
1.21512
1.07188
1.45426
1.40354
0.679581
1.21059
0.972985
0.780026
1.08284
0.99828
0.805407
0.674372
0.814164
1.48527
1.18407
1.11136
0.631013
1.0618
1.14447
1.53165
1.03314
1.17716
1.59333
0.874092
0.80613
0.466274
1.39529
0.435307
0.724602
0.847868
0.901226
0.987818
0.977356
1.03109
0.98427
0.532057
0.971168
1.07089
0.880704
1.25149
0.379493
0.909243
0.734891
0.763517
1.0028
0.921924
1.24479
0.786393
0.778567
1.17236
0.727823
1.44683
1.55941
1.02848
0.78325
0.525355
1.04207
0.936388
1.13014
2.13443
1.10743
0.588312
1.26699
0.84842
0.928023
0.487724
0.839317
0.928441
0.81845
1.38966
1.1358
0.933324
1.29338
1.05209
0.714103
1.22097
1.31385
0.618463
0.766281
1.23459
1.25856
0.816038
0.346408
0.868004
0.558612
0.966858
0.85066
0.863438
0.882409
1.05414
0.586479
0.972078
1.0792
0.789597
0.730165
0.767463
1.4754
0.486959
1.12313
0.761942
1.31246
0.827575
0.897861
0.921145
1.16543
1.22829
1.02125
0.814367
2.00006
1.26307
1.51797
0.907973
1.44699
0.890885
0.650967
1.24125
1.30258
1.22868
0.874767
0.725677
0.956702
1.15638
0.73724
0.895751
0.451923
1.54479
1.19904
0.608658
1.03399
2.17581
0.86074
0.882565
0.775304
1.22505
0.604134
2.004
1.0058
1.1901
1.19364
0.635269
0.952782
0.616342
0.731276
1.54703
1.43117
1.63344
1.57714
1.02654
0.510117
1.06655
0.972715
0.97448
1.68229
0.949852
0.790844
0.714136
0.889706
1.55395
1.26529
0.7303
0.711317
1.43896
1.3855
0.899763
1.49908
1.32948
0.590394
0.886662
0.833662
1.62743
1.02594
0.944039
1.14634
1.06396
1.38482
0.923488
1.50331
0.575166
0.583098
1.43038
0.897088
1.0335
0.438607
0.968851
1.08129
1.28454
0.965211
1.24297
1.18538
0.536094
0.719626
0.894097
1.1312
1.23455
0.542249
0.322067
0.785554
0.8252
0.689463
1.03591
0.922199
0.704808
1.21124
1.40739
0.880063
1.38729
0.952426
0.857853
1.60888
0.75073
1.27623
1.25215
0.787196
0.801559
2.05235
0.702663
0.73279
0.936258
1.1484
1.44674
0.860921
1.25415
0.651546
0.628813
0.321373
0.834699
0.421091
0.49647
1.78346
1.01092
0.99224
1.05421
0.610274
0.553859
0.583926
0.514967
0.813539
1.0239
1.36131
1.08497
0.71347
1.28167
1.32063
1.5895
1.2489
0.423375
1.10131
0.894708
1.00621
0.936144
0.617634
0.737418
0.858024
1.15983
0.686254
0.999339
0.998531
0.697993
0.6889
2.40982
1.03516
0.945233
1.04202
1.25537
1.28444
0.889966
0.833953
0.781578
1.24787
1.02934
1.02318
0.882125
1.07252
0.442479
1.1356
1.41595
0.551934
1.5293
1.59961
1.54603
0.810448
1.08711
0.877838
1.13829
1.36058
1.03501
0.661806
0.513015
1.16307
1.43673
1.03031
1.59541
1.0316
0.774184
0.866518
1.12357
1.47251
0.797791
0.757295
2.08953
1.67031
1.43353
0.759532
0.556115
0.951735
1.02007
0.461863
0.915633
0.906613
0.90908
1.4434
0.856469
1.27592
0.965895
1.10898
0.732963
1.03951
1.34324
0.960174
1.41053
1.34199
1.21837
0.992484
0.620262
0.739094
0.840615
0.857024
0.412007
1.15956
0.854532
0.96464
0.744568
1.09388
1.15745
0.769396
0.807186
1.49207
0.865653
0.766306
0.468397
0.810171
0.459296
0.779113
0.993766
0.890866
1.75877
1.09696
1.14064
1.08377
0.460921
1.00011
0.76948
1.11507
0.83521
1.3911
0.752174
0.817337
0.657597
1.7931
1.06318
1.06338
1.49947
0.838208
0.925349
1.42507
0.851917
0.845242
1.28145
1.18737
1.55378
1.06207
1.11004
1.36844
0.996272
1.35687
0.9505
0.801124
0.644887
0.894621
1.15153
0.521911
1.43369
1.13639
0.614322
0.796345
0.747001
1.17023
0.870225
1.2269
1.04461
1.15835
0.628403
1.336
1.00259
1.41504
1.11668
1.13775
0.738369
0.604298
0.599497
1.11252
1.1781
0.381115
1.16964
1.46259
1.32178
0.407671
1.12904
0.518048
1.47531
0.980581
0.85289
0.757494
0.761487
0.747861
0.785477
0.981807
1.61547
1.28485
1.11163
1.04122
1.2773
1.59307
1.10295
1.59657
0.932548
1.18641
1.07387
2.07181
0.81033
1.19112
1.04768
0.581109
0.88523
1.00306
1.4226
1.25474
0.740903
1.19988
1.08254
0.645274
1.43681
0.653492
0.508136
0.726901
1.20812
1.82453
1.61593
1.34506
0.801991
1.01176
1.2886
0.801061
1.22349
1.02214
1.09858
1.12872
0.840202
1.84748
0.495597
0.663718
1.08542
0.592816
0.655801
1.03368
0.578331
0.684477
1.39773
1.18985
1.2302
0.816093
1.00227
1.29657
1.2445
0.837845
1.38439
1.46976
1.42738
1.47625
0.863794
2.10193
1.54774
1.17069
0.548444
0.976132
0.808915
1.12633
0.936857
1.57574
0.979299
1.42418
0.883386
1.40474
0.757315
0.797637
1.32477
0.764914
0.936566
0.838695
0.837031
0.815814
0.705099
0.4415
0.89574
1.48799
0.474783
0.989402
0.827724
0.469486
0.806241
0.89353
1.11387
0.95361
1.58476
0.917167
1.17612
1.3175
1.28065
0.85025
1.38901
1.08356
2.02127
1.38002
0.659995
1.34911
1.13913
1.45477
0.786613
0.786478
1.48479
0.716488
0.791643
0.855183
1.16007
1.15291
1.38142
0.880127
0.896526
0.877282
1.15682
1.33142
1.29081
0.699095
0.901065
1.24133
1.29966
1.0853
1.0483
1.03233
1.2046
1.01112
0.637791
0.853794
0.748487
0.898905
0.723273
1.33129
1.0618
0.99108
0.926692
1.49769
0.807099
1.08834
1.4283
1.17382
0.276679
0.756749
0.827224
1.00842
1.04722
0.846711
1.27894
1.23434
1.63911
0.99244
1.28972
0.612031
0.831422
0.778893
0.843214
1.01665
0.692515
0.952574
0.758065
1.03974
0.992104
1.1073
0.833434
0.80854
0.95337
0.685769
1.59053
1.25854
0.624222
1.32959
0.532115
0.9827
1.08793
1.56505
0.626831
1.38791
0.792483
0.86275
1.32076
1.18465
1.06913
0.827388
1.05354
0.992001
1.62696
0.484373
1.08145
1.1263
1.23418
0.467625
0.456867
1.04243
1.58876
0.755735
1.22253
1.76902
1.06168
0.675354
0.590624
1.48971
1.40147
0.515396
1.24069
1.11946
0.889142
0.574988
0.966183
1.14274
0.650247
1.11924
1.0816
1.33145
0.682955
0.802714
0.465768
1.14606
1.36604
1.08053
0.910574
1.07893
0.980577
1.12227
0.657581
0.878953
0.984801
1.37124
0.795479
0.961852
0.864958
0.801478
0.57443
0.918029
0.623299
0.51062
0.600695
1.12089
1.14449
0.576987
0.615691
1.13899
0.59405
1.48675
0.697815
1.37065
1.10491
0.779231
0.703536
0.925352
1.22825
1.06113
1.34581
1.53431
1.35623
0.675637
1.03796
0.865712
1.04002
0.587834
0.877827
1.04478
0.931287
0.829073
1.68743
1.31283
0.924554
1.06173
0.806589
0.859123
0.777127
1.3918
2.02924
1.13802
0.802169
1.08721
0.715581
1.2002
1.39853
0.691749
1.28624
0.923593
1.41556
1.4037
1.23247
0.788919
1.14736
1.42811
0.703293
0.911348
1.66952
1.05733
0.528186
0.612213
0.717681
0.710294
1.06606
0.755309
1.12685
0.79937
0.841242
1.60852
1.08557
1.42024
1.29083
0.864006
0.707673
1.19459
0.934793
1.17236
1.56928
1.2558
0.81356
0.713216
1.32313
1.18875
1.27945
2.06282
1.26738
0.580279
0.904893
0.778493
0.660409
0.87897
0.798055
0.713583
1.57793
0.920793
0.827867
1.2006
1.00637
0.776095
0.635429
0.835408
1.28151
0.775826
1.158
0.99752
0.906147
1.23577
1.23861
0.60939
1.23014
0.841118
0.906564
1.70029
0.988103
0.888483
0.722728
0.552138
1.03335
1.22098
0.692428
0.526415
1.93948
0.841822
1.38173
1.1204
0.957848
1.05382
0.820697
0.956208
0.954581
0.985781
1.76881
0.805202
0.666216
1.21057
0.862488
0.799862
0.671973
0.755223
0.637642
0.850272
1.05256
0.687227
0.572287
1.07123
0.64962
0.604763
1.04602
0.867151
0.913743
1.01896
0.787518
0.771881
1.28351
1.31748
1.17419
0.733836
0.871412
0.858543
1.18665
1.12004
1.14929
1.16019
1.05125
0.752558
1.60425
1.04223
0.782672
1.01543
1.15553
0.990217
1.61997
1.70458
0.677034
0.587537
0.788655
0.857111
2.08422
1.08801
1.20215
1.12862
0.615809
0.902772
0.643782
0.772481
1.06099
0.610995
0.829241
0.571402
1.15692
1.08067
1.05185
0.725645
0.89266
0.762608
0.534139
0.91231
0.829491
0.796135
0.882631
0.76667
0.927571
0.803604
1.23882
1.53162
1.00581
0.712722
0.960528
2.20863
1.22702
0.688445
1.12954
0.842481
1.45331
1.10843
1.14766
1.52449
1.31746
0.749285
1.28457
1.23628
0.902418
1.54186
1.14166
0.658643
1.10035
1.01068
0.993597
1.22196
1.40331
1.05043
0.56686
0.584945
0.683972
0.934409
1.36863
1.14007
0.934997
0.939657
1.14814
0.750856
1.67486
0.661362
0.997787
1.37507
1.58003
0.939867
0.660442
1.16347
0.963403
0.476168
1.28905
0.790593
0.967562
1.3217
1.16255
0.979536
1.35905
0.95129
0.708131
0.928356
0.690768
0.696802
1.33067
1.229
0.690775
0.882614
1.01416
1.25499
1.01016
1.23738
1.35513
0.93752
0.950914
1.3049
1.71387
0.690029
1.60047
1.4582
0.997102
0.913748
1.18218
1.25595
0.988236
0.905876
1.09273
1.69607
0.815802
1.23147
0.563776
0.960065
1.21129
0.944705
0.757432
0.806237
1.7951
1.16596
1.3142
0.937241
0.476538
1.02368
1.87525
1.10846
1.29019
0.540452
1.08198
1.12772
0.863841
0.596083
0.813941
1.1549
0.570383
0.79717
1.59242
1.0558
1.67175
1.3588
1.32122
1.83202
0.687157
0.764793
0.886084
2.02233
2.32502
1.65423
0.733878
1.17358
1.01823
1.37016
0.914912
0.451203
1.17473
1.21074
1.08027
0.815839
1.3198
0.59534
1.51354
1.44791
0.93287
0.668577
0.968684
0.950878
1.16489
1.34943
0.904466
0.914726
0.679813
0.566608
1.37795
0.899886
1.28101
0.956337
0.753504
0.770316
1.07054
0.821299
1.02119
0.898113
1.74243
0.926063
1.42095
0.756317
1.30503
1.37658
1.06811
1.08307
0.722324
0.933081
1.13422
0.758931
1.18548
1.55583
1.40983
1.18355
1.16051
0.94683
0.826754
0.898195
0.991807
1.22243
1.20033
0.577999
0.64004
1.15795
0.668959
0.810825
0.833522
1.03311
1.31611
1.02648
1.06861
0.973832
0.519188
1.43391
0.61031
1.03472
1.17135
0.874357
1.20389
0.912305
1.08288
0.547025
0.914864
0.748289
1.08016
0.831105
1.35792
1.14156
1.37189
1.2088
1.38353
1.76014
1.02837
1.05793
1.04775
1.76252
0.640422
0.968277
1.05509
1.03695
1.06889
0.737323
0.691317
0.844257
0.72568
0.400929
1.03051
0.830391
0.843419
0.398643
1.12925
0.982738
0.823168
1.27467
0.723989
0.934196
0.636364
1.27734
0.949752
1.16139
0.996688
0.838554
1.1291
0.818778
1.28108
0.793511
1.06247
1.07769
1.15225
1.23001
1.12756
1.337
0.777345
0.679475
0.680303
2.00566
1.70064
0.882534
1.25384
1.01469
0.763811
1.28792
1.28336
1.22179
1.63862
1.15978
1.62105
0.896709
0.601955
0.894623
1.03163
0.943166
1.16222
0.86037
0.736645
0.84603
0.484361
0.959777
0.914223
0.620544
0.775617
1.36996
0.606933
1.26425
0.873134
0.976033
1.21568
1.17976
1.29371
1.18657
1.31248
1.03452
1.1792
1.27105
0.991663
1.11221
1.37991
1.71057
0.382014
2.07316
0.553388
1.1314
1.08034
1.41494
0.917859
1.44196
0.861896
0.571755
1.2283
1.17905
0.896899
1.26295
0.581379
1.60044
1.23942
0.770766
0.467314
0.864563
1.03078
0.869554
0.46519
1.30037
0.780435
0.73101
0.738943
1.03611
0.733741
0.60116
1.42027
0.674429
1.15306
1.33294
0.939352
0.760013
0.572376
1.03019
1.40577
0.480735
1.27229
1.0756
1.55484
1.27282
0.770976
1.25831
1.16494
0.753656
1.19339
1.43545
1.04016
1.71201
1.41356
1.00523
0.898804
1.39678
0.567508
0.808171
1.37766
0.997303
0.780455
0.902567
0.995504
1.36064
1.00152
0.77381
0.712634
0.493646
0.802312
0.427033
0.801015
0.992022
1.44597
1.13399
0.945343
0.860823
1.43487
0.502908
1.43181
0.668928
0.650043
1.29705
1.12701
0.45992
1.0133
0.722927
1.07283
0.603852
0.73568
1.13414
1.40006
1.17594
1.30524
0.713959
0.3541
1.25023
1.06316
0.523073
0.89004
0.825711
0.685793
0.467202
0.455955
1.41294
1.12361
1.12544
1.0126
0.934764
0.846072
0.661279
1.593
0.636292
0.592691
1.22937
0.771609
0.966781
0.676987
0.758635
1.00711
0.988582
1.89244
0.900921
1.53826
0.632346
1.22271
1.04352
1.04237
0.984857
0.929647
0.888567
1.20636
0.695685
1.40329
0.811239
1.21777
0.858796
0.529625
2.33207
0.702139
0.673275
1.49953
0.834643
0.724406
0.727993
1.07947
0.958396
1.35748
0.930156
0.952095
0.889251
1.57489
1.2824
0.933712
0.717459
0.974987
0.851797
0.576389
0.973877
0.720528
0.454941
1.1631
0.707701
1.1076
1.7864
1.25427
0.822623
0.881226
0.46902
0.709523
1.21761
0.989047
0.74631
1.08388
0.967503
0.895479
1.30373
1.16466
0.60725
0.981719
1.06713
1.07875
1.18992
1.32485
1.12972
1.01171
0.990579
0.817835
1.39456
0.834853
1.33813
1.53775
0.852334
0.837423
0.998813
1.00296
0.753372
1.7357
0.703429
0.82782
0.698954
1.01823
0.51356
0.814721
0.924826
0.905644
0.83533
0.427373
0.597531
1.7057
0.893282
0.561344
0.439781
0.427199
1.00896
0.404426
0.567702
0.742788
1.20317
0.99332
0.620661
1.327
0.614103
0.968765
0.427911
1.5255
0.876801
0.682079
1.04395
1.04767
0.651902
1.01373
0.801249
1.18836
1.25038
0.691745
1.2559
0.712241
0.736155
0.745876
1.08037
0.97631
1.13418
1.13828
0.941287
0.928414
1.14598
1.17968
0.79822
0.871126
0.870501
1.01436
1.02119
0.818225
0.808773
1.46806
1.13659
1.09168
1.16167
0.687742
1.33906
1.01546
0.914467
1.02673
1.10182
0.977262
0.55053
1.14039
0.739562
0.62856
1.0444
0.885248
1.3231
1.65595
0.948746
1.06145
1.37035
1.01816
1.03475
1.37725
1.29639
1.23789
0.851124
0.661742
1.14417
1.30938
1.19624
1.58028
0.954299
0.871984
0.808857
1.11515
1.37122
1.2353
1.20001
0.481542
1.63024
0.983661
0.701889
0.72887
0.973887
0.88828
1.13146
0.671236
1.01899
1.26506
0.754962
0.803954
1.60737
0.944213
1.17333
1.21209
0.829967
1.57088
1.42877
1.27309
0.619792
0.767174
1.25578
1.04463
1.55021
1.073
0.784245
1.19451
1.16474
1.24388
1.6286
0.734704
0.732296
1.11856
1.75201
1.10151
1.16363
0.975555
0.661784
0.620197
1.3241
1.12498
0.906481
1.34097
0.532261
0.575913
1.01178
0.886094
0.839417
0.92259
0.912319
1.20357
0.775126
1.51034
1.2073
1.15197
0.750227
1.29405
1.10302
1.09641
0.419703
0.917884
0.855128
0.871947
0.969846
0.959458
1.55475
1.39717
1.10756
1.80094
1.38308
0.84124
1.13737
1.14732
1.16513
1.32862
1.0481
1.01609
1.26263
0.839687
0.664538
0.871331
1.3337
1.63979
0.709781
0.898606
1.09916
0.834792
0.498811
0.590663
1.0018
0.842747
1.49752
1.06777
1.25409
0.605082
0.55151
1.26571
0.753954
0.954596
1.33512
0.5807
0.603507
0.920944
0.999384
1.03432
1.04584
0.851998
1.11503
0.674246
1.02411
1.02159
1.00446
0.699518
0.941026
0.663431
1.04059
1.04663
1.69819
0.623651
0.700466
1.46549
1.015
1.58637
0.864842
0.911336
0.942461
0.914769
0.788447
0.971523
1.21876
1.16624
1.23274
0.669457
1.6264
0.435205
1.21853
1.96311
1.09767
0.878336
1.28082
1.11703
0.791385
0.610981
0.633603
0.959346
1.0302
0.842335
0.527274
0.793474
0.578661
1.32836
0.896283
0.574801
0.765354
1.28471
0.966424
1.21633
1.11822
0.904724
1.03736
0.880932
0.922468
1.00461
1.57949
0.813138
0.669385
0.703519
0.482572
0.970768
1.67926
0.902171
1.47188
0.733997
0.596791
1.28877
0.735717
1.66064
0.703127
0.733794
0.898343
1.37844
1.33526
0.802312
0.860054
1.03566
1.92545
0.558397
0.680595
1.11825
1.10768
0.961512
0.466107
0.679248
0.699547
0.878446
0.809815
0.621896
1.42233
1.20728
0.62512
0.92509
0.905789
0.750413
1.81903
1.40913
1.11827
1.11259
1.37981
0.914311
1.22179
1.18045
0.625421
0.937245
0.7813
1.41516
0.622488
0.599027
1.10038
0.852929
0.666447
1.18005
0.80056
1.05592
0.641554
1.17047
0.779307
1.98388
0.994926
0.952093
1.31726
1.19608
0.956772
1.29975
0.379152
1.32082
1.14518
1.00621
1.19637
1.11155
0.896513
0.955289
0.930981
0.811811
1.20819
1.55247
1.51941
0.590498
0.575073
1.32126
0.749328
1.21248
0.634704
0.969211
0.822178
0.738747
0.683707
0.974507
0.422675
0.694306
1.20421
1.28595
1.01624
1.09886
1.11262
1.08264
0.793077
0.994708
0.872811
0.668866
0.648334
1.75272
1.03722
0.667134
0.638822
1.23199
1.04171
0.943964
1.31155
0.834564
1.46471
1.01485
0.546999
1.52143
1.38525
1.59274
0.692612
1.06117
1.31266
0.791534
0.807453
1.22967
0.85574
0.635709
1.5305
1.14245
1.21105
1.02545
0.805476
0.836276
0.889923
1.06113
0.704536
1.59436
1.31626
0.704433
1.24043
0.726701
0.92537
0.747366
0.71283
0.771833
1.18854
0.861584
1.2791
1.6127
1.18368
0.662315
1.35465
1.18618
0.97159
0.792607
0.675841
1.05325
0.868738
0.97042
0.817124
1.02588
0.627463
1.23422
1.70776
1.15127
1.1892
0.80924
0.821435
1.01804
1.31337
1.29055
2.0763
0.861975
1.15664
1.33604
0.465418
1.69806
0.683917
0.621581
0.479681
1.1007
1.03062
0.774487
0.801481
0.634751
0.493852
0.916941
0.780373
0.670641
1.01395
1.14679
0.55709
1.38514
0.926439
0.917868
1.31137
0.519418
0.731193
1.07051
1.36463
0.717674
0.902356
1.07137
0.763626
0.789683
1.57455
0.989124
0.81689
0.858698
0.674299
0.97966
0.822882
1.02752
0.947201
0.414676
0.956966
0.627393
0.8227
0.624592
0.812576
0.809683
0.931457
0.521746
1.36297
0.593661
0.600625
1.05568
0.874573
0.93038
0.680069
0.784041
1.00871
1.23296
1.10371
0.694623
0.950665
0.667333
1.08057
0.652398
1.63118
1.80771
1.23589
0.465793
0.928123
0.897741
0.842191
1.22642
0.912688
1.1252
1.27204
0.991574
0.912051
1.19595
0.527269
1.03655
0.652413
0.990815
1.00959
1.24862
1.19243
0.718597
1.16665
0.837171
1.51044
0.653213
1.04214
0.975775
0.470437
0.806176
1.29783
0.90963
0.971422
1.03407
1.21116
0.646018
1.72387
1.52118
0.831241
1.6656
1.86607
1.58585
0.805625
0.587648
0.870202
1.33003
1.08308
1.05596
0.89757
1.02345
0.792296
1.24303
1.19483
1.32273
1.05428
1.01817
2.33245
0.998806
1.33061
1.06973
0.925669
0.651863
0.963867
1.20242
0.568596
0.850157
0.656059
0.923767
0.784254
0.851124
1.14406
0.659629
1.71177
1.78951
0.524036
0.730688
0.922924
1.01342
0.914843
0.925169
0.553402
0.970912
2.02951
0.66569
0.933208
1.15408
1.52814
1.60042
0.697869
1.33157
1.67491
1.19863
0.797802
0.901542
1.06806
1.12201
1.41611
0.934345
1.24345
0.678417
0.845062
1.58472
0.667095
0.88629
1.39312
0.483116
0.759712
1.37922
0.837531
0.540614
1.16645
0.708385
0.823278
1.22735
1.24289
1.0456
0.932886
0.899107
1.09282
0.565608
0.932654
0.766838
1.15644
0.92895
1.04727
1.30915
0.986624
1.00193
1.0478
0.800067
1.10059
0.876998
1.07026
0.544434
0.972641
1.15512
0.826038
1.15999
0.865363
0.606849
1.11525
0.935096
0.63828
0.972146
0.539722
0.522183
0.880667
1.3229
0.915055
1.14747
1.04472
0.696333
1.28207
1.1541
0.875342
0.767117
1.53825
0.972523
1.47124
1.50734
0.611382
0.731549
1.0094
0.499111
1.03399
0.862143
0.90428
0.61155
1.44027
0.973831
1.16623
1.02187
1.18993
0.351592
0.912494
0.824581
0.902397
1.20276
1.27755
1.39811
0.568657
1.15306
0.979528
0.49075
0.868505
0.88944
1.0257
1.27659
0.67713
1.86848
1.15982
0.703734
0.928865
0.58117
1.06075
1.01629
1.81214
1.42059
0.946038
1.2685
0.996034
1.18165
1.15569
0.849663
1.06121
0.846975
0.963239
0.841135
1.01782
0.955691
0.972265
1.20074
1.18767
0.800321
1.19327
0.923979
1.06677
0.844813
1.13003
1.06671
0.982372
0.785738
0.878598
0.841985
0.558593
0.907284
1.13975
1.10979
1.18651
0.960116
1.32928
1.56981
0.998083
1.11269
1.26617
0.780593
0.968276
0.894443
0.863955
1.05836
1.08394
0.919437
1.33083
0.934104
1.1896
0.754903
1.88274
1.30017
0.81859
1.15348
1.02746
1.40172
0.869859
1.42403
1.54122
0.530108
0.826723
0.751387
1.63345
0.791618
1.18708
1.52768
1.30523
0.366886
1.13663
0.910885
0.745487
0.916388
1.44437
0.588254
0.923523
2.10887
0.746375
1.09459
0.693612
0.64749
0.961747
1.32659
1.00177
1.19408
1.15714
1.78726
0.539541
1.3472
0.91618
0.529259
1.27087
0.727447
0.82542
0.856221
0.832567
0.877865
0.865151
1.02815
1.96585
0.991786
1.04569
1.47371
1.10967
1.35911
1.08117
0.576658
1.79282
0.602313
0.913864
0.973093
0.861047
1.54434
0.929441
0.828143
0.720021
1.05231
1.12697
0.789894
0.604027
0.872071
1.01297
0.88058
1.01974
1.07977
1.06717
0.536741
0.616058
0.931571
0.829769
1.27886
1.09668
1.08244
1.33069
1.05282
1.28674
0.710602
0.446162
0.500559
0.96217
2.10108
0.816602
0.449546
1.09187
1.47487
1.23891
0.79476
1.07137
1.23493
0.659604
0.702425
1.2996
0.514679
0.880378
0.639986
0.965121
1.22873
1.20159
0.76515
1.17239
0.617438
1.03714
1.22052
0.957168
1.2053
0.7438
0.738991
1.28781
1.36265
0.916464
1.40967
1.08701
0.80307
0.957779
0.895757
0.698607
0.9956
0.863249
0.341371
0.955739
1.28796
0.679762
1.0549
0.763929
1.34945
1.80408
0.727459
1.36017
1.27383
0.871327
0.736323
1.66272
1.38211
0.76814
1.01953
1.04429
1.04687
0.67601
0.67287
1.11717
1.37291
1.21626
1.04126
0.983796
0.595072
0.98666
1.33607
1.03953
1.56935
0.784122
1.0613
0.710776
0.974428
1.35803
1.62611
1.62012
1.13711
0.644677
1.20346
1.23563
0.951247
1.38397
0.61318
1.10575
0.709304
2.08928
1.3575
0.515866
1.24197
1.05534
0.709666
1.49665
1.13781
0.629137
1.46375
1.29712
0.571069
1.05275
0.888833
1.06825
0.635314
0.533511
1.20162
0.797904
0.88541
0.708419
1.05038
1.23382
0.943912
1.0366
0.76368
1.3154
0.948981
1.08295
1.05128
1.20593
0.769292
0.873561
1.02634
0.970941
0.92066
1.26914
1.31685
0.981986
0.766743
0.873919
0.963529
1.73125
0.935167
1.50555
1.52135
0.601258
0.59848
0.992331
1.11115
0.691897
1.60679
0.997025
0.7798
1.38304
1.23593
0.723135
1.46685
0.856392
0.815858
0.700304
1.26821
0.901041
0.880406
0.574838
0.793452
0.75512
1.27195
1.25701
0.716335
1.01872
0.728067
0.871422
0.930789
0.9091
1.16774
1.0815
1.21726
0.630135
1.04121
1.38536
0.990412
1.01218
0.785758
1.09707
0.728346
0.633425
1.72882
1.33876
0.817944
1.10444
1.22845
1.07903
1.32811
0.661957
1.25446
0.473799
1.19295
1.12222
1.01369
0.628526
0.774422
0.623901
1.25979
1.05967
0.610537
1.33138
1.08362
0.707632
1.02605
0.48713
0.585384
0.502717
0.919232
1.57236
0.760913
0.956748
0.993061
0.859875
1.25115
1.4363
0.51159
1.2279
0.855218
0.736695
0.571335
1.07437
1.01354
0.535424
0.414704
1.09218
0.593839
0.582757
1.16102
0.858682
1.52188
0.799213
0.769652
1.0059
1.27675
0.91736
0.648374
1.30989
0.929078
0.888697
0.80902
0.787711
1.07762
0.935175
0.720539
0.738938
0.656707
0.942896
1.26548
0.648327
0.758122
0.744818
0.979235
0.952738
0.696821
0.840084
1.58463
0.564214
1.18356
0.957412
0.709503
0.673527
1.26776
0.884438
1.13922
1.05493
0.904655
0.834621
1.18288
1.36486
0.455046
0.893784
1.42564
1.07702
0.606522
1.07552
0.827226
0.975079
0.828174
0.804066
1.03308
1.26678
0.829855
0.588292
0.77722
0.875287
0.664851
0.731288
0.638335
0.602638
0.696838
0.923581
1.05702
0.842851
1.3437
1.0242
0.888619
0.753704
0.972528
1.02721
0.927315
1.49859
0.994608
0.74962
0.795011
0.834794
1.24517
1.34686
1.41248
0.926661
0.918121
0.376842
1.43808
1.24999
1.17414
1.22633
1.11592
0.867853
0.755276
1.44911
0.898248
0.955976
0.669227
0.787128
1.14793
0.761804
0.525297
0.905081
0.804011
0.750391
0.852822
1.00335
0.942556
0.599704
1.13737
1.18797
0.861679
0.774296
0.612564
0.934605
0.592775
1.06893
0.764195
1.07143
1.09918
1.17916
0.796374
0.622984
0.876111
0.915986
1.17982
0.903745
1.21511
0.748263
1.06902
1.0416
1.18959
1.44655
0.433481
1.03609
1.03969
0.710363
1.03108
1.25019
1.23287
1.26413
0.795948
1.01791
1.28625
0.827333
1.45502
1.32637
1.00769
0.632063
0.840551
1.13244
1.01836
0.684654
1.19973
0.728973
1.08641
1.26529
1.35233
0.491292
1.08113
1.25063
0.374029
1.04138
1.09806
0.864311
0.898329
0.843136
1.30454
0.896665
0.704803
1.53261
1.57072
0.804719
1.36294
0.611676
1.47939
0.806332
1.52273
0.436853
1.15412
0.864182
0.792302
1.21088
0.923683
1.0691
1.26658
1.24746
1.23892
0.851776
0.922501
1.05417
0.835259
0.960013
1.59865
1.87491
1.73003
1.42245
1.15571
1.45049
0.834176
1.22015
1.34256
0.983189
0.757485
1.14276
0.537779
0.668311
1.39234
1.04651
1.50655
0.246796
0.465876
1.48332
1.15514
1.17664
0.917504
1.95747
1.45263
0.943853
0.933128
0.680163
0.796531
0.639492
1.08827
0.780095
0.726025
1.35406
0.849514
0.70334
0.608611
0.72629
0.893423
1.23945
1.00932
0.481343
0.50151
1.07371
1.06671
0.792904
1.17958
1.23919
0.585431
0.674904
1.37627
0.506433
1.64652
1.43249
1.51434
1.00139
1.27294
0.851819
0.77337
0.449373
1.38378
0.886761
1.05406
1.3073
0.485588
0.638333
1.49862
1.57151
0.837579
1.59609
1.06252
1.1208
1.08709
1.17913
0.612091
1.73246
0.631367
1.02422
1.2839
1.34845
0.891993
1.16061
1.04143
1.01041
1.14529
1.22569
0.619743
1.13307
0.960414
1.66775
1.24394
0.713668
0.779748
1.18124
0.544977
0.979043
2.16797
1.18228
0.763129
1.17006
1.08789
0.972368
1.63697
1.26285
1.73528
1.40417
0.92634
1.19925
0.752093
0.807955
0.600547
0.81601
1.26312
0.885578
0.811476
0.86335
1.74238
0.961834
1.53818
0.653036
1.12242
1.2981
1.08563
1.12805
0.65045
0.932366
1.26449
1.34911
0.760103
1.16191
1.2418
0.983495
1.01743
0.718999
1.61104
1.29188
0.676715
1.25096
1.15824
0.70786
0.706347
1.40962
1.08775
0.747091
1.31506
1.47088
1.26208
0.469207
1.07953
0.821542
0.848693
1.1049
0.598875
0.697967
0.814031
1.05739
0.38841
1.05713
0.747731
0.73319
1.23812
1.34009
0.496558
0.450726
1.00445
0.7077
1.04021
1.02793
1.18553
0.920233
0.866219
0.506395
1.06291
1.46791
0.642847
0.902725
0.561104
1.02034
1.14133
1.2872
1.00532
1.01491
0.97041
0.975065
0.893705
1.1219
0.566437
1.48298
1.15988
1.03439
0.614139
1.07683
0.599714
1.03374
1.38678
1.23498
0.982778
1.54313
0.501502
0.850512
0.887994
0.502005
1.2041
0.831704
0.630599
0.428435
0.745521
1.00493
0.795753
1.23392
1.01589
1.00204
1.60188
0.889452
0.927119
1.06854
0.920654
0.822462
0.696149
0.977927
0.681142
0.948862
1.30947
0.778597
1.08005
1.38683
1.23596
0.720351
0.881453
0.758872
0.961508
1.00643
0.877737
0.672269
0.910451
1.38115
1.1461
1.31557
1.7128
1.6785
1.40695
0.840858
1.56503
1.0451
1.33411
1.42686
0.977604
0.954522
1.50162
0.698807
1.45353
0.538532
1.20972
2.01905
0.938012
0.603818
0.938722
0.34967
0.58964
1.1611
0.66777
1.13019
0.932917
0.680912
1.19972
0.525308
1.02438
1.12592
1.50045
0.9068
0.934028
0.689342
0.64098
0.659016
1.61009
0.830603
0.851882
1.47494
0.832588
1.53628
1.07548
0.88681
1.48025
1.16002
1.35982
0.867386
0.564028
0.717306
0.818031
1.14519
1.13245
0.831774
0.746002
1.44349
0.908708
0.515983
1.11998
1.34647
0.853655
0.972416
0.732994
0.797151
0.497977
0.740893
1.26828
0.912637
0.990265
1.24744
1.59791
1.11026
0.731276
0.725829
0.794705
1.78391
1.18976
1.00768
1.49177
0.868474
0.755787
0.971499
0.867469
0.733474
0.856581
1.12199
0.945821
0.574634
1.49791
0.698426
1.06364
0.687581
0.502438
0.831158
0.648684
0.739348
1.88686
0.677289
1.27022
0.805419
1.3689
1.34772
1.20855
1.12353
1.22434
1.31804
2.27408
1.12732
1.26992
0.524515
0.954716
0.829207
1.26334
1.17716
0.741941
1.58457
1.17734
0.608166
0.831164
0.70882
0.399309
1.01117
0.886401
1.15383
0.857053
0.648843
0.723862
0.563978
1.31852
0.456047
0.591196
1.11328
0.782479
0.726051
1.10861
1.05791
1.15413
1.89067
1.17747
1.1941
1.03463
0.802996
0.815076
0.482498
0.539507
0.99984
0.886535
1.17724
1.22625
0.87356
0.773529
0.885399
0.966975
1.03411
0.885082
0.906636
1.34627
0.91618
1.20879
0.96707
0.808002
1.1567
1.25773
0.880256
1.22422
0.91947
0.755596
0.679504
0.962058
0.522793
1.10278
1.20373
1.34796
0.505968
1.31654
1.60199
1.07524
0.651216
1.69055
0.708652
0.8311
1.03352
0.892917
1.3938
1.05939
1.26072
0.86138
0.912148
1.18328
1.27142
0.839741
1.36929
0.868428
1.42427
1.03514
0.871287
1.48457
1.19282
0.718152
1.35948
1.7674
0.828056
0.752589
0.849479
1.04427
0.629747
0.628217
1.43296
1.22224
1.03834
0.939806
1.13421
1.13168
0.801748
0.886182
1.67978
1.19115
0.546428
0.897409
1.06896
1.20545
0.550627
0.710563
1.81977
0.328392
1.47345
0.837182
0.616166
0.967085
0.749261
1.00226
1.02029
0.842861
1.29647
1.13198
1.13705
1.11259
1.04505
1.01746
0.462643
0.775323
1.12342
0.79113
0.676156
0.656108
0.677553
0.564748
0.943548
1.36607
0.778265
1.04886
1.04132
0.412563
1.60089
0.970682
0.651965
0.548251
0.643972
1.37197
1.04165
1.51956
1.07513
0.412978
1.01645
0.563452
1.55673
1.44494
0.993452
0.924178
0.824615
0.644899
0.7326
0.506358
1.32228
0.630122
0.634518
0.780263
0.771748
1.23078
0.763877
0.783764
0.548309
0.441854
0.67628
0.738521
1.00227
0.95426
1.10808
1.75673
1.33521
0.870158
0.892283
1.05108
0.518308
0.417636
1.09259
1.28014
1.03476
0.670862
0.724106
0.457774
1.82524
1.22093
1.00402
0.971794
1.04253
0.623533
1.22205
1.62216
1.0058
0.572803
1.27876
1.29039
0.575607
0.714594
1.23979
1.01612
1.28468
0.580594
0.940022
0.872973
0.702068
1.76238
0.801384
0.967601
0.859297
0.782191
0.620823
0.87142
0.999994
0.710041
0.93798
1.71338
0.714081
1.48723
1.31011
1.23307
1.23987
0.792172
1.17885
1.10612
1.38135
0.851468
1.14875
2.31679
0.947702
1.16859
1.10671
0.769895
1.02219
0.636125
1.55462
0.565451
1.43564
1.13908
1.09984
1.01877
1.14295
1.37688
0.764887
1.58165
0.471823
0.702645
0.890653
1.15099
1.11226
0.647118
0.710664
1.04977
1.17569
1.01493
1.2734
0.912186
0.595519
1.02646
1.16473
0.795789
0.515447
1.23314
0.819917
0.358814
1.2824
0.99659
1.57355
0.739358
0.684834
1.48982
0.821417
0.915376
1.70519
1.20962
0.947493
0.975053
0.850349
1.01602
1.17541
0.851041
0.539649
0.995526
0.543145
1.20894
1.07745
0.863995
1.14667
1.51116
0.733213
0.935219
0.709371
0.878862
1.13041
0.841442
1.42859
0.920098
1.05624
0.688351
1.16798
0.932835
1.02713
0.538441
0.849718
0.809995
1.57603
0.813203
1.1787
0.61307
0.506047
1.21729
0.596068
0.580397
1.31723
0.849216
0.962753
0.781846
1.16155
0.982113
1.31492
1.05405
1.32701
1.25388
1.04739
0.649872
0.519023
0.883944
0.684308
1.46872
0.696867
1.04981
0.995749
1.08437
0.738316
1.78112
0.924084
0.935868
0.924655
0.915377
1.02236
1.05032
0.763918
1.13906
1.28159
1.6181
0.868608
0.773917
1.60499
1.65453
0.898254
1.1997
0.971746
0.620235
0.915241
1.21389
0.714841
1.15342
0.49276
1.02138
1.3508
1.20476
1.81302
0.899284
1.10208
0.753562
1.22129
0.737693
2.08426
0.981856
1.02571
0.969829
0.970874
1.03473
0.882343
1.35591
0.616961
1.2338
0.737302
0.877903
0.830652
1.22311
0.700034
1.18842
1.62763
1.12123
1.18068
1.00798
0.560916
1.21886
0.513103
1.01322
1.37401
0.850897
1.10605
0.933583
0.827899
0.601387
0.751407
1.4178
0.876678
1.17655
0.867199
0.667394
0.803667
1.07072
0.841746
0.492624
0.860418
1.14906
1.35461
1.30686
1.20833
1.40541
0.925658
0.770778
0.859351
1.15119
0.685237
0.733474
0.785175
1.14939
1.09579
0.991554
1.32931
0.492867
1.04583
0.8384
0.810294
1.30268
1.31822
0.519731
0.860328
1.11855
1.05839
1.22542
0.635635
0.820422
0.986745
1.34291
0.766944
0.877702
1.88941
0.471469
1.06187
0.670967
0.690972
1.38822
0.668188
1.45098
1.02965
0.921257
1.19734
0.761083
1.34631
0.515945
0.69578
0.770482
1.25564
0.63372
0.602056
0.892961
0.994603
0.731547
0.592839
1.17334
0.979902
1.54413
0.836288
1.18892
1.18317
0.961391
1.11188
0.996233
0.946307
1.03347
0.711047
0.777609
0.950648
1.21817
1.70838
0.85197
0.654947
0.932267
1.14399
0.810986
0.51457
0.454939
0.905209
1.10944
1.04163
1.0144
0.965619
0.704747
2.06492
1.32248
1.22685
1.05555
0.812439
1.52742
1.00351
0.745901
1.13684
1.70097
1.06653
0.46279
0.931782
1.19843
0.934015
1.60695
0.597776
0.794479
1.57666
0.802446
1.26312
0.911205
1.43528
0.739155
0.488705
0.735102
1.59418
0.493739
0.686246
0.580199
0.796924
0.800731
0.965747
0.835134
1.11149
0.950476
0.460589
0.778834
0.800362
0.966384
0.692833
0.552888
1.21429
0.838364
0.843934
1.12696
0.897139
1.08416
1.54745
0.903842
1.03559
0.779967
0.913161
0.926533
1.15734
1.15494
1.13777
0.926596
1.0335
1.07691
1.06732
1.3153
1.12826
1.00354
0.746901
0.856675
0.923817
0.782766
1.34355
1.39221
1.15193
0.918596
1.26823
0.939382
1.26251
0.475952
1.24921
0.633858
0.857977
0.810653
0.840464
1.39539
0.782876
1.5752
1.21068
1.29322
0.782261
1.13363
1.23627
0.594568
0.999507
0.662369
1.1731
0.801173
0.802545
0.52966
0.838291
1.52822
1.14134
0.993598
1.05105
0.863072
1.36762
1.02628
1.17968
0.738307
1.73184
1.38301
0.470561
0.652655
0.683979
0.701518
1.26348
1.08424
1.62045
1.07992
1.09593
0.875657
1.21337
0.972828
0.98377
0.801794
0.856855
0.759937
0.667749
1.31416
0.849333
1.32358
1.04541
0.694528
0.638583
1.35183
0.893045
0.575458
0.900507
0.669925
0.482439
0.836983
0.742415
1.64156
1.42923
0.583951
1.05404
0.760098
0.916145
1.07407
1.50966
0.791453
1.783
1.07863
0.771286
0.552231
0.595809
0.638767
1.26506
0.972024
1.19242
0.925954
0.756259
1.98881
1.18503
0.845895
1.36122
1.08922
0.536594
1.06312
0.917043
1.21546
1.25841
1.474
1.04244
0.816602
0.983219
0.848735
0.956357
0.987518
1.21596
1.00069
0.954562
1.06334
0.722326
1.05807
1.56959
0.830639
1.24366
0.887346
0.817985
0.908422
0.601672
0.973507
0.79691
1.45037
1.13766
1.02531
1.47576
0.859944
0.589745
0.822536
1.07487
0.864165
0.933407
0.521689
1.37698
0.686451
0.728363
0.896904
0.927014
1.05493
0.766644
1.24913
1.46425
0.857834
0.723331
1.50925
0.905957
0.681237
0.611383
1.14629
0.705216
0.765098
0.646457
0.477633
0.614002
1.14164
0.568721
1.18055
1.53612
0.702915
1.16439
1.18262
0.612875
1.7609
0.983141
1.05193
1.22285
1.30147
0.881549
0.73367
0.718653
1.47582
0.660345
1.26024
0.957058
0.771823
1.72307
1.41849
0.995829
0.975982
0.877072
1.04346
1.01449
0.647661
0.752218
0.63545
1.32517
1.33141
1.55034
1.17456
0.876095
1.25997
0.958595
0.707294
0.948145
1.29826
0.703279
1.30671
0.718192
1.30964
0.612096
0.832424
1.08477
0.48601
1.03945
2.14401
0.841369
1.85215
1.57929
1.60322
0.78618
0.982164
1.46525
0.55772
0.941693
0.709878
0.847275
1.53799
0.833033
1.6044
0.793473
1.10246
0.728805
0.88643
1.19399
0.59391
0.610151
0.257811
1.43797
0.965163
0.961639
1.05518
0.854217
1.29972
0.50016
1.21928
1.08619
0.99384
0.976936
1.05004
0.835264
0.760466
0.474406
0.543167
1.843
1.26035
0.536177
1.34918
0.739669
1.09524
1.18432
0.972938
0.598043
0.683917
1.17478
0.935403
0.748372
1.24141
1.00445
0.36205
1.08767
0.931554
0.951346
1.09361
1.48478
1.11534
0.802243
1.11382
0.929965
0.821512
1.37969
1.03792
0.530173
1.28862
0.799271
0.494366
0.619408
1.34927
0.937218
1.01886
1.09166
1.20215
0.909221
0.904907
1.16106
0.871487
0.915528
0.965543
0.889014
0.366928
1.21199
0.806289
0.984958
1.35393
1.11543
1.19636
1.19071
0.806984
1.50275
0.743628
0.704174
0.915458
1.48056
0.948376
1.28882
0.836829
0.539942
1.04998
0.951756
0.854662
1.42152
1.10416
0.635363
0.96817
0.780692
1.36983
1.06459
0.984646
1.45284
1.02497
0.871069
0.664791
0.684944
0.655907
1.0159
0.982645
1.07068
1.00536
1.12894
0.906537
1.16843
0.835614
0.788979
1.18918
1.26091
0.838877
1.04871
0.706625
0.693037
0.822067
0.826793
1.50317
1.13335
1.12197
0.798158
1.1404
0.764081
0.310741
0.81818
1.93664
1.01008
1.31114
1.23783
0.636939
0.982041
0.790703
1.49471
0.848496
0.903429
0.553723
0.836014
0.998785
1.06274
1.37427
0.576667
1.43473
1.41243
1.49016
0.698095
0.95988
1.06429
0.683575
0.82309
1.13262
1.5081
1.67981
1.00013
1.27543
0.912496
1.18275
0.918979
0.7675
1.28134
1.03754
0.858288
0.891245
0.709113
1.48442
1.5315
1.04007
1.23372
0.685554
0.906282
1.12115
0.741068
1.17924
1.52021
0.557273
0.769571
0.384989
0.85342
1.04011
0.550887
1.57864
0.443321
0.68211
0.926497
1.11698
1.15399
0.627572
1.21707
0.969615
1.41292
0.873529
0.755389
0.631363
1.19162
1.25729
0.746574
0.83405
1.21471
1.46493
1.05499
1.01497
1.44955
1.54518
0.834124
0.770457
0.82835
0.949685
1.49506
0.811466
1.07239
0.651224
0.628845
1.36015
0.95861
0.933446
0.792155
0.694907
1.3039
0.59163
1.39804
0.929556
0.59094
0.793438
0.474669
1.11125
0.87228
1.27577
1.19257
0.677834
0.522182
0.645317
1.24778
1.12824
1.36322
0.849417
0.852299
0.656307
1.12786
1.22773
1.12737
0.959752
1.02987
1.00544
2.26896
1.1827
0.642233
0.918147
0.541653
0.584373
1.12253
0.57987
0.963636
1.30236
0.910773
0.87671
0.844449
1.19758
1.69018
1.27499
0.648714
0.374036
1.31084
1.23967
1.10023
0.593535
1.05901
1.062
1.3874
1.20243
1.13715
0.651912
1.05463
1.27265
1.18758
2.01798
0.579175
0.800845
0.792504
1.14657
1.03673
1.06789
1.08592
0.719708
0.85328
0.594898
0.953158
1.85181
1.07281
0.705433
1.37549
0.945891
1.51316
0.721313
0.988891
0.781559
1.5767
0.870026
0.465401
0.96364
0.98008
0.782672
0.989048
0.854764
0.927149
1.16053
0.714731
1.3391
0.998036
2.32882
0.649806
1.20166
0.932727
0.841599
0.883441
0.60686
0.459365
0.672648
1.05653
0.956156
0.589535
0.74818
1.17376
1.59445
1.13172
0.757744
0.922133
1.30389
1.22475
1.13956
0.569702
1.67361
0.946111
0.622788
0.660821
0.831242
0.626464
0.60533
1.39388
1.28444
0.600527
0.777055
1.68786
1.7485
1.08743
1.26393
0.829885
0.759838
0.810597
0.621276
0.989899
0.764311
1.74727
1.06259
0.761248
0.463825
0.599542
0.747755
0.924408
0.891268
0.652729
1.1122
1.4107
0.62733
1.4893
1.39979
1.23191
2.00459
1.1288
1.04688
1.11054
1.49546
1.01662
0.954007
0.535853
0.692901
0.746603
0.638845
1.20965
0.671062
0.967601
0.701023
0.473929
1.19131
1.38252
1.0141
1.40934
0.652655
1.10537
0.911915
0.817721
0.54145
0.670789
0.88976
0.311854
0.963708
1.016
1.43147
1.93493
1.29742
1.13192
0.591429
0.648821
1.87388
1.1578
1.507
1.58667
1.44915
1.13515
0.83901
1.32986
0.895521
0.580552
1.4546
2.10491
1.07878
0.66497
1.64177
0.923284
1.39659
1.52371
0.845748
0.854073
1.28077
0.609821
0.814889
0.898951
0.868741
0.615955
0.696413
0.911981
0.746538
0.866148
1.33373
0.74398
0.849805
1.37745
1.1969
1.08516
0.672433
0.824601
1.02395
1.6009
0.843413
1.76189
0.740842
0.542172
0.776158
1.23336
1.1037
0.419317
0.808637
1.07845
1.56493
0.736238
0.839119
1.27902
0.608111
1.17893
1.77372
0.78475
1.05603
2.08934
0.775775
1.20626
1.02677
1.23684
1.08793
1.18092
0.937013
0.693946
0.774742
1.88946
0.867746
1.09413
0.720233
1.47089
1.21462
1.66024
1.11491
1.07199
0.800862
0.757818
1.2187
1.4064
1.06583
1.22594
0.710004
0.751089
0.56268
0.802368
0.842963
1.34627
1.2437
1.1829
0.846563
0.719633
1.08419
1.64414
1.42738
1.29319
0.728369
1.41846
0.716195
1.11199
0.554828
1.2972
1.25788
0.976404
0.959794
0.984882
0.970119
0.724592
1.14294
0.67539
1.10671
0.887835
1.32957
1.07965
1.03147
0.717581
0.599192
1.44571
1.48379
1.91546
1.0243
0.646757
1.37485
0.972487
0.983219
0.978808
0.893528
0.831054
0.467466
1.14474
0.765539
0.674164
1.16205
1.22023
0.917288
0.771891
0.953761
0.873453
0.659863
1.10125
1.01626
0.824611
0.837542
0.682656
1.18104
0.838506
1.25104
0.436662
1.07119
0.775458
1.03395
0.990161
1.3386
1.43149
0.915275
0.787413
0.835493
1.1251
0.703664
1.18005
1.34564
1.02882
0.870447
1.11313
1.17005
0.89979
0.861209
1.32734
0.955086
0.873796
0.999092
0.75952
1.1971
1.04777
0.742407
0.997676
1.12527
1.19457
0.685347
0.678101
1.1338
0.355202
0.852623
0.847988
0.635752
0.697099
0.443447
0.581027
1.17146
0.983933
0.859272
1.35897
0.878252
1.31023
0.92012
1.62576
0.87187
1.24878
1.26225
0.809835
0.988313
0.912715
0.986661
1.2482
1.34105
0.802192
0.875735
0.477583
1.44832
0.7464
0.48446
1.55927
0.745311
1.20495
1.01807
0.804286
0.658178
0.772656
0.895839
0.688796
0.705945
1.46507
0.519493
0.811548
1.12846
0.898829
0.499557
0.854092
1.11838
0.663004
1.24713
1.79299
1.28585
1.02694
0.73043
0.786032
0.481892
1.36271
0.978034
1.07993
1.28008
0.945704
1.01726
1.24456
1.04278
1.4571
1.1562
0.537096
0.414818
1.30502
0.573425
1.3051
0.265775
0.655202
0.860832
1.22533
0.902509
0.924561
0.732839
0.675096
0.949022
1.22061
1.23275
1.41073
0.975054
0.881892
1.0184
0.689169
0.830157
0.654755
1.22954
0.940717
1.58093
0.474061
0.925169
1.39265
1.01771
0.993418
1.01823
0.655388
0.793215
1.36628
1.03078
0.994371
1.39893
0.805437
1.09044
0.62534
0.984892
0.667611
0.844828
0.346196
0.911211
0.944038
1.09091
1.00346
1.54506
0.82861
1.12317
1.37776
0.567528
0.447835
1.35755
0.960436
0.701453
0.431192
1.08948
0.53948
0.660272
0.894062
1.05988
1.22937
0.914945
1.16922
0.606763
1.46993
0.712182
0.60841
0.91411
0.871823
1.04271
0.690507
1.08385
1.02659
0.59478
0.739831
0.777447
1.12344
0.817304
0.634007
1.09137
0.759262
1.43812
0.698161
0.726989
1.17984
1.01469
1.07106
0.899568
0.64524
1.05333
0.525286
0.872863
0.871241
0.911901
0.883397
0.703664
0.841709
1.19025
1.46085
1.43491
0.981468
0.674738
1.41603
0.572177
0.536319
1.41594
0.935889
1.41179
1.41146
1.01636
0.853402
1.39483
1.09041
1.52529
1.09899
1.37775
1.18618
0.601635
1.38736
0.480353
1.02602
0.891645
0.84261
0.924683
1.32656
1.65891
1.57186
0.627499
0.953967
1.19424
0.717274
0.943714
1.08332
0.964271
1.22111
1.07091
0.627815
0.818341
1.07203
0.736961
1.38209
1.10171
1.98811
0.989726
1.21506
0.990942
1.1123
0.669841
1.54091
1.04353
0.998752
0.915864
1.22035
1.07857
0.71259
1.2511
1.13227
0.47818
0.944665
1.61988
0.823756
1.92348
0.746102
0.716236
1.39536
0.692543
0.820527
1.4921
1.1916
0.845597
0.826581
1.0184
0.679443
1.34286
1.13721
1.91647
0.708334
1.00711
1.01777
1.26737
0.789564
1.0197
1.17359
0.972832
0.67351
0.986842
0.907963
1.43773
0.974762
1.17147
1.22196
1.05414
0.691111
0.889021
1.16591
1.48899
0.950138
1.03624
0.672527
0.721283
0.958396
0.807398
0.836352
0.940623
1.24188
1.4684
0.862082
1.06602
0.87873
1.0068
0.535588
1.17041
0.825911
0.485507
1.21899
0.723569
0.999064
1.04503
1.10723
1.16514
1.26255
0.861735
1.00067
0.574351
0.503946
1.10734
0.881626
1.35996
0.733091
0.884897
1.26838
1.28069
1.4699
0.79799
1.47566
0.763656
0.970362
0.751369
1.15475
0.717849
1.19789
1.0721
1.15248
0.713912
0.580353
0.85233
1.78071
1.57134
1.34514
1.36634
0.791931
1.22786
0.989894
0.77212
0.820268
1.22189
1.10088
1.26396
1.872
0.662767
0.740147
0.611522
1.19499
0.759756
1.36537
0.67601
1.1346
0.839915
1.27841
1.18847
1.19515
0.804138
0.895989
1.11831
1.30298
1.45626
0.789983
0.808294
0.848624
0.994481
0.950914
0.995402
1.04625
0.823435
1.29784
1.00517
1.25953
1.00671
0.815776
1.29958
1.15468
0.846967
1.164
0.846865
0.834987
1.02086
0.718684
1.04743
0.944625
1.25187
0.697529
0.643936
1.62216
0.595699
1.43332
0.877906
0.859356
1.21287
1.00548
0.755876
0.572175
1.27176
1.20675
0.904425
1.51806
1.00755
1.13282
0.985233
1.24743
0.641869
0.986095
1.01828
0.902732
1.49145
0.665506
0.853421
1.12946
0.924994
1.35307
1.57337
1.35797
0.786879
1.08553
0.968049
0.903079
0.872847
0.963845
1.47926
0.386407
0.771476
0.647312
0.642023
0.857526
1.05649
0.617356
1.15005
1.35673
1.01621
0.764807
0.81832
0.822541
1.20486
0.735952
0.731832
0.798463
0.845821
1.49626
0.915962
0.956768
0.731668
0.676377
0.912574
0.92409
1.28526
1.05553
0.431325
1.09131
1.43308
0.64246
1.04646
0.741799
1.03248
1.15366
0.814287
1.04407
1.13634
0.665974
1.5498
1.86006
0.331396
0.971734
1.02018
1.12511
0.815578
0.805606
1.15934
0.711871
1.31829
1.17987
0.784732
0.420402
0.528804
0.906839
1.22708
1.06016
1.24181
0.973302
1.1269
1.14883
0.690907
0.593774
1.64593
0.542722
0.555501
0.748012
0.921709
0.526117
0.908828
1.28913
0.985749
1.06721
0.876673
1.44032
0.915144
0.904941
1.12823
0.669022
1.21343
0.67875
0.556771
0.863792
1.13352
1.33016
0.735937
0.905663
1.13077
0.974815
1.21119
0.55842
0.881894
1.36643
1.78886
1.73278
0.833728
0.685295
0.578962
1.0048
0.797021
0.651286
2.00246
0.721137
1.1089
1.06232
0.744358
0.857199
0.79278
0.682863
1.18047
0.919801
0.937667
1.14596
0.91855
1.15709
0.565354
0.918521
0.678942
0.579152
1.12941
1.19133
1.02797
1.10641
1.7955
0.899567
0.596131
1.04642
0.590164
0.663882
0.9307
0.55717
0.705928
0.698695
1.09149
1.13511
1.05959
0.828701
0.456912
0.665006
1.1229
0.989998
1.07729
0.678198
1.10431
0.630907
0.707803
0.983494
0.696589
0.96022
1.36719
0.772216
0.469776
1.70845
0.597519
0.891203
0.750606
0.492326
0.68049
0.896464
0.775529
1.03078
1.34125
0.507612
0.714478
0.731968
0.914583
0.449449
0.837399
0.694856
0.840944
0.633423
0.673578
0.705309
0.914003
0.890961
0.843137
1.29947
0.826899
0.767657
1.46311
1.06799
0.865612
0.846725
0.895896
0.536578
0.878176
1.42455
1.16606
1.45856
0.653188
0.960872
1.36591
0.587577
1.33158
1.18651
1.38228
0.550021
0.874276
0.977882
0.969151
0.961394
0.887151
1.01051
0.718247
1.2199
1.07438
0.916222
0.975237
1.08945
0.92642
1.50076
0.954811
1.24512
1.17191
0.756691
1.06123
0.831408
1.3357
0.957736
0.542968
1.1358
0.317764
0.657874
0.860312
0.946722
0.669311
1.74249
1.37945
1.61641
0.490843
1.10165
0.903911
1.12876
1.6498
1.50907
1.11585
0.538436
1.33154
0.991187
0.755093
0.956417
0.84093
0.726863
0.663083
1.23943
1.05709
1.29127
0.786507
0.706272
1.08353
0.88279
1.60063
0.832502
0.779145
1.06933
0.906195
0.984569
1.77004
0.598802
0.803444
1.2243
0.992756
0.781617
0.913289
0.494626
0.809337
0.985929
1.52043
0.808466
0.934168
0.903129
1.32344
1.04725
0.985763
0.974275
0.623657
1.26727
1.13145
0.749843
0.947971
1.22231
1.15746
1.65164
1.12141
0.930587
0.77089
1.35892
1.02147
1.10715
0.786571
1.13648
0.868894
0.891024
0.731357
1.07478
0.82636
1.54786
1.7669
0.790215
0.642241
0.775613
1.058
1.06569
0.583599
1.18878
0.67575
0.593928
0.903827
0.560533
0.886571
0.993791
0.83905
0.642164
1.39245
0.905671
1.15225
0.661656
0.748515
1.60471
1.81466
1.03494
1.67589
1.33223
0.788696
0.732786
0.79859
0.811259
1.06054
0.674078
1.24473
0.974261
1.27364
1.48515
0.747761
1.01899
1.25734
0.735984
0.820117
0.511482
1.33584
0.931109
0.940101
0.961433
1.66056
1.07175
0.954208
1.12362
1.4164
1.36727
0.811557
0.843718
0.613696
1.30295
0.568565
1.10438
0.746249
1.34395
1.36451
1.11804
1.01933
1.43325
1.04282
1.044
0.874274
0.657723
1.01657
1.18488
1.22776
0.887838
1.52653
0.870676
0.721046
1.20261
0.61403
1.28425
0.959291
0.729945
1.03258
0.818512
1.26983
1.25603
0.82462
0.71005
0.81579
0.751378
0.924788
0.905865
1.24352
0.882608
0.886336
1.16896
1.09693
1.62572
0.800764
1.10829
2.29117
0.990568
0.563224
1.14244
1.00783
1.15213
1.21705
0.955223
0.578295
1.11037
1.04874
0.777628
0.869492
0.931035
0.941556
1.39636
1.02492
0.807949
0.774733
0.915013
1.14784
0.730462
0.860025
1.01427
1.03346
0.649167
1.11192
1.05264
1.03652
0.721198
1.21514
0.767217
1.03326
0.814834
0.664537
0.754461
0.805295
1.18953
0.958169
1.19963
1.38033
0.609662
1.48688
0.943774
0.832969
0.785751
1.01923
0.935722
0.912183
0.903622
0.770145
1.28584
0.763214
1.38488
1.44647
1.61068
0.8265
0.662087
1.26616
0.95746
1.08391
0.983964
0.810401
0.912967
1.45869
1.19895
0.902437
1.45425
0.882786
0.604843
0.967188
0.951226
0.894443
0.80388
0.624335
1.17755
0.924877
1.24169
0.585525
1.35882
1.07792
1.10417
1.27851
0.854351
1.00792
0.51828
1.02981
0.963019
1.19387
0.730218
1.51573
0.977223
1.31825
0.54454
1.47255
0.804633
0.793762
0.631969
1.30569
0.715889
1.29486
0.828504
1.54327
0.775389
0.600806
1.21155
1.15694
1.18089
0.784112
1.47582
1.74422
1.31801
1.03176
0.42641
0.77625
0.533257
1.43603
0.801281
1.28963
0.847759
0.354658
0.68625
0.777291
1.17482
1.17443
0.962027
1.63492
1.17278
0.443763
1.08728
0.943371
0.944393
0.87224
1.52477
1.47294
0.654386
0.876852
0.892836
0.805671
0.97063
1.33301
1.02635
1.05276
0.907167
1.05862
1.37753
0.947272
0.952933
1.05877
1.09585
0.898627
0.384592
0.711492
0.797787
2.18349
0.936448
1.15979
1.36956
0.493721
1.26332
1.42501
1.01258
1.30595
1.02416
1.21103
1.28165
1.49322
1.1309
0.543571
0.534922
0.795497
0.777255
1.21626
0.742421
1.5784
0.438857
1.04244
1.20697
1.33962
0.767691
0.718593
0.877866
1.11814
1.07301
1.02713
1.26761
1.3001
1.33687
0.780464
0.862354
0.765924
0.933717
1.11707
0.962611
0.359116
1.27375
1.22038
1.36127
0.995977
0.926419
0.90549
0.730597
0.973481
0.677245
0.828294
1.31038
0.731672
0.478182
0.971432
0.522003
0.897523
0.945478
1.17174
1.07839
1.23214
1.06438
1.88676
1.00626
0.999217
0.923051
0.582747
1.22081
1.06812
0.761187
0.819188
1.04924
0.952734
1.41449
0.637994
1.34217
1.24248
0.728753
1.2993
1.09039
1.17951
0.570803
0.783684
0.882721
1.10695
0.619263
0.603055
0.755424
0.913914
0.797599
0.620336
1.66975
0.953351
0.627186
1.31489
0.994629
0.678352
2.12225
0.474505
1.46498
1.03235
1.16286
1.09709
1.42087
0.606939
1.21518
0.734109
0.588974
1.45795
1.07392
1.21957
0.884595
0.581737
1.6285
1.11699
2.46387
0.876041
0.623625
0.937879
1.27174
1.14411
1.15682
0.790514
0.816118
0.798841
1.15304
0.657082
0.878794
0.667056
0.979901
1.13766
1.57151
1.10101
1.00106
1.36606
0.836159
0.891754
0.999097
1.27209
2.04721
0.682893
0.993021
1.00445
1.11654
1.11562
1.28113
0.645718
0.61552
1.4825
0.701082
1.04601
0.767778
1.33151
0.773079
0.512298
1.10191
0.617694
1.37052
1.13664
1.18531
1.2349
1.04849
0.598739
1.23082
0.971766
1.29239
1.05192
0.979017
1.01455
1.29041
1.18694
0.955543
0.523128
1.20801
1.28168
0.888867
0.697961
0.875392
1.14376
1.46458
1.06939
1.03433
1.46846
1.27208
1.02968
0.979057
1.21133
1.31507
1.10859
0.889851
1.30336
0.644907
0.883857
0.765261
1.72158
0.965861
1.00497
0.897748
1.30681
1.04516
0.939588
1.22089
0.500435
1.11094
1.04146
1.00369
1.08256
0.745861
0.711871
1.36724
0.741713
1.12172
1.23748
0.389005
1.26015
0.774142
1.26893
1.07025
0.817358
0.648749
1.40444
1.02383
0.993586
0.472628
0.748759
0.878864
0.637756
1.47868
1.61696
1.11236
0.822271
1.17217
1.17805
0.77756
1.55459
0.947179
1.54505
0.805244
0.904186
0.934121
1.29281
0.937598
1.16118
1.08144
2.31624
0.426835
0.950341
0.774213
0.750527
0.652992
0.548115
0.915841
1.25283
0.925098
1.22397
0.887373
0.866625
1.01498
0.674464
1.51191
1.4889
0.907341
1.2958
1.01764
1.35672
1.11888
1.19405
1.2641
0.810138
0.829581
1.73495
1.4143
1.27835
1.45731
0.821726
0.69681
1.25384
0.684572
1.33912
0.865846
0.548127
0.634858
0.886656
1.37705
1.1475
1.07153
0.881844
1.06348
0.747351
1.20952
1.22971
1.05055
0.951973
1.59672
1.45954
0.686328
0.964135
0.845588
1.19893
1.16785
0.746669
0.845933
1.30245
1.67027
1.06713
0.928902
1.42756
1.18708
0.708576
0.937664
1.41381
0.741082
0.748976
1.11076
0.724362
0.748445
0.409908
1.03378
1.24727
0.978781
1.12209
0.85068
0.69133
1.1697
0.972038
0.931559
0.821957
1.33872
0.677419
0.521842
1.41321
1.3266
1.24472
0.880215
0.666777
0.590268
1.63
1.73462
0.942409
1.23521
1.10262
0.98877
0.791048
0.627012
0.828269
0.663025
0.390553
1.49351
0.418255
0.841782
0.566717
1.02357
0.923361
1.37072
0.841438
0.950693
0.812686
1.01873
1.53313
1.43623
1.61621
1.49949
0.563298
0.689314
1.08439
1.04719
0.927154
0.851605
0.666745
0.786325
0.676057
0.8425
0.814789
1.0256
1.136
0.67486
1.01476
0.768674
0.630006
1.08477
0.933462
1.55409
0.581824
0.806602
1.6617
0.751303
0.83566
1.076
0.95634
0.682917
0.827247
1.1466
1.33251
1.04542
0.8889
1.07029
0.811567
0.696647
0.741764
0.823857
0.993188
0.722355
1.66112
0.892155
0.755863
1.23766
0.974676
1.09626
0.693322
0.751304
1.07221
1.08223
1.55193
0.526012
0.489477
0.855586
0.991211
1.01225
1.15174
0.681706
0.848045
0.780026
1.0071
1.00571
1.00947
0.578613
1.3628
0.952452
0.559789
0.713913
0.676013
0.749858
0.714896
0.519216
0.654099
0.824235
0.978455
0.89026
0.819135
1.29128
1.18148
1.13641
0.689383
1.05626
0.954953
0.929761
0.725158
0.823519
0.73678
1.16896
1.23194
1.05627
0.795599
1.45023
0.888586
0.927349
1.04692
1.09633
1.18691
0.572379
0.87505
0.843852
1.01096
1.52132
0.605688
1.08169
0.967211
1.64713
1.05294
1.1915
0.840364
0.884912
1.1678
0.817926
0.997168
1.09753
0.707503
1.18185
1.28664
1.00816
1.50269
1.39215
0.744434
0.82931
0.551907
1.05689
1.36375
0.738729
1.34485
0.65641
1.01443
0.915301
1.07774
0.710522
0.749076
0.763859
1.03557
0.671384
0.937794
1.3673
0.83626
1.3333
1.11065
1.35122
1.00682
0.440531
1.04324
1.21819
0.960808
0.839168
1.43312
0.931442
0.97979
0.705751
0.947329
0.862519
0.474007
1.5853
0.728378
1.34297
1.45629
1.22273
1.93548
0.843832
0.883552
0.461338
0.738327
1.41069
0.580656
1.27903
1.05287
0.890033
0.635266
1.00324
0.900969
0.828717
1.81346
0.599037
0.613572
0.954929
1.51657
1.24917
0.783774
0.54458
1.00672
1.06615
0.603213
1.63488
0.878423
0.347055
0.726363
0.94579
0.685107
0.814166
0.776874
0.983696
0.690313
1.10209
0.782035
0.840427
1.0778
1.16775
1.11175
0.997157
1.10104
1.10064
1.73283
0.968011
1.1417
0.536192
0.736559
1.15942
1.11845
1.55857
0.93622
1.798
0.716683
0.888811
0.636379
1.15728
1.20764
0.765101
0.576946
1.2057
0.977369
0.991944
0.726806
1.02441
1.03668
0.735248
0.585573
0.627736
0.359066
0.922165
1.00335
0.659073
0.547269
1.51307
1.39121
1.47879
1.03002
0.748045
0.788157
1.62432
1.13558
1.05469
0.667192
0.965933
1.19482
0.38035
1.22927
0.822217
0.852854
0.909408
0.956095
0.845603
1.49411
0.728718
0.855903
0.58371
1.15611
1.17512
0.69151
0.755208
1.55182
0.91345
1.00152
0.998374
1.28318
0.669207
1.19265
0.93541
0.979072
0.92627
1.46473
0.960402
0.508756
0.548629
1.15878
0.974455
0.782594
1.07841
1.3525
1.44405
0.816124
0.865277
0.706947
1.25618
0.659147
1.14746
0.873997
1.05088
1.482
0.803708
0.9394
1.2003
0.919656
1.03996
1.25104
1.12089
1.08946
0.867842
1.17132
0.82464
1.01704
1.06801
1.019
1.38955
1.5349
0.520456
1.22475
1.06171
0.558031
0.714471
0.866902
0.859947
0.865235
1.32195
1.13936
0.87386
0.948373
0.454654
0.995867
2.15629
1.1225
0.93714
0.792145
0.986826
0.710507
1.63845
1.43822
1.11003
1.08598
0.714959
1.10833
0.903724
0.832249
1.31471
1.1189
1.16978
1.04769
1.5044
0.758956
1.35531
0.695602
1.24894
1.05145
1.40314
0.978111
1.16377
1.47155
1.46554
0.614041
1.10877
1.13093
1.1725
0.932042
0.887736
1.07579
0.830572
0.904261
0.705695
1.01858
1.21391
1.24119
1.71506
1.29329
1.27987
0.636928
1.21501
0.65472
0.481437
0.696686
1.1133
1.12541
0.985928
1.53844
1.12344
1.50948
1.03847
1.3029
1.06804
1.16736
1.13268
1.21601
1.20843
0.784003
0.417423
1.05793
0.899232
1.29518
1.44773
0.580749
0.5777
0.545129
1.03606
1.00176
0.452069
0.443467
1.3779
0.607052
1.09389
1.483
0.811147
0.757986
0.768057
0.993312
0.70243
1.00157
0.469844
1.47678
0.921081
1.1281
1.46229
0.804819
1.5482
1.07841
0.689739
1.10952
1.16983
1.35272
0.887066
1.36728
0.723777
1.328
0.57179
0.82162
1.52905
0.749422
0.982634
0.947542
1.44657
0.964787
0.93153
0.800705
0.939638
1.06075
0.884438
1.38198
1.14632
0.673616
1.36873
0.987485
0.67557
1.1451
0.67211
1.33385
1.19794
0.569253
0.64694
0.643225
0.714605
0.842929
0.850054
0.674047
1.00702
0.960948
0.72508
0.422568
1.1642
1.68432
0.783236
0.839256
1.45312
0.729965
1.51361
0.615592
1.12327
0.931861
0.5539
0.962817
1.02957
1.20712
0.796332
1.08766
0.972217
0.917345
0.763641
1.64951
1.0679
0.996699
0.659707
1.03105
1.01409
0.845134
1.15948
0.72876
0.955238
0.624585
0.943135
1.24211
0.76597
0.551108
1.43525
0.793016
1.06614
1.02727
1.20268
0.937178
0.767822
0.817306
0.725056
0.987127
0.649734
1.15881
0.494173
0.594766
1.95461
0.783812
0.697097
0.844053
1.37395
0.581511
0.774987
0.853795
1.69504
0.940157
1.6901
0.870544
0.842107
0.506862
1.32543
0.862646
0.82958
1.17995
0.917984
1.08275
0.737813
1.1313
0.810311
0.818706
1.08297
1.01433
0.694556
1.67088
1.27333
0.936944
0.745925
1.00891
0.689592
0.795242
1.43493
1.09942
0.911525
1.2416
0.906145
1.62852
1.22795
0.990485
0.45847
0.759397
0.827992
1.21024
1.05086
1.33421
0.872129
0.728831
1.1564
0.435453
0.641918
0.907291
1.60436
0.647924
0.652625
1.42165
0.86331
1.21151
0.911087
1.09764
1.42623
0.553802
0.464612
1.30047
1.06615
1.07284
0.759058
0.774649
0.94054
0.705596
1.39258
1.10901
0.934889
0.832801
0.722247
1.17485
0.801152
1.25766
1.02926
0.798195
0.982961
1.23418
0.955517
1.30529
0.872846
0.527479
1.57275
0.81627
0.707197
0.627332
0.609194
0.580496
0.63193
2.5785
0.743223
0.768115
0.91957
0.964026
0.688312
0.763345
0.591241
0.922878
0.488377
1.13126
1.5673
1.27276
1.18704
1.0784
1.79498
0.869683
0.820031
0.725222
0.751968
1.9041
1.41056
0.471566
0.978465
1.41747
1.18722
1.02334
0.904794
0.814453
1.77768
1.45313
1.21706
0.846507
0.919717
0.779653
1.12513
0.570503
0.90512
0.68173
1.04735
0.641534
0.981594
1.62589
0.806894
0.520844
1.04868
0.586446
1.22261
0.942434
0.630793
1.16391
0.603666
0.700693
1.30528
1.91439
0.849766
1.05301
1.50996
0.706366
0.764904
1.83613
1.66707
0.977411
0.850856
0.56723
1.00591
1.3659
1.06831
1.19093
0.808235
1.04486
0.786758
0.993352
0.431774
1.32691
0.976788
1.19911
1.01721
0.872119
1.75177
0.769739
1.76457
1.44181
0.964024
0.823528
0.841386
1.13441
1.05932
0.631126
0.928726
1.06239
0.952144
0.981198
0.884814
1.3067
1.52202
0.624722
1.19029
0.752266
0.712522
1.09321
0.763346
1.35899
0.526978
0.867414
0.746692
0.685028
1.42248
0.823292
0.705833
0.857994
1.79379
0.644758
1.24628
1.19651
1.59541
0.876016
1.09258
1.20043
0.983714
1.09703
1.04957
0.460698
0.67622
0.963221
0.842565
1.18395
0.822918
1.3847
0.579149
0.73525
1.32569
1.42731
0.70256
1.43739
1.14827
0.590715
0.585758
0.66667
1.17838
0.858846
0.649686
1.35538
1.37326
0.948745
0.626799
1.19459
1.2762
0.844491
1.05436
1.34487
0.606108
1.29486
1.00213
0.573295
1.29508
1.1496
0.621243
1.44008
0.613439
1.4779
1.31255
1.20192
0.961448
1.24551
1.08062
1.08253
0.639858
0.897964
0.872052
1.07976
1.17768
0.975055
0.813727
1.13574
0.9153
0.719458
1.2299
1.12074
1.01701
0.570505
1.07749
1.16468
1.26289
0.857659
0.376936
0.996308
1.09546
0.533913
1.81942
1.1977
0.575039
0.689929
0.319167
1.05213
0.552748
1.04403
0.827386
0.886968
0.969767
1.40762
0.93732
1.06043
0.540142
0.895027
0.945989
0.89532
1.02827
0.751924
0.989565
1.17137
1.26756
0.915222
1.09673
0.830252
0.687748
1.1626
1.34121
1.21739
0.45901
0.866322
0.767886
0.879202
0.719499
1.05795
1.519
1.16895
0.564769
1.44978
1.11747
1.17786
1.01171
0.457189
0.800671
0.477573
1.00168
1.02561
1.12879
1.64545
1.30174
0.925079
1.67017
0.865456
1.0416
0.982999
0.774112
1.34697
0.64669
0.989176
0.912443
0.573113
0.589898
0.790672
1.24945
1.31235
1.27999
0.532356
2.37465
0.816919
0.806027
0.705791
1.41103
0.811384
1.31356
1.36165
0.744332
1.10406
0.87092
0.61157
0.902459
1.14712
0.899459
1.44938
1.04139
0.574292
0.667276
0.905582
0.715246
0.803064
0.981937
0.977119
0.829072
1.31847
0.844934
0.820296
1.56063
1.45066
1.19481
0.81207
1.34234
1.08292
1.39617
0.856026
0.815912
1.01934
0.72121
0.668167
0.733426
0.816466
0.68979
0.974306
0.461882
0.460059
0.940058
1.58161
1.15991
1.20821
0.913666
1.002
1.08094
1.34109
1.44394
1.16426
1.20967
0.754908
0.557048
1.00526
0.735208
1.31431
1.00235
1.00285
0.982973
1.20837
0.902412
1.2601
1.17875
1.23132
0.917961
1.26013
0.999071
1.01888
0.620039
0.78503
0.783676
0.833047
0.664021
2.2522
0.748153
0.610426
0.609311
0.890372
1.39387
0.953236
0.810543
1.06445
1.24684
0.722602
0.97671
0.741616
1.2866
1.7503
1.33685
1.36778
1.083
0.788135
1.25674
0.737638
0.910129
0.774194
1.23093
0.956246
1.01183
1.21506
1.05052
0.791206
0.54463
0.970473
1.05373
0.799386
0.879294
0.830038
2.42876
0.893571
1.43833
1.01197
1.1501
0.969188
1.20756
1.1836
1.51117
1.22212
0.814517
0.973659
0.656645
0.922489
0.903514
1.32003
1.03795
1.19095
0.749476
1.93012
1.31408
0.501193
0.847209
1.42455
1.44445
1.09153
1.20264
1.0195
0.830926
1.0283
0.787779
0.763545
1.0681
0.916517
1.2327
0.804728
1.42258
1.0058
0.858709
0.809454
0.79596
1.5742
0.930948
1.13724
0.886268
1.26862
0.925832
0.98434
0.975975
0.919948
0.934361
0.726932
1.05191
0.331159
1.26848
1.09238
1.5026
1.0585
0.765297
0.896045
0.707714
1.5583
1.49638
1.13424
1.30661
0.920617
0.894704
1.32203
1.21677
1.10768
0.593346
1.29178
0.464964
1.07595
0.727668
1.36005
1.15293
0.983119
1.22927
0.886409
1.54915
1.03787
0.846871
1.07795
0.634931
0.346306
0.732931
0.856377
0.989188
0.673621
0.940478
0.661741
0.789794
1.34325
1.16392
0.693272
1.05357
1.39741
0.566882
1.32692
0.651194
0.746715
0.866387
0.63294
0.792486
1.22342
0.575397
0.761933
0.708639
0.837038
1.25756
1.10844
1.33224
1.02221
0.686787
1.53531
0.604399
0.78287
0.607196
1.35709
1.23647
0.797721
0.807156
1.12683
0.430841
0.999715
0.797194
0.591406
1.10972
1.056
1.02288
0.390467
1.34175
0.893807
1.19467
1.33247
0.506854
0.720916
0.873864
0.939092
0.585785
1.52023
1.0152
1.30296
0.595858
1.21915
0.450753
1.10741
0.757751
1.44778
0.821192
1.08214
0.973796
0.705163
1.32347
0.737985
1.08582
0.676544
0.615969
0.80061
0.26607
1.225
0.976631
0.623959
1.22261
0.891779
0.827654
0.949824
0.680351
1.10949
0.580924
0.901853
0.79143
0.597731
1.00152
0.989815
1.11431
1.04418
0.923904
1.23266
1.1593
0.433928
1.09133
2.67137
1.02121
0.65734
0.918826
0.814404
0.552103
0.805569
0.775902
0.436422
1.42592
1.01357
0.78234
0.701868
0.921565
0.921005
0.940693
0.468865
0.926064
0.465487
1.38474
0.671008
1.01574
1.23117
1.32027
1.10617
0.824255
0.68039
0.712801
0.697548
0.901267
0.5135
1.28072
0.896423
0.625687
0.824853
1.20563
1.17095
0.791208
0.894317
1.03281
1.22943
0.90204
0.834226
0.760813
1.46036
1.79228
1.00485
0.991979
1.17715
1.62551
0.970265
1.06527
0.546288
1.59442
0.637322
1.81432
1.59814
1.09807
1.47886
1.17216
0.55487
0.479465
0.973088
1.15637
0.833825
1.07
1.23667
0.972667
1.3942
0.572441
1.07625
0.584949
0.457169
0.645617
0.952386
0.855697
0.811901
1.0088
0.796317
0.758462
1.28935
1.27937
0.880047
1.46526
1.03427
1.29809
1.20071
0.804045
0.925121
1.02881
1.54209
0.901405
1.70242
0.847068
1.0468
1.84015
1.47301
0.716289
0.880513
1.12118
1.14195
1.19442
0.606893
0.674314
1.08067
0.478824
0.543086
1.53028
0.873194
0.741298
0.920166
0.580105
1.01925
2.04216
1.1375
1.05551
0.841917
0.651986
1.06638
1.05707
0.807146
0.600105
0.785183
1.31665
0.738076
1.327
1.15538
1.06161
1.16035
2.34075
1.02934
1.0954
1.07492
1.10664
0.547661
0.358943
1.13491
0.765248
0.911388
0.594934
0.567271
1.08878
1.55973
1.10474
1.42537
1.62121
1.53461
0.64144
0.816556
1.08675
0.820776
0.970347
0.59256
0.557053
0.697791
1.1769
1.1215
0.651073
1.0628
0.791476
1.53815
1.33029
0.620187
1.32026
1.12683
1.01279
0.768755
1.0704
1.4735
0.668703
0.889225
1.49438
0.981544
1.06017
0.646128
0.785366
1.11766
0.515244
0.805276
1.16386
0.818995
1.10511
0.834203
0.98282
1.22061
1.08005
1.02909
1.6491
1.08258
0.936444
1.19415
0.597896
0.978817
0.610182
0.864296
0.719635
0.695085
1.10853
1.10698
1.47223
1.25752
0.919937
1.00773
1.34393
0.894152
1.15983
1.13487
0.882512
0.882938
0.443382
0.952214
0.704367
1.30365
0.959156
0.966014
0.710671
0.761648
0.810809
1.07063
1.2079
0.945853
0.992738
1.31056
0.795428
0.602263
0.641644
1.20564
1.56352
0.973084
1.30365
1.31391
1.17301
0.754315
1.04784
0.54726
0.705669
1.84088
0.768798
1.0967
1.33378
1.38762
0.71481
0.416991
1.21278
0.787807
1.16276
0.739944
0.651495
1.39462
0.830114
0.858833
1.23153
0.686205
1.19992
0.861669
1.20501
0.461888
0.935364
0.860663
1.61019
1.11046
1.08462
1.08004
1.42732
0.985868
0.947077
1.04489
0.618701
1.36204
0.785756
1.02158
0.597921
1.43498
0.66587
1.00128
1.08319
1.0986
1.22756
0.999271
0.833824
0.954268
0.932238
1.38447
1.18643
1.3748
1.12177
1.06665
1.61239
0.871052
1.07611
1.11652
0.922026
1.21323
0.668837
0.70347
1.5328
0.840899
1.10814
0.833673
1.49378
0.793366
0.875076
1.00155
1.04591
0.93476
0.972536
0.736359
0.790674
0.85713
1.17659
1.01545
0.665828
0.629553
1.03977
0.872808
1.12727
1.27314
0.642708
0.795043
1.0157
0.580726
0.757322
0.716524
0.69737
0.93541
1.22359
1.28779
1.62239
0.667119
1.22042
0.604638
0.88912
0.770642
0.62658
1.56126
1.0283
1.27986
1.19582
0.921077
1.16273
0.53549
0.612084
1.20059
0.833763
1.12712
1.12145
0.606113
0.62033
0.977505
1.2598
0.579905
1.3938
1.47973
0.689224
1.36111
0.969749
0.812966
1.40864
1.25114
1.12441
0.547855
1.36418
0.870585
1.37691
1.50935
0.934707
0.927906
1.61923
0.624503
0.874886
0.673374
0.64692
0.898656
1.49413
0.991303
0.613827
0.779448
0.797175
0.852647
0.938397
1.10915
1.70256
0.970147
1.17744
0.805351
0.793989
0.701469
0.606772
0.684457
0.645029
0.691647
0.858515
0.629604
1.25044
1.02622
1.13979
0.911462
1.0372
0.721408
0.726033
0.840865
0.763204
0.741719
0.886606
1.21135
1.27496
1.02515
1.46873
1.0901
0.835696
1.42725
1.45435
1.04184
0.750639
0.883887
0.722942
1.09548
1.35749
0.411281
0.500444
1.5874
1.29978
1.02611
1.50098
1.64184
0.393514
0.86755
1.01963
1.23817
1.0559
0.881119
1.2015
0.753174
0.94202
1.12291
0.774402
0.81767
0.919794
0.849841
0.663027
0.815619
1.20476
0.65899
1.06038
0.595663
0.403487
0.912359
0.633869
1.13792
0.995611
1.29447
1.41392
0.83874
1.02521
1.55199
0.703296
0.922925
0.676562
1.42274
0.933502
0.886263
1.41142
0.722399
0.932437
0.42201
1.86865
0.976671
0.673307
1.30356
0.742271
0.426786
1.00486
0.729004
0.702443
1.12888
1.20887
0.997576
0.983981
1.47232
1.13487
0.807715
0.843609
0.773668
0.382211
1.49934
0.795767
1.02821
1.20185
1.07692
1.03723
0.713066
0.910191
0.861299
1.332
0.581844
1.34483
1.89787
1.11407
1.02285
1.35113
0.906073
0.971426
1.16496
0.971742
1.0374
0.556037
1.21625
1.06221
0.290366
1.43226
1.07854
1.23198
1.10756
1.72794
0.634168
1.4762
0.964635
0.815044
0.836018
0.575331
0.732034
0.806088
1.02511
0.570672
1.09604
0.665078
1.18061
0.678315
0.788056
1.56577
1.15282
1.35645
0.973721
0.997021
0.942395
1.5559
1.44419
0.804694
0.761047
0.790249
0.851422
1.33671
1.17207
1.12274
0.66746
1.28828
0.771342
1.02297
1.03331
1.15111
0.853595
1.50803
0.956144
0.725102
1.05399
0.803745
1.47319
0.756176
0.773393
0.933692
1.0439
0.614218
0.490224
1.15075
0.966997
0.781014
0.828362
1.15131
1.63881
0.841983
0.584803
0.84929
1.15789
0.967084
0.979423
1.04593
1.04117
0.674999
0.820728
0.700797
1.00193
1.19437
0.773459
1.6015
1.56948
0.692661
1.22873
0.569078
0.937518
0.633064
0.829915
0.798081
1.35071
1.24645
0.833533
1.392
0.855521
1.42195
1.37036
1.21162
0.790187
1.96418
0.920111
0.801911
0.777418
0.808685
1.06855
1.82947
0.851783
1.70353
0.96977
0.795892
0.746218
0.959163
0.812896
1.66112
1.37205
1.07163
0.59986
0.892947
1.45014
0.821834
0.932705
0.39086
1.07486
0.764187
0.765602
0.9363
0.587932
0.752837
1.30035
1.48636
1.7024
0.886621
1.39479
1.01786
1.13122
0.706991
0.939709
0.984757
0.713283
1.1061
0.962726
1.18869
0.965256
0.910575
2.38379
1.14315
1.36585
0.57976
0.823457
0.650154
1.05689
1.06787
1.62413
1.33447
1.48528
0.515007
0.771936
1.04741
0.833061
0.953585
1.53828
2.30119
0.665807
1.46338
0.552607
1.00986
0.762834
0.965184
1.24953
1.11315
0.583543
0.706153
1.24545
0.824022
1.36813
1.48791
1.2517
0.758926
0.772079
1.02816
0.301225
0.89644
0.931616
0.963147
1.21392
1.8511
0.98203
1.28516
1.08417
1.07891
0.62477
0.720067
0.844854
0.77762
1.32998
0.783902
1.38124
1.25709
0.734522
1.22158
0.941374
0.603873
0.775516
1.26845
1.3608
1.35409
0.660151
1.42964
1.57282
1.31723
1.07628
1.38602
0.975321
0.584005
0.861053
1.36579
1.09291
0.945356
0.864416
0.865904
1.19461
1.21733
1.29958
1.08414
1.06684
0.732835
1.30839
1.35125
0.916471
1.2517
0.989795
0.783716
0.639089
0.453124
0.517265
1.36168
1.35
0.895095
1.02547
1.04744
0.585615
1.20033
1.03878
0.886313
0.629887
0.789452
1.05994
0.933501
0.990853
0.840249
1.00116
0.918566
0.970651
1.21057
1.30105
1.03271
1.28614
1.46587
0.63608
0.715589
1.49292
0.882504
1.02506
0.623691
0.584567
0.935675
1.40385
0.636743
1.7458
0.848689
1.03692
1.50695
0.790391
0.754292
0.802035
1.2031
1.13258
0.663777
0.521355
0.890147
1.16732
1.05617
0.594631
1.13159
1.03447
0.921391
0.820663
0.964537
0.801608
1.1209
1.33455
1.29313
1.38564
0.809908
1.16282
1.34191
0.838589
0.807274
1.23295
0.616329
1.1346
1.0079
1.1801
0.832981
0.745781
1.2356
1.06246
0.600621
0.587513
1.28856
0.743887
0.868887
0.771375
1.09056
1.85629
0.840141
0.612292
0.823855
1.07518
0.885902
0.80448
0.497511
0.738424
1.06175
0.884875
1.05416
0.817787
0.506728
0.921596
0.848969
1.40489
0.641347
1.26886
1.38467
1.00925
0.472251
1.16097
0.662624
0.786661
0.834405
0.928222
1.08585
0.373654
0.927039
1.43549
1.37043
1.76921
1.02348
1.06207
0.955899
0.86935
0.723052
1.67827
1.89901
0.54824
1.92059
0.448295
1.15336
1.78264
1.20094
0.826892
1.55823
1.03454
0.703991
0.810809
0.983033
1.44625
0.876783
0.900194
0.837123
0.809563
0.738335
1.04028
1.41799
0.914232
1.50635
1.00227
1.10056
1.10533
0.961894
0.831684
1.063
0.769736
0.707999
0.862896
1.23469
1.06812
1.00123
0.709823
1.21722
1.39613
1.22551
0.924727
1.41535
0.564531
1.48387
1.00401
1.03244
1.01043
0.791871
1.71005
0.99278
0.879827
1.28187
1.72089
0.74673
0.753827
0.952229
1.75334
0.465257
0.746946
0.830151
0.856798
0.833736
1.46916
1.77251
1.12334
0.998904
0.786915
1.13284
1.35124
0.878143
0.636686
1.0679
1.27081
0.83477
1.11488
0.699983
1.24775
0.878846
1.19426
0.517244
1.08503
1.1294
1.22055
0.651436
0.942381
1.80615
1.19561
0.426868
1.2417
0.955347
1.63113
0.941132
0.894152
1.18946
1.05428
1.28288
1.0779
0.525342
0.763036
0.963875
0.846905
1.2928
1.01729
1.26938
0.724818
0.424288
1.04118
1.06749
1.00218
0.773151
0.851749
0.480399
1.06783
0.488433
0.943521
0.823913
1.01254
0.532657
0.682892
1.21907
1.3841
0.747091
1.59627
1.11606
0.462425
1.39447
0.800032
0.684687
0.654657
0.922134
0.950122
1.02093
0.911953
0.588505
0.786757
0.824548
0.631075
0.738753
0.753262
1.16955
1.21318
1.48321
0.832452
1.64615
0.856367
0.927931
1.18184
1.07967
1.26272
0.399487
0.854893
0.532524
0.743616
0.994402
0.715826
1.19789
1.23133
0.540795
0.62539
0.640761
0.973583
1.08118
0.346314
0.801663
0.817291
0.791209
0.47268
0.883716
0.761036
1.09191
1.00361
1.25128
0.990508
0.660777
0.851724
0.920334
0.346823
1.41583
0.772057
0.93665
1.52759
0.753917
0.779111
0.823976
0.942883
0.597543
0.916362
0.579375
1.1917
1.14646
1.34491
1.03029
1.0385
0.974332
0.976817
1.38897
0.810796
0.825402
0.548909
0.638018
0.350938
1.00658
0.584314
0.995741
0.42944
0.830501
1.44396
0.851128
1.59908
1.00161
0.728634
1.50415
0.657837
1.42581
1.32131
0.684598
1.2516
1.63802
0.517539
0.487593
0.62376
1.20255
0.760216
0.807087
0.65046
0.811724
1.08947
0.897774
0.543054
0.806554
0.772007
0.731312
1.14196
1.2466
0.97966
0.986703
0.908735
0.896048
0.95089
0.926295
1.68208
0.781643
0.67562
1.1253
0.985772
1.08874
1.39377
0.531645
0.960208
1.30409
1.62688
0.83552
0.880213
0.761735
0.937151
1.42321
0.911125
1.65815
2.53947
0.729031
1.24376
1.0239
1.11977
0.881776
0.501181
0.837414
1.39535
1.44346
1.09168
1.2085
0.96112
1.3284
1.33802
1.12748
1.10543
0.865232
1.1858
1.07973
0.896815
0.827158
1.00992
0.830743
1.04216
0.921209
1.4661
1.0401
0.630763
1.03171
0.856407
0.948173
1.15982
0.829875
0.80127
0.704123
1.71875
1.1905
1.01349
1.14191
0.733391
1.17587
1.42754
1.42287
0.645635
0.517239
0.61427
0.457049
1.49731
0.42799
1.26903
1.05768
1.57996
0.531551
1.08902
1.21088
1.1628
0.982498
0.940315
0.703696
0.868063
1.12761
0.513978
1.17953
0.999445
1.44203
0.859465
1.2559
0.63505
1.25007
1.22593
0.796188
0.905881
1.26933
1.3795
1.0012
0.985111
1.25933
0.702076
0.578675
1.32855
0.917961
1.09513
0.68225
0.968612
1.08444
0.684997
0.77936
0.595845
0.476166
0.718675
1.25925
1.12589
0.980975
0.771919
0.753045
0.608092
1.52989
1.07018
1.0577
0.625913
0.964188
1.24568
1.05515
0.991454
0.771945
0.974464
0.734746
1.43031
1.34702
0.921822
0.889786
1.15358
0.831364
1.48031
0.982924
1.63446
0.931051
1.0821
1.41367
1.0494
1.48919
0.982787
0.808995
0.746951
0.707069
1.05413
0.713626
0.858077
0.817743
0.947388
1.51863
0.658458
0.435356
1.22086
1.55837
0.815838
1.00184
1.71733
1.29261
0.756679
0.582139
0.615778
1.92634
0.600702
0.56088
0.868224
1.45619
0.667941
0.690356
0.743994
0.938437
0.807003
0.626771
1.1489
1.45702
1.39937
0.58297
1.12779
0.337767
1.09521
0.809688
1.26188
1.40539
0.8247
0.600058
0.644471
0.658559
0.89835
1.15151
1.37244
1.10153
1.04037
0.803963
0.854178
1.772
0.904145
0.699384
1.03417
1.03996
1.11221
0.951894
0.958072
1.47463
1.32117
0.847471
0.669642
1.2637
0.583764
0.873256
0.530639
0.904514
1.14918
0.914379
1.1784
1.74056
0.70379
0.6585
1.23793
1.07147
0.64393
0.962923
0.998734
1.08569
1.3328
1.02325
1.00504
0.995207
1.64237
1.09274
1.44019
1.69782
1.0319
0.661263
1.11797
1.00223
1.46294
0.555822
0.716551
1.13635
1.91809
0.878097
0.816768
1.23351
1.36116
1.20135
1.69346
0.678962
0.834379
0.692696
0.490565
1.32912
1.11177
1.16659
0.997094
1.08897
0.954961
0.745951
0.764216
1.63137
1.20532
1.11501
0.947217
0.432753
0.854267
1.23147
0.903185
1.31819
1.5686
1.07806
1.27875
0.612084
0.820454
1.07596
0.795504
1.8877
1.06498
1.16239
0.651482
0.790883
1.18235
0.956686
0.572346
0.935179
0.523475
1.18081
0.502554
1.13315
0.696985
0.905399
0.734068
1.2458
1.03434
0.77846
1.37527
0.953411
0.674455
0.983301
0.74616
0.652476
0.751195
0.575565
1.12978
0.99082
0.806011
0.948616
0.977555
0.627634
1.22578
