0.766074
1.47787
1.65347
0.522117
1.59758
0.855667
0.516148
0.124868
0.542248
0.917871
1.43693
2.29821
0.141387
1.89203
1.53433
1.26734
0.37541
0.915039
1.33113
1.52015
1.45321
1.38154
1.64607
1.01984
0.226489
1.39523
0.822587
0.124513
1.00687
1.39338
0.473323
1.18934
0.297249
1.03711
1.16949
0.404238
0.6744
1.17222
0.17915
0.58426
0.956855
3.80322
0.84122
0.792582
2.27258
2.00222
1.40747
0.884324
2.27276
0.496907
0.167195
0.431199
0.33484
0.906307
1.64772
1.02794
0.56964
0.210847
0.334578
2.90447
0.513261
0.341729
1.47841
1.46413
0.338245
0.217094
0.534086
0.0682916
0.600488
0.795699
0.215164
0.398253
2.34372
0.208976
1.60847
0.983903
1.03847
0.187439
0.0865813
0.258574
1.86493
0.886749
0.133679
0.557799
1.01778
0.780622
0.963468
0.256697
0.730297
1.36994
1.53996
1.17584
0.644016
0.727348
0.755867
3.9455
0.357345
0.730617
1.48736
0.189114
0.527854
0.99194
1.01054
0.533339
0.187905
0.520597
1.03082
1.26246
0.536573
0.305126
0.525531
2.21134
1.00666
0.995399
1.55398
0.795314
2.19762
0.216868
1.26813
0.230178
0.894277
1.1078
0.0969142
0.174613
0.167251
1.3654
0.254423
0.560457
1.42075
0.631833
1.09616
0.848752
1.49849
1.14438
0.45292
0.349967
0.29787
0.408177
0.610174
0.723237
0.967254
0.530948
1.35568
2.16806
1.44108
0.901761
0.443012
1.16541
1.56182
1.75126
0.784645
0.608661
2.0095
0.967147
0.65298
0.188941
2.62923
1.0008
1.77242
1.42194
0.510697
1.35773
0.898315
2.51873
0.206317
0.493136
0.966431
0.33008
0.122702
1.5174
2.47766
0.468831
0.718752
3.28476
0.538808
1.29877
0.788475
0.511452
0.75051
0.913738
0.610998
1.24138
0.741761
0.633523
0.382622
1.01059
1.204
0.139853
0.402648
0.269067
0.431452
1.22666
0.704089
1.046
1.49126
1.62464
0.323019
1.14851
0.147893
1.21132
0.508382
1.20126
0.883377
0.645955
1.66307
0.280934
0.445716
1.45935
0.662537
1.2309
0.548052
0.109657
0.408853
0.965619
0.366259
1.03282
0.888392
0.941092
2.75781
0.898179
0.600365
0.911436
0.20028
0.750369
2.5333
0.503422
1.10749
0.497025
0.376529
0.854654
0.627774
0.778767
0.795156
0.747195
0.811189
0.942202
0.592321
1.55209
0.680465
0.664599
0.712947
0.547563
0.494709
1.38835
1.0176
0.0680025
1.83831
0.364744
0.736787
0.377767
1.46445
0.316043
1.24505
1.43094
0.801286
1.67305
0.606655
0.42076
0.766014
2.50624
1.44954
0.250244
0.734302
0.515022
1.95265
0.200203
1.81315
0.318256
1.61023
0.267115
0.361171
1.4532
1.5195
0.199823
1.19485
0.1775
0.873321
0.278582
0.653723
0.374105
0.738067
1.03351
1.73282
1.46571
1.11193
1.21145
1.02319
0.18425
3.1369
1.63441
0.390782
1.51849
1.71994
1.54842
0.512031
2.91167
2.27357
1.24376
1.22443
0.0669802
0.858375
0.446475
1.31245
1.55787
0.835897
0.882974
0.95442
0.595518
0.89032
1.33482
1.69002
0.15801
1.67247
0.511749
1.01703
0.451542
0.336915
0.692602
0.178045
0.53363
2.02886
0.642019
1.06219
1.04071
1.53799
0.876707
0.717047
0.368222
1.26639
0.86699
1.12604
0.462386
0.724119
1.31228
1.12967
2.36598
1.2272
0.961122
1.09261
0.78556
1.01414
0.474545
1.32555
0.261219
0.380138
0.630716
1.03644
2.82259
0.672828
0.262071
1.61821
0.870902
0.0859743
0.850799
0.32974
0.31928
1.33973
1.06546
1.61008
0.949587
0.338526
1.83225
0.188042
0.43477
2.40723
0.678972
0.483049
0.874237
0.752815
0.743841
0.453457
0.470537
1.25592
2.2763
0.866152
1.32334
0.335804
0.779725
0.902539
1.16467
0.187925
0.33502
1.84877
1.13619
0.270753
0.686945
0.200203
0.932886
2.14581
1.36721
0.37098
2.91436
0.368429
0.887178
2.7945
0.433106
1.93472
2.78908
0.295746
2.29562
1.54436
1.57167
1.14576
0.302137
1.52634
0.617833
1.43959
0.405856
0.360802
0.461152
1.55562
0.346883
1.25802
0.657336
0.229424
0.140679
1.30751
0.637068
0.381445
1.14404
0.0686639
0.799061
0.735478
1.17666
1.15117
1.28441
1.15878
0.37659
0.781812
1.60358
0.676879
0.862798
1.58091
0.169281
1.77411
0.278734
1.27689
0.127241
0.0682241
0.820041
0.760147
1.13887
0.723691
0.810615
0.617068
2.48867
1.02677
1.50389
0.6669
0.95111
1.15785
1.4249
2.70256
0.463604
1.04581
0.760134
1.88746
1.79968
0.135548
0.960991
0.690755
0.563355
0.46832
0.856026
1.20199
0.948323
0.345783
1.27121
0.312547
0.224334
0.89732
0.687196
2.48413
0.741846
2.30664
1.11443
0.904145
0.744159
0.79478
0.621005
0.770551
0.691331
2.07938
1.35172
0.970756
0.294279
0.444288
0.800532
0.505778
0.156756
0.979887
0.124404
0.679782
0.487183
0.356454
0.0503449
0.95238
0.731049
0.26776
0.610854
0.336322
0.753501
1.18148
0.753934
0.541807
2.69212
2.45043
0.0104987
0.751814
1.09309
1.12997
2.84469
1.07813
0.925075
1.83912
0.740924
1.06882
1.432
1.24035
0.402588
0.31665
0.286721
1.06438
1.19943
0.250792
0.353758
1.86655
1.86206
2.10505
1.65095
0.75946
0.57048
1.18473
0.581975
1.35405
0.529597
0.798072
1.36114
0.390905
0.141317
0.896227
0.40405
3.03152
1.68597
2.25296
0.361652
0.587558
0.607032
1.19048
0.586874
2.06029
0.59211
0.445178
1.01
1.21244
1.50726
3.20815
0.428744
1.39966
2.48496
1.59336
0.098776
1.23764
0.482049
0.230071
1.17444
0.861092
0.961309
1.16514
3.30841
1.04355
0.96939
1.11148
0.239455
0.670519
2.69745
0.91912
1.69877
2.03117
1.3658
1.58287
1.01751
0.985345
0.517363
1.12705
0.440064
0.182153
0.555209
0.284558
0.409503
0.321773
0.437548
1.45357
1.13648
0.915259
1.44556
0.379533
0.253412
0.143051
1.09576
0.822932
0.813723
0.624872
0.953915
1.85657
0.267688
0.25545
2.35146
1.3357
0.377668
1.76646
0.619577
1.52988
0.842759
1.62661
1.98587
0.887335
0.143432
0.297641
1.0365
1.29413
0.887666
1.76942
0.5597
0.0824847
1.94686
1.46256
1.3842
2.28396
1.48412
0.782057
1.09232
1.90608
0.200218
1.56006
3.83199
2.3509
0.46728
0.507453
1.41814
1.09887
0.616992
0.511562
1.46489
1.07714
1.62638
0.564578
0.50429
0.296715
0.482894
1.53991
1.602
0.342149
0.113694
0.718356
0.453406
2.35702
0.676862
1.33667
1.07306
0.373564
0.853802
1.86028
0.356054
0.39469
0.926167
0.800207
0.887228
1.32481
0.558286
0.183743
0.24038
0.627282
1.25825
1.32938
1.64613
1.21916
0.191722
0.446303
0.125228
1.69087
1.88634
0.536174
0.392134
1.03276
0.562026
0.229327
0.243795
0.699597
0.304618
0.657787
0.899736
0.799475
1.51648
0.561196
2.58703
1.43928
1.10043
0.0823235
0.702983
0.256782
1.29463
1.13029
0.883758
0.460869
0.783706
1.05648
0.367942
0.741051
1.74628
0.750614
1.10889
1.3871
1.95654
0.0785061
0.102426
1.42084
1.68683
0.636847
0.63706
0.73074
1.6895
0.885153
0.674282
0.37355
1.01419
0.206106
2.46634
0.784543
1.31238
0.832185
0.190664
1.25925
0.510919
1.14404
0.720618
0.364812
1.15811
0.781637
0.518731
0.462746
1.43334
2.36065
1.29992
0.142549
0.368885
0.983271
0.82179
0.971766
1.01787
2.46991
0.485117
1.7867
1.18349
0.530536
0.855598
0.596933
0.40002
0.622548
0.713166
0.491734
0.412704
0.335917
0.69937
0.653077
1.13205
0.589872
0.765784
0.482451
0.376671
0.234199
1.57617
0.22029
1.53886
0.126633
0.641109
0.509547
0.495722
0.942244
2.93288
0.714779
1.25979
0.511796
2.77189
0.248786
2.76061
2.5283
0.946461
0.690566
1.42498
1.01291
0.976432
2.34734
0.455363
0.473882
0.625571
0.476648
1.32123
0.759346
0.313348
2.17736
0.918753
0.764196
0.240208
1.04859
1.36619
1.27702
1.36159
1.09904
0.770867
0.858231
0.856667
0.320712
1.52306
2.30928
2.17332
1.94235
2.17979
1.608
1.15425
0.409983
1.07832
1.015
0.596101
0.0803319
0.822928
1.31073
0.887727
0.0916152
0.885051
0.284606
0.92138
1.58677
0.965383
0.474021
1.40432
0.801108
0.938501
0.455968
2.00645
1.62159
1.31331
0.224332
1.78488
0.177383
0.221918
1.49958
0.473294
2.49898
3.30798
0.69687
0.980838
0.249183
1.11674
0.90827
0.429428
0.90891
0.825734
2.19872
1.11095
0.268716
1.1733
1.30969
0.261858
1.83413
0.546818
0.945306
1.36601
0.342756
0.140689
0.66637
1.79318
0.872852
0.159906
1.39522
0.211506
0.484365
0.829601
0.159031
1.28379
1.34111
1.99142
0.563496
0.334873
1.92295
2.59985
1.12288
0.571117
0.695906
1.48021
0.268976
0.842065
1.13672
1.2441
1.05662
0.933154
1.53757
0.624466
1.41976
0.953144
0.58562
0.742373
0.595118
1.12351
1.17655
1.41718
0.342087
0.640392
1.00708
1.21282
0.289449
1.54051
2.12777
1.55606
0.86976
0.970127
0.756637
2.49802
0.841405
0.663135
0.962193
0.453589
0.290436
0.977502
0.528924
1.5788
0.580119
1.82751
1.01489
0.653196
0.499402
1.24602
2.71452
0.34912
1.41
1.01091
3.80469
3.67569
0.551451
0.352496
1.47535
0.447853
0.909219
1.02859
0.784907
0.423038
1.84088
0.465296
2.39912
0.174129
0.191023
0.4704
0.587664
1.64158
1.19151
0.296555
1.51832
2.54048
2.34372
1.36393
1.8035
0.362574
0.752799
0.301518
1.06994
1.31116
1.07393
0.690307
0.865811
0.672987
3.25172
1.39241
0.858262
0.540951
0.470052
0.701924
0.320176
0.368602
2.42362
0.442752
2.22556
0.589942
1.75843
0.467954
1.6075
2.13324
0.8566
1.71805
0.930581
0.193935
0.181284
1.51097
1.65435
0.702528
1.19757
1.96005
3.05493
0.437707
2.66872
2.11514
1.53663
1.26732
0.390311
2.52703
0.756208
0.204877
0.55106
0.902897
1.8932
1.24444
0.804417
0.193822
1.3399
0.582991
1.59017
2.46006
0.482176
0.334224
0.532877
1.05724
1.5788
0.136731
0.765842
4.53368
0.989215
0.464518
1.07174
0.568009
2.98081
2.24284
1.07714
2.09976
0.739969
0.972894
1.24781
0.327802
1.46611
0.800129
0.514777
0.682002
1.86546
0.786884
0.582128
0.496335
1.44472
1.34781
1.17422
0.454816
0.527767
0.933389
0.268275
1.04891
0.349838
0.899707
0.480062
0.458372
0.390646
0.626036
1.39213
0.285965
2.05885
0.816489
2.56576
0.896168
0.961962
0.793327
0.216483
0.0754052
0.889
2.13396
2.36721
0.236326
0.514016
1.85165
1.33868
0.0632247
0.145984
1.79262
0.450113
0.465642
1.10013
0.571228
1.43417
1.53465
0.444694
0.210943
0.698072
0.658272
0.910042
0.385366
0.838299
1.96982
0.69974
1.36382
1.10263
1.09338
1.55563
1.01599
0.718591
0.294215
0.710938
1.79833
0.578212
0.348957
1.48636
1.83894
2.28317
1.25744
1.24831
1.14984
1.4091
0.361541
0.59129
0.478067
2.19872
1.15938
2.07107
0.964791
0.309864
1.20362
1.73371
0.623655
1.33176
0.547825
0.651637
1.71018
1.22559
0.315734
0.961482
1.32428
1.2844
2.78953
1.4419
2.52844
1.37974
0.534195
1.10699
0.671141
1.27788
1.5052
0.628331
1.01586
0.490211
2.38304
0.466928
0.341845
0.524841
2.54374
0.0625121
0.873223
0.301599
0.952468
0.598721
0.737371
0.872617
1.43495
0.644033
0.115294
0.328568
0.49431
0.649018
1.98175
0.502989
1.54378
1.53772
1.29238
0.760594
0.331069
1.81504
1.03334
1.1622
0.53511
1.07706
0.224164
0.568133
0.955258
1.07462
0.364931
2.04377
0.629951
1.8315
0.374816
3.06894
1.28796
0.256973
1.42069
1.32167
0.628396
0.472496
0.733776
0.329084
1.0174
0.645481
0.332713
0.878883
0.604596
0.327479
0.522305
0.589521
0.925677
2.36977
0.839298
0.53912
1.71474
0.163166
0.19733
0.44064
1.96512
0.627099
1.69656
0.967995
1.17875
0.866307
1.23621
1.20352
1.53993
0.649444
0.684194
1.05584
1.85103
0.788557
1.62856
1.50467
0.556614
0.364778
1.94959
0.418673
0.839235
0.358646
1.778
0.449535
0.423437
0.746181
0.345499
1.17442
0.381359
0.589677
0.427267
1.21225
0.22892
1.02983
0.516979
1.35756
0.221073
2.40726
1.88499
1.43444
2.12727
0.812274
1.70376
0.252797
0.938441
1.28117
0.0995146
0.490943
0.710343
1.20789
0.677339
2.03573
0.0949746
0.31497
0.50466
1.83237
0.764154
1.25626
1.13573
1.17816
0.383698
0.498965
1.68258
3.2698
2.7174
1.91718
0.145089
1.28348
0.0514938
1.12589
1.06499
1.98222
1.47044
1.22522
1.72168
0.252115
0.616702
0.196803
1.51578
0.608063
1.09714
0.925976
0.32686
0.791751
0.546709
0.353676
1.05339
1.26229
0.542831
0.79144
1.19586
0.717374
0.430246
1.29178
0.136522
0.839757
0.466409
1.06262
1.16765
1.48403
0.411301
1.24698
2.34432
2.38107
1.21656
2.25368
1.12592
0.966085
2.24217
0.69679
1.95217
0.251262
0.380406
1.08181
0.307898
0.575103
1.88066
0.0728931
0.712161
0.878949
1.18762
2.90985
1.13972
0.962949
0.641966
2.32655
1.87926
0.332633
0.813514
1.09145
2.39094
0.450573
0.522196
2.13422
0.457
1.51536
1.66825
1.45621
0.411936
1.89293
0.164168
2.41945
1.00652
1.41066
0.23372
0.755106
0.1695
0.801934
0.928867
0.595949
0.0821267
0.412672
0.309299
0.774626
2.37268
0.489246
1.01574
0.161109
0.299018
2.09549
1.34241
2.25209
1.04257
0.433892
0.541191
1.14881
1.27757
1.59272
2.75218
0.241291
0.676535
1.59752
0.407094
0.725557
0.954909
0.590838
0.365794
0.135565
0.551965
0.645982
0.683185
0.146459
0.185805
1.18812
2.21104
0.376793
0.279632
0.470468
0.290588
1.95572
1.07784
1.92084
0.801398
1.27903
0.798501
0.929914
1.0338
0.579942
2.10532
1.37265
0.798134
0.328283
1.53235
0.74455
0.586271
1.22761
0.0535363
2.16409
0.129865
0.755341
0.51574
0.859623
0.402623
0.583263
1.55864
0.769379
0.762785
0.848544
0.466019
1.02706
0.0996528
2.3502
0.863031
1.0178
0.518058
0.658786
1.16249
0.241817
0.522144
0.832763
0.621253
0.212841
0.96555
1.55508
1.19078
1.18634
0.492389
1.23143
0.736593
0.478537
0.793835
1.24664
1.19299
0.587812
2.80683
0.757597
0.887766
0.440233
0.671716
1.57889
0.819678
0.152295
0.189942
1.48802
0.829812
1.46217
1.44509
0.91666
0.275894
1.18056
1.18508
0.467242
0.765881
1.12435
2.5646
0.506334
1.01773
1.24802
0.612385
1.02501
0.86107
1.23157
0.57805
0.767177
1.05855
1.75163
0.117285
1.05302
1.82863
0.257662
0.191521
0.593781
0.37463
1.44085
0.989799
0.846108
0.883848
0.500614
1.31044
0.301197
0.50996
1.09362
1.97085
0.913554
1.25231
0.324734
0.209689
0.454147
0.461563
1.26749
1.79466
0.628775
0.67487
0.615442
0.163398
0.590385
0.82237
0.265859
0.28544
0.780126
0.717387
1.26292
0.648287
0.718293
1.27078
0.530387
3.85808
0.801963
0.852912
0.267012
0.57417
0.601353
1.44667
0.598354
0.813746
0.324275
0.113597
1.26304
0.940806
1.40535
0.807517
0.459248
0.701021
0.281596
2.0072
0.0758012
0.897196
0.699253
0.996039
0.214375
1.36241
0.360883
1.58069
2.02182
0.891717
0.346186
0.266919
0.853116
0.741832
0.218774
0.199849
0.621808
0.430492
0.490393
1.84845
0.985816
2.25307
0.559325
1.2884
1.68724
0.475899
2.80344
0.733568
0.597769
1.73736
3.09255
0.936359
0.524555
0.0589832
0.478171
0.806797
0.893543
0.202791
0.739718
0.445509
2.71319
1.30196
0.5237
0.262812
0.775458
0.291952
0.837421
1.45486
2.87396
1.27279
0.111645
0.475744
0.262878
0.554011
1.6539
0.329211
0.544679
0.407098
1.1064
0.680026
0.674119
0.767092
1.45045
2.80873
0.350506
1.76994
0.864563
1.82291
1.64738
0.888509
0.784939
1.69127
1.12118
0.525896
1.2311
0.789091
0.528941
0.700476
0.132542
0.408923
1.57242
0.951949
0.226213
0.255417
0.254477
1.73894
0.944562
2.69289
2.3018
1.09531
2.10539
1.34409
1.83885
1.01568
0.160548
0.862023
0.92514
0.981116
0.981628
0.817742
0.751759
2.51349
0.416785
0.406901
0.951418
0.310758
1.25705
0.515511
0.870138
0.60701
1.33549
0.710239
0.0730334
1.78986
1.27685
0.174995
0.588144
0.594711
0.0480952
2.44543
2.0729
0.622213
1.54264
1.39701
0.611252
2.09746
1.1298
0.0429027
2.95334
0.0983283
1.19232
0.80172
1.05825
0.73594
1.40786
1.61712
0.186485
1.20423
0.720635
1.33202
0.329514
0.867325
1.14394
0.784968
0.479043
0.901115
2.6837
2.18468
0.728608
0.827939
0.88195
1.63575
0.900541
0.50196
0.871586
2.45925
0.783409
0.786207
0.87232
2.54574
1.87829
1.08262
1.47368
0.986091
0.825675
0.38908
0.209398
1.77457
0.657837
1.38182
0.375104
1.53052
0.592686
0.274369
0.793071
1.20972
0.405442
0.385641
1.68744
1.29988
0.931769
0.520041
1.94133
0.15823
0.807739
3.87425
0.668936
1.90435
0.278763
1.06455
0.426549
0.821338
0.261048
1.06586
0.260494
0.419157
0.49246
0.335464
1.40834
1.85546
0.386834
0.734831
0.183308
0.38863
1.27462
0.168558
1.61736
0.115395
1.29161
0.724924
1.30552
1.23776
0.317221
1.17478
1.33919
1.81151
1.00601
0.680508
1.60472
0.85568
0.503458
0.860979
2.18192
0.896249
0.769887
1.47594
0.178808
2.36585
1.02007
2.2882
0.787268
3.49824
0.736647
0.603463
1.86239
0.553226
0.936779
0.425438
1.12697
0.865284
0.550459
1.44716
0.87376
0.285284
1.26611
0.738977
0.543543
1.79664
1.09303
3.18719
0.560998
1.79887
1.24183
1.2111
1.19235
0.35558
0.385333
0.952198
1.43891
0.495694
0.131874
1.91841
0.411559
1.79306
1.54659
3.19751
0.163299
0.579596
1.88012
1.79748
1.25509
0.320686
1.22315
0.563719
0.618334
0.918251
0.687965
1.25669
0.68183
1.9336
2.80184
0.445447
0.536567
1.31058
0.877894
0.519459
1.1526
0.337737
0.0613167
0.257187
1.53041
0.813248
0.123942
2.66773
0.692182
0.149463
0.775255
2.2564
1.07853
0.595381
0.38251
0.282545
1.39775
1.02907
0.784348
0.0827249
1.12125
3.41392
1.17047
0.451426
0.0860608
2.73722
0.342572
1.20294
0.319224
1.33728
0.217382
1.99937
0.41501
0.924394
0.163398
1.24506
0.943804
1.70397
1.60105
0.220821
0.313648
0.324097
0.734608
0.630471
0.276653
0.935262
0.324384
2.77706
0.901058
0.963432
0.360658
0.185
0.743464
0.697902
0.875042
0.499048
0.541224
0.963816
0.738366
0.653367
0.122011
0.087
0.234882
0.691652
1.05331
0.809235
0.460287
0.389979
0.682062
0.260167
2.50097
0.567696
1.04794
0.436542
1.65617
0.701099
0.63653
0.378661
1.42933
0.383532
0.64015
1.19902
0.663022
0.190594
1.44353
1.18569
3.89588
1.15451
0.632425
0.291997
1.66867
0.274435
0.727751
0.786212
1.12795
0.675981
1.28388
1.75704
0.526756
0.823652
2.65792
0.277002
0.402754
0.749632
0.726292
1.03979
0.479086
1.19701
1.45806
1.71025
1.41346
1.17745
1.81423
0.826913
0.622738
0.259854
0.415135
0.523489
2.56215
0.159405
1.99491
0.913411
0.494549
0.621408
1.94905
1.21566
0.767406
1.21371
0.0309263
1.26274
2.16394
1.12918
1.55966
0.611349
2.15454
1.74535
1.09262
0.815251
0.445979
2.43038
1.07418
1.0822
1.07471
1.49408
0.746711
1.22594
0.165076
0.0504892
1.37974
0.186389
2.66733
0.842497
0.369577
3.08588
0.609354
1.40281
0.871397
0.427004
0.927055
0.168375
0.80998
0.996161
0.280203
1.52852
0.422852
0.266629
0.294639
0.647224
1.9375
0.986873
1.65689
1.20922
0.0456167
0.812586
3.20126
2.50077
1.00641
1.72748
0.196764
0.745538
0.163034
1.33157
0.780427
0.339798
1.05514
0.568569
0.300949
0.807677
0.975346
1.07666
0.485514
0.704686
0.499685
0.708815
0.593457
1.93116
0.597149
1.55792
1.36731
1.0241
0.632252
1.27637
0.658977
1.40169
0.358639
0.732559
1.62704
0.42917
2.04531
1.27759
1.59894
0.273163
1.68623
0.622909
0.884709
0.802885
0.575716
0.334628
1.19414
0.204862
2.37731
0.0884807
1.16208
1.46616
0.901978
1.91609
1.78853
0.321307
1.8594
1.1544
0.216665
1.74596
0.631014
1.2972
1.04123
0.836371
1.65979
0.804855
0.828551
1.21365
0.187862
1.02547
0.787051
0.91495
1.97505
1.66713
0.815766
2.18474
0.408641
1.58657
1.56171
1.09395
0.706289
0.56729
1.17396
0.785229
2.01941
1.63874
1.0974
0.709252
1.21809
1.1117
0.955654
1.09693
1.10866
0.310187
1.05715
0.993833
0.155689
0.79969
0.739905
2.04433
1.32925
1.76508
1.16566
0.348158
0.303328
1.53467
0.512855
1.91807
1.00266
2.71291
0.903508
0.91451
2.65122
1.75032
1.18101
2.1876
1.44565
1.52904
0.81438
1.99962
0.548262
1.43805
1.5809
1.56136
0.813647
0.641599
0.860586
0.922585
1.22055
0.376525
0.965313
1.37339
0.363372
0.393973
0.800416
1.01149
2.08951
1.14447
0.698244
0.371635
0.153101
0.822065
0.661505
2.12426
0.745193
0.298438
0.536179
1.03883
0.756168
0.182415
0.219176
0.30018
0.405018
0.581001
0.676836
0.509633
0.120927
3.27523
0.308723
0.368253
0.938876
0.465158
1.23297
0.224258
0.122218
0.848679
0.947479
0.760445
3.09547
2.09817
2.33058
0.662323
1.93313
0.140654
0.259648
1.5463
1.91534
0.689996
0.553289
0.754324
1.23948
0.700291
2.00755
0.468866
0.928868
0.625617
1.4733
0.0477522
0.985032
2.18564
0.396206
0.694088
1.12267
1.06249
0.209396
2.70445
0.99335
0.564012
1.01693
1.62988
1.76045
0.863816
1.70873
1.07329
0.807734
1.87556
0.327857
1.70503
0.83895
0.318837
1.13538
0.386551
0.733025
1.08112
2.52056
1.46764
0.267438
0.208277
0.350512
0.973321
0.263912
1.24864
0.290627
2.38777
0.601431
1.45532
0.2183
0.854596
1.41542
1.03697
0.672935
0.546993
2.37995
2.11253
0.507174
1.16259
1.1566
0.734832
1.85411
1.74418
0.266629
0.613464
0.572832
0.616806
2.43663
0.191171
1.75067
0.679491
1.01604
0.655768
2.60554
0.312043
1.61198
1.3733
1.38221
1.35564
0.402089
1.57703
0.686669
0.442435
0.514911
0.216774
1.10414
0.342291
2.17049
1.47431
0.85372
1.21055
0.123553
0.660902
2.15902
1.30084
4.80385
0.339075
0.377521
1.33997
1.2369
1.3408
1.96343
1.30143
1.39715
0.45102
0.713121
1.35848
0.241957
0.425453
2.96454
0.922542
0.969383
0.810932
0.695838
0.392146
0.612086
1.48637
0.640816
1.07545
0.765533
0.185909
0.158484
0.883088
0.387994
0.488129
0.65671
1.9258
0.610139
1.37276
0.370514
0.961245
0.575362
0.480072
0.79141
0.63371
0.682908
1.35981
0.10511
2.70802
0.721771
0.0456401
0.251779
0.183835
1.67836
0.549518
0.545086
1.88264
1.65986
0.532148
0.234168
1.22911
1.33131
0.970932
0.447725
1.21276
0.179198
1.38674
1.24844
0.292829
0.763081
0.862645
1.21152
0.732881
0.407409
0.441966
0.439803
0.517246
0.211174
0.608618
1.35464
0.45301
0.20439
0.328356
1.36309
0.247864
1.07637
1.50529
0.561365
0.875738
1.82134
1.01676
0.196435
1.7239
1.48695
0.875212
0.386346
0.744668
0.360091
0.934399
0.910171
1.02024
3.15136
1.57006
1.97662
1.5127
0.759793
0.915452
0.733036
0.539131
0.252781
2.29813
0.0941233
0.684773
1.60665
0.212918
0.21834
2.22905
1.84029
0.641568
1.23818
0.093256
0.348344
0.672622
1.02774
0.214629
0.684273
1.48277
0.105717
0.2666
0.570281
1.05579
0.241396
0.157818
0.523146
0.228719
0.19387
1.35395
0.943297
0.591932
1.14364
0.226114
1.44483
2.48583
2.49487
1.62298
0.128183
1.27618
0.996467
0.312796
0.759996
1.80354
0.868567
0.576251
0.21624
0.598027
1.04034
0.233899
3.31352
0.755731
2.98724
0.755168
0.922636
0.471058
0.0868594
0.257355
3.18679
0.651674
0.611436
1.03272
0.472683
2.43241
2.61406
1.07739
0.388708
0.697917
0.300166
1.72139
0.338474
0.916222
0.338355
1.51736
0.673707
0.353796
0.732533
0.398226
1.41039
0.642351
0.199233
0.396339
0.855961
1.16032
1.35302
0.677649
0.965345
1.4194
0.414969
0.164249
1.22148
0.868424
0.785949
0.706093
0.657931
0.592491
0.22008
1.56114
0.798956
0.08465
0.716592
1.37084
0.8851
0.697386
0.0235818
0.67011
0.30609
3.22133
0.251093
0.296957
1.76851
0.850545
1.01575
1.0287
0.454447
0.554621
0.861915
1.10953
0.836577
0.330824
0.681354
1.40764
1.96438
0.515965
1.57276
0.692642
1.73683
3.58103
1.93831
1.25228
0.517729
0.706692
1.02679
1.84313
1.04242
3.46044
1.46175
0.870611
0.885812
2.62406
1.91225
0.99033
0.316382
0.297026
0.461503
0.720957
0.29966
1.66296
1.6889
0.449675
0.428273
1.75338
1.66606
1.00779
0.32036
1.07467
1.4073
0.242506
1.49175
0.0648607
1.33403
0.802639
0.0493072
0.969794
1.10513
0.570085
0.380683
1.67858
0.579095
0.617355
0.756312
0.875017
1.1685
0.197394
1.39575
0.751904
0.292964
2.07972
4.04444
0.651874
0.775973
2.86252
0.698135
2.27108
1.39677
0.600386
1.54544
0.682478
0.59224
0.505927
0.883926
1.50577
0.27584
0.407537
0.390841
0.650947
2.38114
2.62659
1.79855
0.310943
1.45395
1.99038
0.889021
1.81525
0.736225
0.538158
1.46544
0.401228
0.861529
1.20158
0.22227
0.883207
1.18817
1.98781
0.0138384
0.0496234
1.26526
2.62535
0.991469
0.452201
0.36737
1.97064
0.21881
1.18651
0.321014
0.284178
0.664025
0.646883
0.0327237
2.21671
1.16679
1.02903
0.959598
0.630298
0.855623
0.660606
0.751303
0.626408
1.52268
0.422401
0.384439
1.51816
3.79322
0.212115
0.457716
1.40336
0.286385
0.209159
0.56216
2.01941
0.248065
0.495635
0.255386
0.739818
0.35955
1.82022
0.572429
0.309163
0.531163
0.913696
0.62418
0.36499
2.23039
2.59505
0.557654
0.532635
0.301899
0.962253
1.22228
1.85727
0.59455
0.806942
0.719142
0.386509
0.52549
2.56435
1.88034
0.821278
0.793725
0.391178
1.30407
0.392374
3.97665
0.470899
2.09141
0.826082
0.36107
0.222892
1.07718
0.223642
0.387391
0.323973
0.777812
0.543345
1.65417
0.752638
0.58904
1.36563
0.387944
0.344302
0.37293
0.195554
0.281006
0.613218
0.521346
1.29066
0.680248
1.20637
0.76041
0.88207
0.0485045
1.33164
1.76644
1.94551
0.830451
0.887928
0.577378
1.10393
0.196196
3.66943
1.68933
1.25521
0.710653
0.208011
0.622293
1.89041
0.669389
4.1834
0.0882149
0.419232
0.110835
0.301852
0.673729
1.27842
0.57581
2.86024
1.58285
0.422246
0.678437
0.498229
1.13396
1.3585
1.40662
0.876199
1.41808
0.662428
0.871014
2.24131
0.401608
0.543783
0.688299
1.5433
0.958683
0.471863
1.13612
0.161679
1.82422
0.937006
1.88219
1.83386
0.610363
0.605373
1.19623
0.242878
2.92186
0.247809
2.05235
0.358718
1.12062
1.21936
0.723835
1.91428
0.534663
1.15525
0.185087
1.79013
1.1986
0.884408
1.01908
2.12236
0.36895
0.0552562
1.71389
0.774196
0.554457
2.59088
0.197571
2.21768
1.59543
1.33868
0.600776
1.22319
0.247526
2.24306
1.4524
1.35688
1.66912
0.405146
1.46218
0.168427
0.661143
0.503449
1.52301
0.218698
0.361803
0.0709416
0.522227
1.07051
0.423856
0.363102
1.41734
0.578356
0.433463
1.22595
2.0667
0.486089
2.41352
1.316
1.62988
0.349375
1.83616
1.13442
0.986931
1.02611
0.51473
0.735542
0.957725
0.460023
0.195068
0.670556
0.31488
0.896779
1.01275
1.14928
1.41618
0.747188
2.25935
0.498728
0.0437451
2.94804
2.3147
1.59862
1.36648
1.40501
1.60485
0.191785
1.07149
1.07223
1.21618
1.12048
2.01028
0.425367
1.40165
0.0723129
1.58454
0.0721427
0.773113
1.17299
0.073669
1.86931
0.212257
2.26378
0.717127
0.141923
0.287738
1.09632
1.24699
0.425655
1.00409
0.758646
0.274979
0.490031
0.624779
1.7919
0.899509
0.895127
3.41968
0.612772
0.553193
0.11889
0.3043
1.34483
0.212422
0.581798
0.529869
0.445445
0.248235
0.762032
0.447479
0.360077
0.202328
1.0217
2.09046
0.704123
4.87766
0.775116
0.994728
0.334121
0.904422
0.58805
1.10942
0.582383
1.2604
0.752279
0.191171
1.73367
0.611719
0.647181
0.911783
1.07201
0.349821
0.962717
0.333216
1.91486
0.960955
1.42733
1.55648
1.13341
0.390341
1.54828
2.31667
0.534774
0.487779
0.487706
0.832054
1.97967
0.651487
0.403986
2.9542
0.661516
2.72734
2.63123
1.06282
0.907416
0.0960259
0.252889
1.84498
0.395564
0.52033
1.63141
1.33154
0.86626
0.622642
0.763349
2.87976
0.894116
0.537783
0.471655
1.13846
0.475847
0.44433
1.14558
1.04873
0.565361
1.14302
0.423237
0.434761
1.10406
0.988082
0.260502
0.705085
0.833653
2.64696
1.41104
1.07878
0.866815
0.2907
0.646988
0.414149
0.267997
1.77237
0.53025
0.859901
1.32077
1.30302
1.76389
0.455426
0.720284
1.46334
1.63339
1.58269
0.154084
0.491799
1.85321
1.23233
0.15282
0.729055
1.06701
0.577816
0.862087
0.76276
1.08981
1.99262
0.544642
0.393397
1.66678
1.5348
0.92116
1.2977
1.30864
1.40463
1.26217
0.414766
1.5984
1.04034
1.10363
0.58397
3.69898
0.23341
0.213488
1.00921
1.94107
1.2598
0.76309
0.996226
0.715479
0.71536
1.12593
0.983296
1.90672
0.985442
0.222634
0.860812
0.172207
1.05752
2.11634
0.73856
0.545066
1.10176
1.84314
1.44509
0.634424
0.605348
0.325319
0.553968
1.00003
1.16476
0.802078
2.03541
0.613286
1.58029
0.691869
0.37914
0.368732
0.585219
1.60598
1.41823
0.867893
0.850407
0.565151
1.97973
0.99553
0.677392
1.85816
0.219387
1.27502
0.367488
0.536683
1.96911
0.668026
1.8622
1.45362
0.759572
1.41274
0.401708
0.906424
0.515735
1.33335
0.538219
0.284091
0.570516
0.193553
2.17289
0.690851
0.432291
3.19548
0.62884
0.46336
0.962547
1.6975
0.379847
0.533665
0.991472
1.02385
2.56027
0.197202
0.73681
0.529298
0.246134
0.369794
1.98403
0.79728
1.66641
1.90225
0.776826
1.58231
0.983578
1.60608
0.620301
0.936647
0.864369
0.916202
0.422955
0.516546
0.15235
2.18162
0.315267
0.334643
2.03989
0.645789
2.03185
1.10808
0.350456
0.328852
0.736684
0.657238
0.190738
1.00271
2.55414
2.39276
0.471706
0.767443
0.49048
0.631864
0.307095
0.971121
0.959082
1.04625
1.4177
1.50181
0.694114
0.724234
0.38198
1.2729
0.172817
3.02377
0.787262
1.30782
0.672507
0.37886
0.411468
1.56379
0.379489
0.83994
1.2126
0.941455
0.611132
2.47742
0.149026
0.22266
1.37635
1.71862
0.195442
3.19581
0.919331
0.437015
0.56211
0.733483
0.519966
0.772137
1.6391
0.389275
0.296704
0.518233
0.272308
1.18923
0.639551
2.22466
2.33265
1.96303
2.01399
1.45602
0.936048
0.139899
0.799896
2.27828
0.754601
0.195494
1.12343
0.85461
3.46012
1.53237
0.451217
0.895052
0.574882
0.770936
0.579524
0.473074
2.46374
0.531533
1.33486
0.445668
0.986141
1.32143
1.49393
0.692712
1.51134
2.27521
1.09882
0.908176
1.34775
0.965678
2.26668
0.808692
0.0859355
0.160355
0.335832
1.26079
0.808759
1.68135
2.48345
0.71601
0.0879112
1.4831
0.839201
2.31008
0.68401
0.464435
1.96338
1.25793
1.51614
0.448591
2.0444
3.09621
1.29313
0.73496
1.11964
0.58332
3.18919
0.562628
1.07339
0.182967
0.65684
2.14162
1.1258
0.804824
1.01211
3.39416
1.86908
0.948925
1.06954
0.342091
1.22529
1.03012
0.167715
1.32885
3.98884
1.83794
1.63295
1.23093
1.12851
0.21184
1.32393
1.02101
1.39113
0.205459
0.303118
0.41649
1.19293
0.291874
0.097502
0.0938989
0.558798
3.54888
0.844583
0.178063
1.12946
0.684974
0.807326
1.28901
1.57678
0.486246
2.11654
1.96979
0.428383
0.360851
0.990332
0.320027
0.492033
0.599377
0.991665
1.61996
0.44144
0.837554
0.433419
4.06433
0.353393
0.345415
1.54929
1.46968
0.742189
1.58641
0.366429
0.606152
1.35514
1.4874
2.51806
1.50764
0.710642
0.656982
0.641752
0.630127
0.853452
0.781159
1.57362
0.578594
0.964159
1.0792
1.54229
0.749422
0.270692
1.65695
0.841426
1.78635
0.613026
0.414769
0.419362
0.561136
0.305713
0.345809
3.14026
2.51655
0.469165
0.982849
1.8314
0.923737
0.625625
0.239146
1.02262
0.800063
0.581632
0.87798
1.16561
0.488141
0.239597
0.342909
1.21546
0.96974
1.77454
0.435478
0.844991
0.74253
0.442781
0.650744
1.02845
1.64586
0.421635
1.04255
2.63129
1.85009
1.29999
3.04544
1.5405
0.245948
0.963884
0.575057
1.13187
1.24509
1.04789
0.696251
0.573064
0.985262
0.859941
0.847015
0.275955
1.86245
2.32556
1.17883
0.818752
1.63185
0.750812
0.340563
0.721963
1.05089
0.761592
3.57554
0.363547
0.570184
0.693274
0.56597
0.631688
0.672019
1.61571
1.65205
1.52024
0.431216
0.127834
0.82624
0.865907
2.48732
1.30277
0.255785
0.508251
2.36701
0.325022
1.23236
0.69513
1.37025
0.297568
0.767674
1.04809
1.48308
0.769448
0.332423
0.485236
1.56476
0.474114
0.36083
0.645187
0.761933
1.16915
0.593642
1.38107
1.81973
0.63468
1.52236
0.255257
1.32172
1.60068
1.85632
0.221545
0.615658
2.55633
0.255689
0.51417
0.285924
1.6124
0.358608
0.0764943
1.60552
0.580626
0.449641
0.15637
0.85847
1.20725
2.38931
1.39209
1.10658
0.554108
1.0556
2.84078
1.31596
1.81827
0.623694
0.283526
0.322156
1.04253
1.80324
0.753969
1.51843
0.785158
0.973426
0.795652
1.42352
2.6725
0.76462
2.07835
0.691359
0.585868
0.705219
0.414807
0.72687
0.295261
0.786778
1.24858
1.52419
0.559691
0.654734
1.38993
0.879301
1.54068
0.340896
1.23362
0.2707
2.11994
0.0489516
1.01101
0.259543
2.54685
0.14333
2.34557
0.528455
0.753663
0.794807
0.601014
0.888131
0.953406
0.715223
0.596106
0.48162
1.40208
0.303508
0.839645
0.704216
1.12805
1.77593
0.271969
0.0723862
1.16257
2.49655
0.399652
0.891484
0.746033
3.44994
0.395295
0.297508
1.29528
0.266318
1.47712
0.17716
0.786147
0.141206
0.789542
0.705983
0.176271
1.12184
1.1845
0.540932
0.82591
2.43213
0.307738
2.94049
3.25212
0.420644
0.197577
0.785175
0.615467
0.826722
2.90184
1.22214
1.26059
0.601694
0.190632
0.278322
1.77722
2.0028
2.94889
0.157727
0.202072
1.06636
0.398016
0.389652
0.988702
1.07604
1.35941
0.756313
2.41408
0.331642
0.684578
0.765168
0.477862
1.74816
1.07569
1.08821
1.05506
0.492547
0.439404
0.633083
0.0509806
0.871819
1.45269
0.944508
0.747546
0.996716
0.660672
1.81783
0.582304
1.78654
2.0104
1.24551
1.06759
0.429136
0.304647
0.886713
0.304018
0.675841
0.249186
0.81559
0.185684
0.414227
0.3971
0.635992
0.41625
0.418435
0.365644
0.982769
1.54509
0.828005
0.142787
2.10203
0.714262
0.138909
2.5121
1.60399
0.451511
1.26811
0.180557
0.0510946
1.96931
1.5653
3.45097
1.98858
0.554712
0.872081
0.78421
0.280288
1.39278
1.17169
0.278756
1.0614
0.823463
1.77852
1.03281
1.06717
1.41012
1.52922
2.02549
1.17406
0.597238
0.716265
0.859725
1.99028
0.287835
0.950951
0.580497
0.104323
2.10061
0.462221
0.421932
0.225461
2.03579
1.18322
0.825269
0.386313
0.31242
1.99036
1.23294
0.992885
1.70579
0.0436323
1.14528
1.1365
0.760267
0.913621
1.50856
0.899611
0.75461
2.19344
1.94793
0.390193
0.377449
0.302341
1.50534
0.895808
2.35234
0.923227
0.851314
0.414296
1.6253
1.05055
1.17645
2.00019
0.77889
0.259886
0.88763
1.05524
0.27115
0.557845
1.68783
1.95251
1.41392
0.813802
0.946847
0.299299
0.206261
0.498697
0.557953
1.13938
0.274681
0.837623
0.653056
0.943023
0.2477
0.349009
0.779668
0.216143
0.280156
1.02648
2.02056
0.469511
0.608687
1.0066
0.616641
1.09515
1.62138
1.16014
0.75016
0.414406
0.619647
1.756
0.911646
0.247501
0.460086
0.741578
0.0219052
1.32538
0.987967
2.51903
3.08744
1.04389
0.871094
1.2362
1.24467
0.387229
1.22859
1.48485
2.06311
0.543384
0.167002
0.296259
0.438448
0.353989
0.977185
0.1815
0.49076
0.755727
0.501182
3.23315
0.653801
1.9228
0.306605
0.0943776
0.991737
0.950037
0.454718
0.862247
1.50474
0.508143
0.919163
0.860669
0.467457
3.28751
0.57415
2.01763
0.552573
1.18272
1.81092
0.803863
1.66351
0.950125
0.855368
0.404092
0.851171
1.91435
0.684097
0.700398
0.583714
1.97479
0.256458
0.290414
1.18008
1.01941
0.529785
1.61669
0.525467
0.483337
0.434307
0.174471
0.188618
0.334528
1.55801
0.612723
0.429339
0.662929
0.650958
1.56073
1.72199
0.623518
0.446399
1.22649
0.476464
0.385165
1.24253
2.43595
0.0911014
0.717331
2.06249
0.804781
0.958871
0.363627
0.531247
0.652871
0.503229
1.54486
1.68075
0.608205
0.586515
2.15441
0.943848
0.357767
1.09483
3.08203
0.613706
1.92605
1.15422
1.44499
0.277833
1.77382
0.205385
0.193654
1.22253
0.869476
0.391202
0.892853
0.194219
1.07632
0.563419
1.2266
1.43766
0.157677
1.2588
0.24192
0.418479
0.181758
0.900734
1.76312
3.7823
1.92741
0.512755
0.681713
3.15332
2.42359
0.178629
0.202689
0.70518
0.573519
2.04207
0.493988
2.43798
0.390129
0.858734
0.353874
0.684767
0.234493
0.462405
0.393328
0.799369
1.90381
2.06959
0.587221
0.584356
1.72489
1.06672
1.86214
1.73293
0.789786
1.16265
0.722398
3.0335
1.31171
1.12631
0.899297
1.05606
0.143846
1.36899
1.11112
1.03783
0.155835
1.44859
0.335972
0.763642
1.0578
1.6558
0.942627
0.619495
1.38136
2.05562
1.49388
0.829549
1.20442
0.270808
0.938362
0.222579
3.07972
0.666392
1.51875
0.32036
1.19102
0.289123
0.347741
2.49001
1.27784
0.866951
0.265513
1.44795
2.49045
0.320401
2.64003
1.00617
0.151748
1.06299
0.765982
0.222188
1.99224
3.55486
0.46869
0.755888
2.06347
1.2948
2.19532
0.408728
0.269032
0.0646124
0.0775804
1.30207
2.18669
0.881505
0.884143
1.50142
0.722471
0.990114
1.00895
1.35856
1.62941
1.28291
0.15669
0.647673
1.14405
0.791461
0.553085
0.728555
1.17524
0.78167
0.788197
1.90253
1.06308
0.397832
1.8429
2.93642
0.17961
1.21217
2.48189
1.19004
0.778897
1.65298
0.145773
0.572955
0.236099
1.80224
0.201338
0.504648
1.61197
0.50341
0.417892
1.42774
0.591871
2.92112
1.87092
3.05193
0.050125
0.599948
0.63707
0.200757
0.282666
1.37622
0.07819
1.25936
0.407959
0.356559
0.72582
0.582749
1.21348
0.962295
0.355832
0.289367
1.19905
0.541727
0.496646
0.210099
4.15456
0.104586
0.898118
0.312792
0.346816
2.84368
0.11975
0.0315396
1.76199
0.744154
1.78302
1.05313
0.12267
0.483069
0.473934
3.75049
1.04993
0.791226
0.220689
2.26934
1.9476
0.624164
1.79969
0.938926
1.78344
0.222655
1.90107
0.461034
0.338791
1.32115
1.26115
0.895944
0.353821
1.23551
0.211899
0.264405
0.552222
2.14072
1.45905
0.840339
0.208
1.70413
1.69718
0.936675
0.198872
1.00742
0.627415
0.566069
1.01542
0.418374
0.338919
1.22138
1.69224
0.358052
1.15237
0.599511
0.556507
0.392753
0.790349
0.838515
1.05101
0.941043
0.281004
0.449658
0.679374
2.50646
0.510258
0.0684252
0.639774
1.11267
0.755626
0.375205
1.86462
1.5577
0.659611
0.604296
0.864013
1.68848
1.11501
0.652874
0.432919
1.34661
0.270617
2.58849
0.927928
0.468917
0.304431
1.28519
0.903168
0.780629
0.695005
0.181897
0.549853
0.403587
0.30652
0.531527
0.17613
0.807524
1.20836
0.263807
0.526839
0.671607
1.1065
0.865135
0.804836
0.32433
0.511959
0.106129
0.350506
0.441046
0.450877
0.183932
1.11901
0.649243
1.51081
0.365416
1.0748
1.69145
1.90972
0.196241
0.818627
0.117529
0.645706
2.68434
1.44633
0.660896
2.19352
0.811625
0.664128
2.15054
1.43538
0.757277
0.697772
0.708681
1.48932
0.76918
1.43771
1.47053
2.3185
1.55262
0.56392
0.391915
0.135699
1.69355
1.63873
1.37288
0.694387
0.568509
0.471726
0.291352
2.72577
0.724595
0.365736
1.4186
2.59241
0.159397
0.554829
0.857766
1.54948
0.904133
1.06794
0.508028
1.45139
0.458079
1.7702
1.4696
0.325971
0.382191
1.27263
0.790885
0.526606
0.284782
0.701319
1.6996
1.37313
3.32892
0.330704
0.992513
1.19864
0.0898966
0.298258
0.888427
0.645812
0.496537
0.775601
0.452103
0.512297
1.04554
0.447927
0.773228
0.716876
0.480351
0.732627
1.22392
1.02034
0.126635
0.343509
1.9829
1.17746
0.754309
0.776881
1.13309
0.041787
1.65256
0.757412
2.20065
0.20069
1.33074
0.892942
0.719046
0.560755
2.63089
1.03676
1.38482
1.35299
0.907642
1.02772
0.920478
0.715703
0.917309
1.20046
2.1363
0.600195
1.65722
0.317925
0.186151
1.09325
0.99867
0.433286
2.67126
1.72258
0.763847
0.116741
1.661
2.35165
1.73249
1.06793
0.576874
0.466943
2.0606
1.36659
1.28071
0.691432
1.01007
0.883847
1.83006
0.703488
4.15019
0.228771
0.254816
0.463841
2.08329
0.626299
2.03764
0.480652
0.90193
2.63101
0.636263
0.153992
3.23039
0.320647
0.921838
1.27068
1.26992
0.392123
1.00838
0.65535
0.696521
0.87876
1.05845
1.06654
0.224729
0.155936
0.955766
0.473792
1.05024
1.26193
0.161851
0.353603
0.741809
3.47856
0.490864
0.670181
0.319641
1.14727
0.971973
0.887132
0.134385
0.216917
1.22891
0.399969
1.72397
1.69686
0.482067
1.57369
1.8873
0.418039
1.62451
1.39204
0.273801
0.625041
0.3941
2.1425
0.841023
0.923076
1.50864
1.63365
0.430927
0.308877
0.781341
1.20758
0.391011
1.14208
0.760271
0.3368
4.63388
0.446202
0.859159
2.0895
2.18244
1.37541
1.56403
0.481297
0.664866
1.51524
0.562557
0.387639
1.26297
1.01193
2.10093
0.36457
1.19678
0.10356
0.534925
1.46294
1.37811
0.567227
0.138306
0.617013
2.55353
0.789044
1.13454
0.818669
0.565001
0.32922
1.25846
0.221468
1.41483
1.64029
0.196202
0.298026
0.803141
0.0813738
0.712217
0.567018
0.884254
0.699859
0.596923
0.603742
1.63151
2.65738
1.50741
0.702625
0.583643
0.664087
0.61837
0.119484
0.430987
0.922292
0.690452
1.06755
1.15549
0.845364
1.34428
1.4469
1.10352
0.597743
1.19898
0.773586
1.0291
0.935087
2.00781
0.555892
0.939886
0.667727
0.524054
0.125242
1.08643
1.0463
0.430832
0.97829
0.582109
1.45553
1.7566
1.63731
0.833046
1.19135
0.15522
0.88253
2.22702
1.35126
1.16673
0.890233
0.148838
1.92338
0.334806
0.174686
0.737556
0.224061
0.47995
0.226267
0.851933
0.534561
0.814872
0.72276
1.47932
0.85957
1.14425
0.883041
1.10573
0.655115
1.25543
0.594631
0.14396
1.00239
0.375729
1.14901
1.08603
1.06394
1.7278
0.897475
1.60808
0.828614
0.746395
0.633488
0.0141749
0.752278
1.33754
1.35329
0.978858
0.382068
0.13636
1.73707
0.114102
0.710689
1.02739
0.685873
0.349529
1.21588
1.03102
1.48518
0.888504
1.02847
0.475321
1.45265
0.135115
0.133153
0.0545237
0.984234
0.422743
1.276
0.630232
1.09223
0.464524
1.07417
1.06673
1.54365
0.280688
2.32994
0.813943
0.804652
3.05374
0.343919
0.61439
1.05523
1.16552
0.458055
0.745306
0.25666
0.40394
0.99525
0.780965
1.51194
0.98576
0.164287
0.879249
0.196196
1.16585
0.967667
0.569341
0.694186
1.63776
0.751911
0.327966
0.736839
1.06523
0.92064
1.81003
0.935917
0.343406
0.073348
1.92601
1.42949
1.14914
1.10498
1.42044
0.97659
2.74543
0.71209
2.11422
1.81999
1.28652
0.193031
1.07297
1.22959
1.65661
1.73156
0.93482
1.54919
1.16916
0.53498
0.599912
0.853657
1.10454
0.688492
1.49738
0.253671
1.13066
0.465255
0.538303
0.620271
0.248824
2.14999
2.02429
0.500816
1.59352
0.301121
1.4048
0.420067
2.88082
1.21049
1.41434
1.31075
0.572317
0.763393
0.50008
0.222902
0.541164
0.620613
2.12674
2.36566
1.09996
0.723982
0.391633
1.01842
0.189711
0.361872
0.670622
1.87187
1.16081
0.262028
0.80625
1.07399
0.737188
1.31705
0.242504
1.16284
2.19589
0.695684
0.612963
0.638362
1.9964
1.32715
0.458279
0.280456
1.39123
0.197636
1.08547
1.77175
0.152543
1.03497
0.164582
1.06084
2.62314
0.192585
0.734196
0.5915
1.91357
1.94479
0.828191
1.01243
1.46071
1.09089
2.26485
1.30033
1.21245
0.685759
0.399458
0.601818
0.267802
0.987247
0.621221
0.642088
1.54939
0.579616
1.57389
0.0177016
0.849058
0.23943
0.891301
0.889906
0.560735
0.315278
0.465838
0.107437
0.4249
1.78276
0.908993
1.69545
0.505535
0.345572
0.887834
1.97542
1.64993
1.58776
2.56251
0.609584
0.579087
0.534372
0.412184
1.86789
0.979992
0.847303
2.70429
0.196659
1.44518
0.216246
2.98042
0.691982
1.4347
1.62914
0.865525
2.98056
0.538773
0.0696693
0.833232
1.02875
0.569757
1.76663
0.968695
1.77137
1.30517
0.193514
0.83855
2.93224
1.16773
0.25546
3.3944
0.218969
1.15252
0.450786
0.982286
0.449635
0.444069
0.569732
0.306743
0.594238
2.30795
0.726585
0.872443
1.28488
1.42677
0.0792095
0.882608
0.383587
0.379767
0.843782
0.568873
0.446287
2.35423
0.186866
0.34513
1.57426
0.780987
1.35927
1.39523
0.270887
3.47998
2.73318
0.552865
0.242404
1.00852
1.88909
0.383169
0.0678339
0.69393
0.129415
1.17921
1.04968
1.06806
0.499709
1.30462
0.218712
0.255286
1.50355
0.678373
0.690803
2.29706
0.561236
1.62273
2.52017
1.27632
0.271444
0.30339
1.40336
2.95045
3.19173
0.883482
2.28914
1.34546
0.707861
1.23114
0.0617655
1.61631
0.209859
1.53258
0.73025
1.1304
0.634851
1.09656
0.467218
0.717691
0.704795
1.12236
2.34657
1.47409
0.771495
0.698512
0.605641
1.07109
1.0517
1.10515
1.09379
0.222838
1.33019
1.27318
0.197582
0.518958
0.403485
0.48949
0.191796
0.820809
0.537958
2.47079
0.624759
0.602231
0.913706
0.138834
0.206537
0.298892
0.766136
0.205723
0.401355
0.15033
2.78629
1.22308
0.297273
0.414623
0.127573
0.539241
2.48858
1.86179
1.4593
2.02516
0.628653
0.355216
1.33153
0.666811
0.843343
0.164403
1.23514
1.44121
1.26236
0.636878
0.474132
1.59226
1.41759
2.03746
0.294124
0.264259
0.254085
1.38209
0.61984
1.04681
0.800909
0.88739
1.4776
0.663574
0.998877
0.416662
0.167102
1.01954
0.641257
0.151652
1.8313
0.760444
0.687215
0.442503
1.89336
3.1273
0.0700509
1.13055
2.13836
0.589717
0.719951
0.369076
0.7458
0.744496
0.234983
0.736607
1.34743
1.03842
1.28872
1.03104
0.699221
0.169206
0.905789
0.656912
1.57245
0.248141
2.17843
0.723689
0.563007
1.33255
1.21473
0.826916
1.39108
0.362303
0.331705
1.87492
0.892228
1.70882
0.436877
0.391036
0.577825
0.702179
0.339946
0.425027
1.3546
0.702872
0.916311
1.6458
3.34543
2.22121
0.662141
0.278374
0.422621
0.510872
0.787579
0.428953
0.994632
0.264865
0.32078
0.40188
0.198763
1.27452
0.052126
1.54844
0.936652
0.525704
0.436921
1.15215
0.39511
1.39487
1.073
0.591614
0.981193
0.139664
0.399169
1.75497
0.332825
0.67293
0.226208
2.43173
1.37255
0.245714
0.581099
0.610954
0.528366
0.884603
0.43166
0.370659
2.83075
0.767377
0.155326
0.654677
1.70846
0.530951
0.130449
0.353114
0.354627
0.727338
1.34445
0.222837
0.239425
3.09194
2.36662
3.63217
2.67145
0.29142
2.19825
0.240663
0.207373
0.892032
0.598435
0.818525
1.10771
0.541097
0.633504
1.30189
1.14121
0.79561
0.982993
1.11776
0.694512
1.12169
1.2212
1.67806
1.03283
0.380303
0.675775
1.47118
0.410765
0.834197
1.9936
2.94172
2.52147
1.37212
1.47932
1.87523
0.507296
0.601567
0.344091
2.15215
0.683406
0.866165
0.0840814
0.384328
0.669654
0.385333
1.60177
0.399239
0.325016
0.330584
1.79378
2.69905
0.801901
0.395915
1.59131
1.29068
0.475671
0.850994
1.19874
1.80078
2.19686
1.09811
0.798799
0.45141
1.51166
0.438807
0.60273
1.31916
1.05459
0.281055
0.573517
0.17065
2.0737
0.892698
0.646015
0.186032
1.91302
1.10668
1.79337
0.35918
0.223123
0.913523
0.548765
1.50688
0.0719463
0.124973
1.89843
1.38546
0.809307
0.535356
0.930478
0.468428
0.562589
1.10737
1.92967
0.847175
0.253388
2.89233
0.716006
1.0262
0.181333
2.68278
0.94975
0.449377
0.525156
0.0767279
0.586049
0.630712
0.918156
1.13685
0.297195
1.43895
2.18742
1.09373
0.213046
0.142497
1.0859
1.26123
1.73548
1.05913
2.58425
0.422349
1.56725
0.672966
0.146803
1.13883
0.698625
0.188307
0.44887
0.652508
0.391387
1.73179
0.571076
0.736157
0.239305
0.329191
0.668286
0.247819
0.0795906
0.626711
1.95576
1.23981
0.313685
0.313033
0.998786
1.13205
0.899938
0.53659
0.53893
2.22732
1.75004
0.367438
0.507757
1.42538
1.87213
2.27382
1.36947
1.81684
0.589676
0.809932
2.11976
0.935965
0.643058
0.928602
0.609733
1.44185
0.823307
0.341214
0.611692
0.239812
2.12226
1.04321
0.795383
2.89489
1.59253
2.46398
0.984534
1.7046
0.499338
0.883718
1.9279
1.3441
0.673925
0.281344
0.64068
1.54403
0.987616
0.724547
0.311812
0.798072
0.260875
0.644001
0.844802
0.688603
2.88486
0.348987
0.872703
0.722063
1.82705
1.69529
1.46994
1.408
0.50963
0.496926
2.33583
0.17921
0.211334
4.38325
0.61602
1.96924
0.978371
0.620258
2.14124
0.392863
0.789479
2.80034
0.853705
0.400005
1.10394
1.31092
0.522024
0.875175
0.107409
1.45739
0.639051
0.898605
0.680729
0.347647
2.15841
0.46042
0.84644
0.593733
1.6173
0.338563
2.1438
0.429026
0.468651
0.934186
1.49767
0.620335
0.228065
1.33136
0.691605
0.277644
0.723766
1.37841
1.99537
1.01921
1.43691
0.411818
0.0784609
1.42338
0.241471
0.213924
0.147019
1.55083
1.1844
1.0728
0.260237
0.346636
0.555424
0.288656
1.04973
0.607151
0.633017
0.986979
0.568731
0.117479
1.78001
1.74916
1.64755
1.18906
0.901471
0.408335
0.201179
0.238584
1.00796
0.459763
1.62121
1.19278
0.983877
2.41546
1.8819
0.425607
0.322643
1.18821
0.879817
0.680247
0.237774
0.461142
1.11966
2.15059
2.4428
0.896187
1.95679
0.513608
2.66122
0.576781
1.71036
0.514418
0.561688
0.2
1.11484
0.467203
1.18404
0.0967703
1.06527
1.23013
2.3013
0.271201
0.743996
1.16755
1.28467
0.448319
0.367446
0.735234
1.42693
1.37616
1.79586
0.295936
0.43398
0.360811
1.72647
0.323146
0.743627
1.77793
0.635641
1.03129
0.939886
0.836867
0.298569
1.53686
0.746835
0.257737
1.63191
0.438235
1.24337
2.02713
2.40805
0.336545
1.81551
0.368179
0.35192
0.113111
0.637176
0.573945
0.673985
1.56114
2.53057
1.16645
0.689405
1.26109
0.846617
1.04562
0.865056
0.618872
0.115189
0.288488
0.43934
0.506051
0.918429
0.750763
0.129021
1.73232
1.35599
4.17432
0.58562
0.573342
1.2118
1.98475
0.982974
0.286933
1.9328
0.379494
1.54423
0.490052
0.699887
0.239247
0.971678
0.978431
0.594144
1.44339
0.302216
1.44236
0.741107
1.66866
1.33058
0.215809
1.17242
1.26257
2.03205
1.67112
0.588889
0.179745
3.3665
0.918303
1.78247
1.31621
1.71189
1.21163
1.51894
0.763671
1.47901
0.709354
0.658661
1.96981
2.42496
0.601326
0.593581
1.63326
0.209561
1.42468
0.807574
0.549975
0.242635
2.06604
0.295247
0.435975
0.750692
1.11861
1.64907
0.566362
0.805499
1.4948
0.546929
0.607628
0.667216
0.867924
1.16567
1.02013
1.49669
1.76484
1.11475
1.02262
0.611096
0.438082
0.350618
1.28577
1.8158
0.524337
0.740705
0.252785
1.34839
0.622953
0.258172
1.11422
1.0693
0.424149
0.746357
0.885429
0.149618
0.767327
0.730044
1.3582
0.267792
1.76494
0.168511
1.5118
0.435614
2.05781
0.395734
1.00463
0.894722
0.63297
0.53851
2.14394
0.137838
1.22843
0.594421
0.620381
0.5082
0.511103
1.40481
0.37809
1.2883
1.14829
3.48722
0.52835
0.976597
0.727255
1.42693
1.25426
0.540963
0.361579
0.715667
0.347475
0.528929
0.767284
1.06648
0.403117
0.493477
0.994212
0.427733
1.00264
1.34947
1.40636
1.68465
1.77079
1.12748
0.706088
0.893105
0.42159
1.08366
0.588836
0.482986
1.2719
0.676679
2.12403
0.211705
0.682487
0.993454
1.2016
1.1946
0.393782
0.306301
0.539173
0.932337
2.03088
1.93684
1.12071
0.7197
0.188964
0.413605
1.32224
2.06149
0.346784
0.0764242
1.66221
1.00675
0.888539
1.73836
0.170085
2.07166
0.886255
0.538568
0.326217
1.33919
1.43222
0.794466
2.4729
1.2648
0.331203
0.980692
0.510819
2.03275
1.33605
0.387135
0.789657
1.98508
0.724767
0.647442
1.02238
0.268383
0.518974
1.71203
0.558913
0.408659
2.61987
0.40621
0.787853
1.00688
0.172611
0.108667
1.42807
0.379549
0.658333
1.09377
3.86092
1.48846
0.164461
0.663906
0.651467
0.0608534
0.790352
0.984815
0.687534
0.461125
0.380463
1.27121
2.22617
1.94573
1.93821
0.36
0.584803
0.344599
0.0654602
0.730257
0.297074
1.22822
1.72251
1.30029
1.32484
0.779855
0.710521
0.165792
2.32265
1.05485
0.632511
0.474164
0.710077
1.06088
1.01207
0.970841
1.70652
0.680865
0.428308
1.76588
0.733405
1.12223
0.701847
1.0592
1.15777
2.65378
1.06553
0.833914
0.175645
1.53768
0.2693
1.43151
0.475113
1.09939
1.8249
0.997215
1.19194
0.725712
0.978757
0.468289
0.828345
0.351973
0.620671
0.761856
0.596574
3.3754
0.982344
0.567946
0.321927
0.586015
1.83577
1.22619
0.562642
1.82878
1.12277
0.907444
0.567147
0.650372
1.42815
2.83842
3.35449
0.247932
0.860187
0.880614
1.28988
0.705728
0.228729
0.584291
0.57695
2.88329
1.00052
1.0967
3.23091
2.24449
1.02102
0.268599
1.18109
0.487544
1.56015
0.73125
0.256182
0.480178
0.375055
0.379161
1.63015
1.35843
0.352423
0.986141
1.14938
0.85202
1.40055
1.51074
0.563101
1.31722
1.06046
3.78191
0.750522
0.915257
0.167486
2.20174
1.99432
0.715818
1.44945
0.702722
0.22453
2.85633
0.986206
0.456826
1.63389
1.5461
0.129921
0.440403
0.512317
0.142676
0.908871
3.2048
0.358879
1.52535
0.565647
0.725096
0.492187
1.14247
1.1446
0.419079
0.719745
0.465186
0.365594
0.566199
1.16389
0.648206
1.16638
0.655606
1.39148
0.404464
0.386346
0.859098
1.88154
0.51081
0.756202
1.1324
0.528421
0.865196
4.50905
0.714922
1.46081
0.865209
0.266207
0.716143
0.138531
0.599206
0.703632
1.03134
1.50735
0.975046
0.221646
0.862457
0.357691
0.924278
0.452496
1.11252
0.345052
0.836298
1.07262
0.738059
0.224532
1.12669
1.53313
0.774266
2.69348
0.463706
1.38555
0.545357
1.09133
0.24296
0.327234
1.00756
0.541088
0.615496
0.114534
0.525486
1.87307
1.31577
1.48652
2.87278
0.760971
1.78576
0.076464
1.18145
0.792017
1.57329
1.00494
1.57048
1.02546
0.771661
2.09155
0.295247
0.143051
1.5706
0.989524
1.50624
0.597157
0.345968
0.381206
1.39978
0.206268
1.67065
1.26272
0.614629
1.19746
1.08912
0.587546
0.550741
3.59426
0.14542
0.204953
0.167012
1.81736
0.775794
1.03409
0.811015
0.339493
1.18365
2.15871
0.987876
1.23955
0.324622
0.435176
0.48086
0.55104
0.548817
1.33167
0.835031
0.75627
0.55778
0.845349
2.72048
1.18787
0.618807
0.773647
0.430809
1.6092
1.72601
1.03528
2.55299
0.252478
0.825946
0.690194
1.06069
0.595708
0.408566
0.842296
2.31325
1.29951
1.37433
1.07809
1.50741
1.41048
1.87034
0.91472
0.315966
0.409044
0.506853
0.354052
0.604183
0.677092
0.237674
1.5008
0.763301
0.745319
0.884273
0.472163
1.72745
0.887171
0.916156
0.513629
0.540602
0.628285
0.671421
0.657268
2.13323
0.324245
0.347371
1.06336
0.2533
0.124059
0.606521
1.14424
0.920755
0.588128
2.85004
1.09511
1.80187
1.40136
0.0158678
0.36517
0.646803
0.80361
0.104801
1.43433
0.178966
1.39621
2.26382
0.813863
1.43575
1.49294
0.750943
1.29813
1.58016
0.462985
0.599011
0.536314
1.42771
0.786862
0.267249
0.441801
1.08484
1.29502
0.146107
0.453721
1.3225
2.94442
2.27653
1.51671
0.625427
0.225894
0.500657
0.829086
0.159903
0.68512
0.580463
0.590978
1.17919
0.464467
1.03071
1.65703
0.7046
0.154116
0.508836
0.261744
2.73785
0.236452
1.0844
0.737487
2.12366
1.06777
0.522325
1.2388
2.05042
0.921799
0.426979
1.34825
1.00819
0.473862
1.19909
2.70927
1.46467
0.354597
0.942829
2.00277
0.650561
3.46132
0.339007
0.879931
0.724465
1.78746
0.863547
1.61481
2.0611
1.42176
0.626308
0.671773
0.571435
0.519647
2.69082
1.73472
3.98513
0.447912
0.976532
1.09511
0.26562
0.294215
0.604402
0.817309
0.64105
0.586219
0.0959355
1.71905
0.428494
0.715823
0.325726
0.723768
0.543636
0.375733
1.45067
0.584517
1.15956
1.37603
0.625376
0.131053
1.08873
0.207095
1.63307
1.78301
0.820523
0.0927456
0.4883
1.19745
0.574708
0.764579
0.766961
0.34098
5.89651
0.122377
0.479393
0.748154
0.568273
0.384495
0.607242
0.930646
1.25064
0.949328
1.51124
0.114403
0.728718
0.605904
0.887025
0.628017
0.21189
1.65884
0.481423
1.37131
1.23433
0.239938
0.220963
2.61256
3.67511
1.00924
0.225357
0.588061
1.64211
0.770436
0.419519
0.913104
0.514921
0.452945
0.87409
1.26706
0.255656
0.874541
0.0827084
0.706735
0.952024
0.945571
1.0349
0.286875
1.50451
2.05875
1.4429
2.86622
1.10876
0.649817
1.27248
0.322636
0.31011
1.18408
1.3214
0.89773
0.783548
1.5049
0.884293
1.35437
0.256174
0.356638
2.89086
0.379012
2.17137
0.648156
1.44149
0.471217
0.11298
0.795825
0.343276
0.948661
0.128383
1.07049
0.978912
3.68017
1.23998
1.41465
1.71425
2.29872
0.36344
0.0799511
2.52494
0.625896
0.949972
1.61941
2.96393
2.10786
1.52187
0.921701
1.1477
0.203379
0.904648
1.31453
0.458999
0.996164
1.53683
1.68786
0.0929373
0.524409
1.1674
0.937691
0.714411
0.908519
0.509953
0.45171
1.58366
0.688015
0.38059
1.39914
0.741993
0.859995
2.12568
0.849109
0.70049
0.467611
0.987283
2.15093
1.00194
1.3091
0.723955
0.775196
0.714631
0.612112
2.51015
0.309315
1.899
0.448255
1.0978
0.774857
0.886317
2.05814
1.14866
0.83711
0.801052
0.511465
0.297494
0.614145
0.39239
0.887153
1.44061
2.78283
0.225005
0.626839
0.95286
0.314392
0.86617
1.26429
0.570786
0.145664
0.266654
0.605922
1.20023
0.904625
0.724568
0.812762
2.8455
0.413204
2.07178
0.323241
0.767307
1.89598
0.370762
2.44954
0.35543
0.178358
1.01749
0.605177
2.40823
2.01774
2.7478
1.3675
0.795638
1.033
0.371796
1.02523
0.526783
0.557391
0.662797
0.926622
1.26406
0.974224
0.273166
2.37641
1.60748
0.593688
2.40528
0.597833
1.44806
1.48478
0.101815
1.19242
0.976204
2.02128
1.10673
1.0619
0.800056
1.01187
0.08889
1.10507
0.715732
0.931818
0.381544
0.903337
0.969749
1.69149
1.42211
0.889759
1.47802
0.916377
1.12465
1.53559
1.19127
0.718771
0.802834
0.113424
2.16692
0.850559
2.90331
1.77993
0.983312
0.587354
1.04001
1.76405
0.170317
1.09141
0.83284
0.59578
0.732609
0.268002
1.69123
0.439199
1.07072
1.95717
0.852776
0.749965
0.840913
0.298682
0.275922
1.46182
1.81687
0.0407778
0.512303
0.58973
1.6207
0.839406
0.618589
0.59692
1.80183
1.4501
0.267393
0.542407
1.35187
1.04849
1.05031
0.865383
0.5963
0.542661
0.0461999
0.835678
1.15832
1.90175
0.176653
1.09974
0.901993
0.341766
2.0724
1.11241
0.980131
1.50171
0.675343
1.44631
0.438507
0.0532774
2.22671
0.444908
0.969698
0.225305
1.07457
0.600074
1.06543
0.82589
1.35218
1.29183
0.716749
0.188208
0.483411
2.45843
0.298366
1.07249
2.14637
0.761129
1.86306
0.185998
0.554641
0.995599
1.60553
1.2551
0.817686
0.943023
0.513962
0.727245
0.970214
2.62525
2.90813
1.13118
1.14095
0.661911
0.774544
1.87454
1.2612
1.41299
0.571617
1.29479
0.319465
0.137479
1.38504
1.1747
0.694498
0.605464
1.19287
0.843855
0.684829
0.827544
0.256777
1.93239
2.64336
0.558365
0.401976
0.851739
1.17466
0.110137
0.0375444
0.280531
1.14531
0.388968
0.484736
1.09618
0.240052
1.39043
3.10234
0.916875
1.0441
1.40966
0.407878
1.30285
1.08264
0.0652192
0.578131
1.43946
1.85543
2.75794
0.516269
1.09674
0.688742
1.91891
0.163579
0.718449
1.31491
0.80361
0.977886
0.706995
0.266619
1.4586
1.38503
0.733985
1.16261
1.2401
1.17148
1.12586
1.82432
0.261755
1.69435
0.412827
1.32211
0.378306
0.767787
1.67146
1.12566
0.115151
0.517867
0.548419
0.1283
1.42021
1.04277
2.80652
2.14833
0.765186
0.260687
0.849171
0.972953
2.05778
0.999009
0.880705
0.696137
0.415083
0.829024
2.0889
1.84024
0.493677
0.99316
1.38005
0.224092
0.183494
0.584076
3.01114
1.40927
0.855528
0.621274
0.757672
0.382431
0.14183
1.18654
0.0613239
2.30208
3.62273
0.46132
0.507989
0.192639
0.871585
1.29865
1.51818
0.759395
0.582802
0.709004
0.79769
1.21639
0.0798056
0.441682
1.65433
1.05508
0.747553
0.141241
0.343672
0.725519
1.11039
0.409992
1.35754
1.85053
0.298021
0.749353
1.71682
1.4732
0.559146
1.39614
2.12164
0.954918
0.265571
1.20912
0.960244
2.0376
0.995406
0.675162
3.33465
1.44648
1.50635
1.41517
0.790807
2.32493
0.869285
0.498461
0.734156
1.01621
1.86087
1.18665
0.716264
0.433495
0.108567
1.235
0.170808
0.741902
1.9749
0.312282
0.906865
0.291798
1.3771
1.24373
1.37671
0.916189
0.367325
0.870306
0.737592
0.504492
0.0536641
1.63103
0.515183
0.637526
0.775213
1.13577
1.14794
1.94607
0.853209
0.478473
0.392876
0.985513
0.181853
0.822226
0.264867
1.74189
1.8971
0.424442
0.430217
0.904144
1.13289
0.756929
1.25
0.68827
1.19372
0.664694
4.84867
3.60861
1.25134
3.05805
1.91769
1.46228
0.132195
0.272947
0.47856
1.13732
0.693105
1.83299
0.306392
1.15943
1.45033
0.0920471
0.571249
0.227264
0.396154
0.684102
2.60974
1.31682
0.779676
1.11358
1.00106
0.246603
0.869692
0.615135
2.15043
2.88464
0.376341
0.792305
0.869241
1.04226
0.218312
0.691655
0.446551
7.26778
1.00976
1.48707
0.0358649
0.499072
1.92655
1.09705
0.622087
2.34701
2.12594
0.720405
1.03118
0.684944
0.558671
0.57551
1.33576
0.673415
2.1056
1.49274
0.344349
0.311351
1.05731
1.29528
1.27603
1.34895
2.12832
1.07177
2.24958
0.195506
1.54382
0.486211
2.83304
1.27499
0.821333
0.495729
1.44585
2.56061
0.304925
1.08383
1.43016
1.03872
0.0509785
0.42674
0.641738
0.680964
1.21594
0.146079
0.366317
0.226596
1.07878
0.300166
0.67933
1.01311
1.0097
0.292709
0.469148
0.4581
0.159446
0.711927
0.620164
0.519489
1.54053
2.47318
1.19395
0.463141
1.80686
0.468941
1.35644
0.244234
0.63582
1.35252
0.392361
0.829875
0.566704
1.69702
0.848459
0.885394
2.58517
0.716259
1.29293
3.59729
0.296844
1.60358
0.107393
0.995001
0.25178
0.191291
1.60434
0.588642
1.67946
0.636501
1.2237
0.601476
0.386673
0.917207
0.910857
1.39637
0.454812
0.978122
2.62799
0.671868
1.22947
2.53143
1.30124
0.803271
3.76546
1.48199
0.93828
1.02022
0.561391
0.365641
0.471522
2.03782
0.3964
1.9379
1.98571
0.449922
0.27257
0.291534
0.248802
0.508237
0.484018
0.764531
0.893051
0.784404
1.38302
1.75059
0.352845
0.656739
0.569162
0.101485
0.172838
0.696286
0.766628
2.09736
0.806022
2.10354
0.699175
0.733253
0.158749
0.669793
1.65018
0.552604
1.53636
2.06163
1.19614
1.00028
0.503484
1.06909
0.654829
0.762949
2.05093
0.114838
0.926519
1.47451
0.180131
1.11664
1.09793
1.25818
1.77773
0.291796
0.345447
1.2968
0.91013
0.0306591
0.42567
1.77673
0.420319
1.14777
0.0905696
0.490845
0.569019
1.2209
2.32728
1.89369
0.552128
0.40119
0.454201
1.32403
2.4724
0.496489
0.882682
1.39995
0.236958
1.38826
1.18641
0.373775
0.493216
1.09589
0.385065
2.92616
0.950186
1.51769
1.21249
0.305517
0.743234
1.24507
0.96732
1.89846
1.32389
0.621276
0.722516
1.74005
0.404545
0.546662
0.0525911
2.74702
0.305414
0.206381
0.682703
1.18587
1.8681
1.04883
0.548515
0.301487
0.426126
1.02198
0.519126
0.826986
1.37761
0.634663
1.47733
0.997163
0.634554
0.897034
0.699652
1.26072
0.172376
1.05383
0.875162
1.39553
1.26406
0.731878
0.818374
0.449508
0.269187
1.5293
1.2758
0.924461
0.85887
2.30293
0.878827
0.353833
0.534434
2.41014
0.53959
2.24988
3.96593
0.487132
5.85452
0.452325
0.431855
0.265516
0.440326
1.33831
0.576586
0.130483
1.58736
2.02259
0.129837
1.53033
1.48251
0.564143
0.536036
1.80136
0.393346
0.622106
2.14767
0.337691
2.3212
0.976643
0.330767
1.34867
0.692707
0.363903
0.47453
0.799693
1.17095
0.74758
0.273096
3.72817
1.22114
0.0443284
0.261766
0.766408
0.727212
0.254125
2.16718
0.9356
1.00796
0.783441
0.900244
0.623861
0.0813319
0.910811
1.91311
2.10894
0.346834
1.22774
0.353293
0.531579
0.251552
1.2896
0.508122
1.152
0.300934
0.723706
0.54858
0.379554
1.4799
0.770171
0.732625
1.21574
0.27322
2.31084
0.521286
0.823788
0.658096
0.588973
1.28365
0.19849
0.753122
0.58543
0.384957
1.58375
1.33854
1.00951
0.265565
1.20064
0.822287
1.04848
1.32509
1.31224
0.617357
2.6095
1.94026
0.273601
0.896257
0.519883
0.883119
0.0340009
0.731569
0.837469
1.11482
1.14103
0.577606
0.765453
0.73735
1.05941
0.363881
0.718286
1.85938
0.0841478
1.1737
0.417913
1.56663
1.13349
0.613377
1.28702
0.615585
0.238803
0.918035
1.43131
1.76147
1.48818
0.704803
0.548515
0.29937
1.46952
0.572162
0.442266
0.850749
0.08521
0.412044
0.219604
0.499842
1.87708
2.68087
1.07527
1.10253
1.03302
0.973429
0.802761
0.563546
0.341985
1.35929
0.354298
0.593347
1.76763
0.330484
1.49519
0.0443062
0.408815
0.856214
0.582805
1.13576
1.32719
0.563176
1.27499
2.47436
0.771813
0.609554
0.405687
1.59469
2.61146
0.211658
0.613173
0.630442
0.385839
1.23997
1.05475
0.63852
0.74214
0.188632
0.87287
0.981351
1.97586
0.443621
1.2206
2.00066
1.07104
1.23989
0.383408
2.10358
1.26001
1.6548
0.134856
0.721211
0.764366
1.20519
1.21801
0.906625
0.660283
1.01418
4.00867
0.541367
1.23804
1.30378
1.38161
0.921679
1.20528
0.197519
0.646984
0.258364
0.510207
0.864172
0.802564
1.15452
1.49647
0.213914
1.33229
0.750339
0.0803753
0.724635
1.44017
1.06311
0.27687
1.04439
2.2544
0.591739
0.291631
0.521441
0.586199
0.763223
0.564036
0.940627
1.43863
0.811485
1.35472
0.3649
0.568627
2.45384
1.58711
1.67158
1.74181
0.460501
0.791359
1.28098
1.5943
0.470739
1.19482
1.63898
1.94181
2.22902
1.63891
1.71801
1.20503
0.518799
0.451916
0.270047
0.882421
1.88024
0.509803
2.16174
0.657822
1.07919
2.97206
0.0363029
0.546579
0.257418
0.216876
0.228398
0.225009
0.362181
0.499292
0.124483
1.30296
2.08565
2.39338
0.859116
1.11566
0.903078
1.21698
1.42198
1.80868
1.27449
0.848689
1.04619
0.331032
0.565165
0.739256
3.53599
0.13485
1.128
0.364954
0.876407
0.321044
0.52076
2.22889
0.807789
1.93274
1.04186
0.934381
1.01414
0.954766
0.553854
0.40927
1.47488
0.36517
0.809067
1.93902
0.0811818
1.30132
0.6892
1.64408
0.695129
1.62576
1.27658
0.826192
1.80411
0.458898
0.742586
2.15099
1.10478
1.58054
2.0915
0.963111
1.43991
0.134706
0.982925
0.534525
0.467818
0.728627
0.198406
2.07341
1.15874
0.998513
1.30605
0.484463
0.87364
1.09554
1.6142
1.29521
0.525448
1.77636
0.301146
0.279109
0.227817
0.218788
1.61053
0.331716
0.637536
0.608286
0.572895
0.213554
0.220922
1.01546
2.3472
0.715601
0.115201
0.19528
0.827518
1.88919
0.171952
1.1498
2.29192
0.919647
0.711816
0.303245
0.580915
0.508089
0.981553
0.781964
0.705145
1.89809
1.50782
0.229243
0.41599
0.909042
0.745738
1.07362
2.16364
0.313288
1.24944
1.34206
0.943349
0.529779
0.956865
0.128136
0.678077
1.07944
0.262434
0.305024
0.262947
1.19163
0.320851
0.103365
2.21328
1.16572
2.05932
0.834236
1.13101
3.12704
0.923503
1.24765
0.520559
0.466545
0.160873
0.755202
0.295245
0.62761
1.68435
0.546605
2.42227
1.49336
1.63619
0.423422
0.734141
0.106414
0.388271
0.418442
2.72798
0.648677
1.32176
0.314977
0.940283
1.12943
0.644786
1.07017
0.421417
1.35757
0.274433
0.535412
0.416682
0.317272
1.31764
1.43466
0.451668
1.10627
0.49197
1.43482
0.129304
0.0922303
0.416516
1.34234
0.552627
0.310447
0.659302
0.612686
1.47849
0.536956
0.997311
0.742445
1.50436
0.937606
0.243389
0.259759
1.81506
0.620555
0.451844
1.25544
0.386588
0.26724
4.11501
1.03296
1.30815
2.53033
0.639964
2.69223
0.527476
0.550658
0.225951
0.113724
2.85763
0.775788
0.12281
0.0818799
1.02531
0.456035
0.868301
0.787584
0.714973
0.392784
0.717561
0.987925
0.21886
0.744999
0.496837
2.66578
0.774922
1.76321
1.83505
1.11262
0.71303
0.654826
1.23319
0.671552
0.36831
1.65606
0.105817
0.332735
2.33946
1.71953
1.63647
0.711528
0.394097
1.25855
0.261799
0.0737804
0.610427
1.06178
0.761205
1.26499
1.20309
2.15829
0.601783
0.502743
0.661576
0.265924
2.03363
1.20648
1.05928
0.558345
0.703694
0.565552
0.629157
1.19849
0.960026
0.942719
0.820141
1.70619
1.32466
0.503749
1.10742
0.993245
0.366532
1.77129
0.294465
0.737814
0.213746
1.30451
0.412296
0.51546
1.51437
0.782199
3.94934
1.52671
0.643774
1.10859
0.195421
0.793231
0.755063
1.72198
0.580355
0.593304
0.55694
1.35152
1.08707
0.864553
0.595924
0.369986
2.47469
0.857917
0.818145
0.241073
1.64314
1.12837
0.340926
3.35884
0.0461395
0.833079
0.577012
0.291525
1.66469
1.41423
0.830349
0.983399
0.598369
0.938258
0.419975
0.215978
1.3329
1.10366
1.27564
0.15334
2.35446
1.34947
0.111199
1.86122
0.720774
0.409026
0.590871
1.55243
0.287989
1.05277
0.269861
0.861224
1.48241
0.254514
0.617735
0.800263
1.05066
0.271757
0.399634
1.50377
0.946151
0.635653
1.0369
0.480218
0.846878
0.484336
0.280163
0.742167
0.57176
1.03603
1.02315
0.947062
0.195731
3.71688
1.5284
0.602309
1.52335
1.35853
1.19118
2.65868
1.65858
0.682567
0.665421
1.24981
1.02689
0.940228
3.15549
0.559687
0.788569
1.27788
0.178394
0.458012
1.56291
0.113609
2.02476
0.558529
2.6676
0.362864
0.319403
0.390991
2.52617
1.0021
1.84864
1.6718
0.0959784
0.707346
0.514942
1.37575
1.84118
0.605407
1.21158
2.80768
0.248652
0.990144
2.18997
1.86229
2.72867
0.122369
1.45695
1.72733
3.14895
1.73884
0.948899
0.382317
0.490762
0.582866
0.527407
1.12565
0.379055
0.737682
2.86877
0.616641
0.56382
0.0546878
0.567715
1.29865
1.6097
0.428683
0.403322
0.91792
0.763442
0.0774861
0.400279
0.658085
0.062794
1.39613
0.969471
0.223159
1.85361
0.69141
0.250987
0.540616
1.14708
1.11025
1.0084
2.09351
2.74157
0.155209
1.98458
2.54708
1.7391
0.792211
1.16179
0.961825
1.86839
0.637893
0.422278
0.564007
0.671303
0.38956
0.732924
0.880039
0.395101
0.349814
0.430662
1.53478
1.11638
0.711054
0.17501
1.43098
0.436131
1.29004
1.69369
0.539631
1.37866
0.450329
0.657435
1.58878
1.06309
0.211762
0.549752
1.52808
1.47091
0.575355
0.457796
0.726335
0.453854
0.30169
1.70215
1.6387
2.33706
1.49527
1.34695
0.424178
2.07725
0.192922
1.23844
1.1239
0.675687
2.32425
0.625516
2.21423
0.913644
0.161133
0.651985
0.689833
2.17972
2.02843
0.30775
1.47042
1.75108
2.35936
0.649387
1.10954
1.44486
1.09162
0.58619
0.510996
0.966734
1.22122
1.37233
0.105508
0.702442
0.0679065
0.638429
2.44044
1.40965
0.893212
1.20472
0.731915
0.544699
1.02047
0.535071
0.33738
0.64425
0.566823
0.530739
0.716507
2.67582
1.1096
0.820438
0.443444
3.42974
0.387094
0.500466
0.881189
1.26191
1.13699
0.0196233
0.470852
0.915761
1.02469
1.50749
0.896674
0.426981
2.01879
2.92161
1.4619
0.3318
0.272739
1.05274
1.95329
0.801485
0.591196
1.18313
0.542113
0.626316
0.630487
1.40273
0.687655
0.370098
0.662188
0.533485
1.21938
1.7977
0.516738
1.976
0.841365
0.746718
0.850682
0.385309
2.6267
0.185394
0.231909
1.6191
2.15794
0.537671
0.878622
0.175772
2.406
1.38062
1.68604
0.542302
1.47676
0.331933
0.375314
0.349175
0.239964
0.787929
1.59594
0.549554
0.967478
1.24114
1.4768
0.369788
0.346947
0.600375
0.164916
0.779389
0.329558
0.848096
0.794621
0.160731
1.75272
1.40166
2.07395
1.70341
0.763026
1.96442
1.92526
0.905922
0.0634369
0.657008
0.349126
1.00443
1.93129
0.461384
0.390985
1.94493
0.78225
0.276265
2.15082
1.33444
1.75628
1.26056
2.32684
0.322543
0.342943
0.360203
1.34302
0.0605976
0.228627
0.328491
0.623184
0.14397
1.52446
1.24909
1.00609
2.43031
0.434087
0.509799
0.323654
0.427018
1.67475
0.557906
1.33928
0.769295
0.694196
0.941949
0.754373
0.843876
2.27427
0.357775
0.329319
0.638704
0.168154
0.493465
1.39055
2.54626
0.659176
0.749436
1.07012
1.21758
0.682877
0.921655
2.31597
1.41055
0.492562
0.587745
0.690877
2.01564
0.799776
1.7115
0.772041
0.442109
0.22039
0.640021
2.96268
2.52764
0.710379
0.676449
2.0443
1.3257
0.407658
0.359314
0.982599
4.15707
1.79355
2.0969
1.82037
0.554085
0.332463
0.772159
0.213572
0.509951
1.13654
1.48511
1.00325
1.02862
0.681914
0.542242
1.51201
1.42049
1.38434
0.995001
0.515903
0.508448
0.818339
0.82902
1.23756
0.842953
0.825848
0.736354
0.653804
1.1934
1.88171
0.526331
1.25988
1.25137
0.350262
1.01309
1.06189
1.91987
1.99129
1.37358
0.667539
1.6219
0.719075
0.480357
0.516194
0.949533
0.873668
1.3317
2.53236
1.4873
0.975413
0.483636
0.198211
1.68074
0.962804
2.62931
0.905611
0.52257
1.16644
0.404015
1.05123
1.77596
1.778
2.32473
1.65129
1.10482
0.498113
0.339243
0.173645
0.136175
0.0613161
3.2079
3.27885
0.712111
0.75958
0.591041
0.517656
0.911562
1.52219
0.755317
0.431055
1.41505
1.01357
0.115158
0.984174
0.844234
1.19718
0.578665
0.81329
0.453367
2.52532
1.00051
1.25725
1.1247
0.675629
1.66298
0.582277
0.729575
2.39788
0.0281664
1.22734
2.94733
3.05759
1.71839
1.09574
0.967187
0.351502
1.36883
0.912111
0.913433
0.968347
1.71464
2.47387
0.697584
2.1278
1.16901
0.432788
0.872578
1.0583
2.2363
1.28349
0.826829
1.35942
1.11311
0.759793
0.265837
0.440776
0.162113
2.34054
2.08514
1.12744
0.316722
0.426502
0.574864
1.61687
1.18679
0.481543
1.57263
0.206785
2.14155
0.319189
2.27016
1.56638
0.297814
0.161683
0.460009
1.43003
0.680799
0.804694
0.445904
0.359201
2.05078
0.380007
0.944967
0.596829
0.287493
1.22205
0.266359
0.535575
1.13668
0.095269
1.28353
1.63179
0.618256
1.03091
1.04183
0.150539
1.87561
1.97344
0.259903
0.279376
0.792706
0.371471
0.305596
2.01712
1.63883
1.26267
0.468642
1.15262
0.887319
1.15222
0.414192
2.01926
1.23549
2.365
0.549705
2.31787
0.596517
0.828863
1.40333
1.48104
0.574881
0.496395
0.60973
0.832212
1.22864
2.22179
1.82644
0.45014
0.268471
1.33073
2.16251
2.14809
2.33036
2.10717
1.15449
0.696459
1.09239
0.158475
1.14837
0.715137
2.0874
2.51602
0.780911
0.569228
1.67618
2.08018
0.801177
1.07617
1.12084
0.952997
0.432818
0.530662
0.215374
0.80095
0.654386
0.411099
0.937325
1.02388
0.375307
1.0714
0.518926
1.80112
0.574206
0.597117
1.85937
0.403467
0.640047
1.40463
0.766849
0.40188
1.6365
0.4931
0.869341
1.26004
0.39448
0.449277
0.796365
1.11911
0.47231
0.345701
0.201528
0.897164
0.212524
0.575954
2.05287
1.25703
0.275565
0.973447
1.11024
0.37782
1.2395
0.551485
1.11248
1.24094
0.646306
0.294697
0.479927
1.76566
1.29859
1.89584
0.672262
0.208826
1.47695
2.23168
0.511995
0.445311
0.676355
0.542157
1.60169
0.990992
1.45372
1.19126
0.726176
0.356322
1.15373
1.27505
0.962894
0.449197
1.27119
0.408148
2.87406
1.18029
0.191805
0.907785
1.17076
0.629228
0.704035
1.13045
0.911467
1.59843
0.391985
1.27428
0.240922
1.6902
1.46167
0.696498
0.569542
0.440765
0.12208
0.474483
1.93181
1.34371
0.331799
0.119546
0.439588
1.02707
0.721263
0.894968
0.793273
0.284226
2.49366
0.158367
0.890699
1.31136
0.558786
1.01891
0.979475
1.17242
0.0131621
0.889451
0.620646
0.106739
0.427462
1.29232
0.059656
0.393688
1.93949
0.513465
0.696378
1.47374
0.893985
1.53784
0.573039
1.20326
1.06101
1.8398
0.300141
1.00737
2.51496
0.288674
0.133453
0.856945
0.677
0.760634
0.249637
0.551128
1.05292
1.14448
1.70043
0.127954
1.65695
0.276916
0.707116
1.28554
0.218385
0.836723
0.691826
1.63691
0.880681
1.65701
1.69858
1.3987
0.825737
0.679391
1.7455
0.640092
0.322511
1.8843
0.980371
1.88801
0.975016
2.50066
0.157291
0.546268
0.360571
0.621293
0.52301
0.989563
1.93522
0.908284
1.94807
0.943091
0.22704
0.682554
0.941368
1.04232
1.05481
1.15132
2.96295
2.49551
1.86038
0.728741
1.05267
1.07221
0.39647
2.62494
1.31221
1.88936
0.525323
0.62134
0.407923
1.58923
0.571167
0.991295
0.623509
1.11905
0.327776
0.87192
0.958193
0.990369
0.673581
0.622968
0.148173
0.353149
0.866601
0.435795
0.120208
0.965967
1.09688
1.04263
0.390423
0.211232
0.846459
1.05552
0.330501
2.78422
0.573296
0.786727
2.67828
0.69865
0.243959
0.577004
2.15796
0.17296
0.189147
0.855035
3.71702
0.97155
0.646229
1.52526
1.78801
0.436736
1.13127
1.58295
0.907682
2.75515
0.734634
0.0555104
0.808039
0.479552
0.271358
0.698724
0.265642
0.255006
1.10588
0.231313
0.359302
0.379026
0.210916
0.249944
0.226914
2.28227
0.532502
1.93755
1.25251
0.231675
0.449016
2.23078
1.18246
1.00582
1.32774
0.36224
0.548369
1.99663
0.52819
0.355367
0.347094
0.215775
0.474157
0.685358
2.07823
1.46482
1.54918
0.982666
1.33277
0.542834
0.446196
1.71318
0.366302
0.910523
0.233665
1.10311
2.74857
1.38299
0.304501
0.239465
0.265225
0.908986
1.35056
1.07791
1.28679
1.15386
0.388332
0.458134
1.22399
1.477
0.330874
0.767989
0.104747
1.17504
0.696744
0.386303
0.922488
1.53768
0.724691
1.37247
1.28731
0.868187
0.353893
1.01535
0.287361
0.147569
0.802685
0.72753
0.280587
1.21522
0.876733
0.702696
0.0772596
0.366421
0.160707
0.945846
0.605507
0.405476
1.52053
1.64282
1.34061
0.761858
0.904157
0.912616
0.588389
0.272766
1.30385
0.558361
0.337847
1.01667
1.19934
1.84635
1.06785
0.634024
0.189992
1.03349
1.12701
2.96192
1.48864
0.654884
0.244054
0.265828
1.23907
0.6239
2.63855
0.402686
0.539976
0.187302
2.12973
0.589193
0.300251
1.57792
0.778347
0.954412
1.05185
1.48402
0.829254
0.681921
0.802007
0.728985
0.405423
1.76854
0.806593
0.649192
1.35495
0.72456
0.640193
0.132822
0.186604
0.148883
1.89128
1.8062
1.78087
1.20089
1.05132
0.418934
2.83946
0.307783
2.39827
3.23998
1.51471
2.69957
0.862287
0.747944
0.26424
1.75488
0.193927
2.50551
0.577216
1.79697
1.83739
1.90723
1.76061
0.919127
0.208779
0.62415
1.95639
0.810887
0.998164
0.65169
0.856176
0.946604
1.44151
0.447169
0.0969439
0.229666
1.3331
0.435538
1.38299
0.499305
0.238455
0.195706
0.365416
2.12753
1.72931
1.21434
1.9548
1.36025
0.286195
1.21826
0.303535
0.753831
0.713842
1.18616
1.07445
1.46319
0.435088
0.915968
2.77928
1.76346
1.00449
1.19914
1.10033
1.32219
0.847607
0.29633
0.314809
0.271837
0.347081
0.269176
1.16701
1.4784
1.1511
0.5356
2.28986
0.117688
0.647836
2.62865
0.181071
1.03975
0.255574
1.26546
1.04544
0.426193
0.481429
0.628304
0.311451
0.871603
0.492549
1.50162
1.20822
0.474996
0.912255
0.547213
1.87206
1.33845
1.12884
0.497815
0.721316
0.495525
1.98811
1.34911
0.396929
0.718199
0.370063
0.457781
0.325014
0.105061
0.813122
3.09035
0.352615
2.33748
0.302821
0.498963
0.236767
0.306833
0.932364
1.34853
0.711987
0.438396
1.73301
0.716643
1.10602
0.961908
0.724408
1.43046
1.04441
1.95705
0.69274
0.632454
0.807198
0.757524
0.45862
0.246537
1.31786
0.581641
1.68338
3.07203
0.626109
2.44158
1.05409
0.469754
0.455443
0.541804
1.9498
1.02457
0.152938
1.18114
0.398672
1.30405
0.895842
0.794174
0.395919
1.02083
1.12115
0.652951
0.354251
1.46678
1.75178
0.188986
0.777729
0.751848
0.567768
0.175443
0.829753
1.36749
0.601904
1.72484
0.171643
0.604599
0.320534
1.13483
0.650455
1.72604
0.320624
1.90927
0.310847
1.52858
0.12404
1.70024
0.33821
0.735952
3.85743
0.358363
1.70751
2.12127
1.32894
1.07276
1.28876
0.382524
0.68142
0.0212964
1.45067
1.03688
0.467364
0.641888
1.82374
1.33797
0.54676
0.306149
0.921097
0.2703
1.42797
2.08026
0.979656
1.3204
1.34201
1.366
0.945264
1.30314
0.405248
2.18172
0.609996
0.671997
1.53373
1.73213
0.196493
0.266082
0.211521
0.0808684
1.15865
0.691503
0.981722
0.538558
2.98084
1.40139
0.610593
0.40557
1.23899
1.25201
1.75194
1.10891
0.677195
0.188193
0.481893
0.506714
0.645392
1.10935
2.17473
1.03856
2.0393
0.768085
1.2846
1.90125
1.20633
1.1928
0.456419
2.05285
0.435948
1.02324
2.1371
1.15059
1.16426
0.576799
0.825032
1.31756
0.974493
1.62811
0.506993
1.7672
1.20565
1.32968
1.71224
0.917
0.566772
0.89427
0.302564
0.3856
0.902897
0.322824
1.41355
0.477988
1.48735
0.632842
0.267289
1.45552
0.47109
0.379814
0.799941
0.0827137
1.79291
0.872485
1.7169
0.925941
0.609281
0.852881
0.458217
0.582497
1.63828
1.3736
0.564683
0.911142
0.643133
1.45524
2.28441
2.07396
0.779726
0.944909
0.342723
3.42056
0.470267
3.10264
0.762087
1.51272
0.38527
0.25048
0.544402
0.611689
0.572543
0.187234
0.852069
2.43906
0.526906
0.760722
0.434526
0.325537
0.65788
1.0705
0.312438
0.79362
0.529371
0.650247
1.0889
0.614522
0.680531
0.872099
0.809416
0.658534
0.832987
0.37529
0.314021
1.1703
1.65121
0.239164
0.78134
0.334501
2.17646
1.86318
1.06571
1.43096
0.0936206
0.967516
0.741084
1.70286
0.129032
0.782973
1.67035
1.89841
0.737471
0.133492
0.0394076
1.36703
1.63651
0.637394
2.69385
1.22308
2.57605
1.24709
0.723175
2.55642
0.191416
0.371005
1.72906
0.517548
0.275216
2.87
1.05238
0.778811
0.415927
0.946866
1.25659
0.523629
2.89197
0.383427
0.843504
0.204634
1.13508
0.52331
0.6938
1.53905
1.21757
1.11375
0.714821
0.141592
1.31985
0.308023
0.682995
1.37578
1.77807
0.613527
1.93182
1.21879
1.01496
1.07182
0.356095
1.36748
0.679483
1.79045
0.3497
0.955908
0.773002
0.180144
1.51411
2.12123
0.425357
0.585125
0.996667
1.2348
0.535798
0.807756
1.79119
1.15516
0.231444
2.18251
0.877206
0.58671
0.215035
0.265945
1.69208
1.33684
0.862008
0.329492
0.37891
0.282975
1.11172
2.45849
1.03078
2.44318
1.2657
0.20624
0.0465671
2.38118
1.59082
2.06332
0.145395
1.77951
1.19163
0.594344
0.297948
0.539049
0.815618
1.52627
0.797017
2.11976
0.537101
0.400329
1.18786
0.954547
0.429477
1.49241
0.782911
1.99948
0.243922
0.600735
0.695861
0.280809
1.11309
1.75041
0.781619
0.75299
0.803706
2.78838
0.410171
0.784408
0.287423
1.36824
0.095551
0.561538
0.61983
0.265739
1.43316
1.45764
0.242852
0.0734831
0.581548
1.49109
1.15067
0.52163
0.434702
1.29972
1.33091
0.234305
0.248499
2.33577
0.640909
0.799149
0.769023
0.808157
2.78754
0.862263
0.791809
0.270187
1.88984
0.784839
0.617101
1.21281
0.221114
0.231163
1.65197
1.58009
0.0774035
0.762543
1.46951
1.06545
0.232202
1.07686
0.151766
1.36337
0.897348
0.795451
0.783285
0.913899
0.445297
0.259455
0.559553
0.311612
0.309005
0.728346
0.565661
0.558509
0.778002
0.44382
0.673414
0.640863
0.509405
1.78186
0.254018
0.771359
1.17544
0.550585
1.29386
0.52223
0.903863
0.878092
0.234172
1.50885
0.462119
0.358361
0.476593
0.499195
0.406348
0.0655387
1.04542
0.725197
0.370951
0.360428
1.77793
1.89854
0.312157
0.153636
1.85959
1.18311
0.426572
0.62115
1.2588
1.2354
0.796024
0.073219
0.55405
0.932812
1.71009
1.95831
1.50482
0.063496
0.94223
0.551726
0.725029
1.27544
0.46449
0.861089
0.477112
0.626476
0.424377
0.966531
1.32247
0.664549
0.590069
1.40166
0.370823
0.262591
0.258162
0.946734
0.275817
0.247303
1.40428
0.970457
0.309158
0.326274
1.89479
0.986957
0.470853
0.59813
0.53
1.05416
0.769101
1.91118
0.0897213
0.979238
0.159316
1.25217
1.02195
0.85987
0.767841
2.22241
0.836369
0.599572
0.960164
0.688542
1.38919
0.949865
0.404384
0.899984
1.32807
0.889265
1.1737
0.0557433
1.32745
0.132043
0.667031
0.912958
1.20542
1.13938
0.266004
1.95582
0.831373
0.926032
1.24568
0.602819
0.205521
1.32877
1.04617
0.975458
1.8987
1.1821
0.910935
0.727736
0.518872
0.335916
1.19808
0.11258
0.0216845
1.03339
1.04807
1.67167
1.17753
1.14031
0.388859
1.42837
1.6999
0.956286
1.51571
0.275852
1.00814
0.768419
0.227505
0.861229
1.08657
0.271629
0.44133
1.26276
0.357587
1.63234
1.50459
0.220485
1.1423
0.995051
2.84445
1.50401
0.656898
0.944092
0.221354
0.573695
0.621651
0.501542
2.05326
0.969564
1.36717
0.778566
2.29734
0.91098
0.168461
0.684221
0.518579
0.520031
2.26029
0.583516
2.28394
0.110043
1.10269
1.43064
0.765763
0.451488
0.238878
1.04127
0.433135
1.41828
1.83516
0.557697
1.31927
0.139485
0.170533
0.142369
1.98534
0.321937
3.1389
0.980619
1.41086
0.131872
0.425497
0.237012
1.33265
1.30503
0.545767
1.43192
1.05871
0.761179
0.545085
1.86928
1.8878
0.284532
1.92919
1.44563
1.38144
0.673364
0.746088
0.611093
1.52622
0.0911321
1.03503
0.187562
0.811665
1.31482
0.72263
0.252239
1.27919
1.38454
0.557518
2.13169
1.5543
1.94855
0.120247
1.29357
1.71715
1.53389
2.35584
0.188594
0.885958
1.12982
0.598162
0.180152
1.94622
0.696816
1.05699
0.113947
0.322864
0.288945
4.01252
1.21459
0.591921
1.2392
3.0015
0.541469
1.91562
1.81069
0.367324
0.564589
1.27835
1.17193
0.591829
0.532728
1.04087
0.892706
0.551069
1.19042
0.285312
0.320773
1.52541
0.767615
0.68475
0.674972
1.57113
0.992331
0.411808
0.748113
0.20468
2.00555
1.3399
1.26132
0.215176
0.63417
1.13996
1.34512
2.36207
2.18261
1.44729
1.02496
0.744609
0.655098
0.843771
0.459502
1.48266
1.01701
0.153861
1.50111
0.593398
0.295948
0.111015
0.565111
0.217755
0.983717
1.42886
0.444432
0.678955
0.730485
0.744931
0.266674
0.15592
1.03704
1.61068
1.45318
1.14883
0.845819
4.2212
0.707025
0.771729
0.903301
0.466508
2.77783
0.278955
0.552519
0.894012
0.535966
0.696598
1.17546
0.446546
1.27982
0.685958
1.63293
1.39303
0.76004
2.04321
0.336957
0.551402
1.69139
0.455321
0.739834
1.84708
0.86319
0.482254
1.60009
0.406637
1.5917
0.820777
0.559158
0.949641
0.420202
0.523936
0.908564
0.240314
1.61156
1.39347
0.88997
0.524312
1.3057
1.03017
0.331613
1.9704
0.20423
1.78085
0.655626
0.296928
0.945415
0.562924
0.99177
2.1028
0.752207
1.02465
0.864566
0.919331
1.70648
2.84782
1.75272
0.868945
1.51596
0.98807
1.69898
0.995767
1.90931
2.25248
0.216143
0.890102
0.263634
1.20411
0.490617
0.0714727
0.889111
0.0234573
0.625186
0.93593
0.637643
1.86689
1.10975
0.368147
1.63649
0.973842
0.924654
0.18354
0.8935
0.87058
1.39693
2.65907
1.1728
0.955582
1.12374
1.2169
1.05417
3.09285
0.889285
0.946535
1.01877
1.32433
0.552482
1.34116
1.02508
0.424183
0.587153
0.0743143
0.257929
0.485508
0.24693
0.566801
0.33708
0.446503
3.35548
2.49625
1.27078
0.304784
0.775635
1.43169
0.0800028
0.730598
0.56139
0.730522
1.03822
1.40722
1.38312
1.06245
0.850669
0.647123
0.0597909
0.383831
0.470771
1.00588
0.649967
1.37697
1.12042
2.74111
1.70781
0.196978
1.65232
0.799155
2.64964
0.174925
3.12721
1.44643
2.31939
0.0640481
1.43674
0.0811535
0.686303
1.77043
0.695881
0.406873
0.869297
2.27555
1.43923
1.24694
0.73513
1.26204
0.0925454
0.541935
0.474398
1.43563
0.920377
1.16062
0.206178
0.380158
1.11314
0.458102
3.95784
0.585166
1.25618
0.4167
0.18693
1.08821
0.306902
0.0491662
1.04354
0.785871
0.760168
1.99964
1.45507
1.04968
0.460814
2.83152
0.346874
0.487212
0.979493
0.0949964
0.68768
0.454881
0.422418
0.287821
1.67626
0.231181
0.8807
0.741045
0.461483
0.496472
0.952829
1.85219
1.86839
3.53132
0.62966
1.1242
0.963299
1.11345
0.506503
2.14169
0.341655
1.0704
0.224089
0.634614
0.889916
0.312023
0.786125
1.28581
1.71598
0.678714
1.78417
1.48989
1.49773
2.48581
0.700551
2.19538
2.10374
1.42291
1.3418
0.800162
0.866632
0.508252
0.653993
1.27233
0.606907
0.953968
0.638908
1.46761
1.07321
0.923632
2.70235
0.797604
0.127453
1.2293
0.352002
1.0782
0.547815
1.35758
0.86299
0.286016
1.11935
0.324907
0.10411
1.13829
0.537796
0.306657
2.20545
0.242395
0.390998
0.247134
0.732867
0.891396
1.70758
1.4964
2.2282
0.459812
0.696432
0.881307
0.597694
3.25107
0.47356
0.56916
2.30345
0.976759
1.34652
0.287836
2.0062
2.64569
0.398662
0.469331
1.67273
0.601608
1.96798
1.11361
2.06601
0.629868
0.303418
1.01474
0.994026
1.79686
0.990638
1.74335
1.40013
0.767426
0.890848
0.762333
0.0410856
0.475203
1.01126
0.490842
2.26635
0.932879
1.10938
0.665044
0.489413
2.34066
0.666185
0.754159
0.870187
0.37128
0.418196
0.621536
0.983394
0.224321
2.896
0.146326
0.739364
1.1821
2.49192
1.51051
1.25995
0.478913
0.0654067
1.075
0.675357
2.11373
0.356268
1.3007
0.454836
0.829599
0.511417
2.19717
0.789418
0.961573
0.110144
2.2796
1.07046
1.13146
0.576694
0.954771
1.43007
0.471456
0.395917
1.20915
2.8844
0.564786
0.285174
0.202687
1.15948
1.92207
1.29542
2.51539
0.912562
0.56435
0.864655
2.666
1.38448
0.718094
1.0389
0.470839
0.228781
2.07158
0.357117
0.347328
0.92838
0.366832
0.882096
0.652334
0.492763
1.93445
1.41112
0.415169
0.656261
0.431765
1.67785
0.379968
1.76834
0.912428
0.293871
0.684486
1.14053
0.707828
0.865372
0.183091
1.90892
2.30902
0.0670932
1.75302
0.333955
0.934309
1.29739
0.766217
1.24504
1.36873
1.55705
0.244589
1.01329
0.569318
1.8205
0.273958
0.760465
0.796651
0.187335
1.6389
0.68786
1.77978
1.50265
2.86259
2.47697
0.313983
0.765238
1.60748
0.190454
1.05302
0.69334
0.422626
0.791029
2.38481
2.11384
1.16766
2.16026
0.833773
0.963649
0.256264
2.08418
1.81908
1.0829
0.694173
0.086657
1.14438
0.774479
0.867822
0.711683
0.779803
1.17233
0.700892
0.981867
0.295175
0.26868
0.418091
1.14136
4.16322
1.23044
1.04861
0.509931
0.732802
0.533843
0.199351
1.19783
0.500701
0.921414
1.17976
0.901464
0.627392
1.362
0.725765
0.873478
1.19436
2.05695
0.992213
0.226432
1.23465
1.18686
0.569085
0.153744
1.13324
0.632168
0.912252
0.213018
0.508985
1.42034
0.297062
0.885074
1.90403
1.92629
3.27421
1.97182
2.38921
0.230945
1.18274
0.400569
0.0924898
1.04988
0.978992
1.1293
0.602389
0.181914
0.869556
0.235998
0.283958
3.77499
0.573648
0.428329
1.27478
1.6393
1.36487
1.19755
0.386256
1.34898
1.31766
1.36594
0.670198
0.364162
1.01052
1.2117
0.288724
0.950735
0.766708
0.718117
0.919638
1.21062
1.29854
1.14502
0.918443
1.71194
3.40963
0.962083
0.400531
1.44794
0.291996
0.779549
1.34851
0.704326
1.21288
0.672142
1.67386
0.467882
1.15356
0.392121
0.699281
0.288353
0.792171
0.860222
0.690457
1.52116
0.528422
0.196084
0.424567
0.166457
0.733023
0.338066
0.340223
0.489413
0.69413
0.49104
0.375482
1.88699
1.39427
1.67605
0.484007
1.62
1.78697
0.300904
0.847565
0.0798345
0.807442
0.245877
0.632871
1.62648
0.726591
4.04396
0.0788075
0.0275723
0.491557
0.547528
0.361988
0.674076
0.949059
0.312119
0.727055
0.901183
1.79785
1.11002
1.24552
0.507718
0.909809
0.364077
0.749413
1.96935
1.25402
2.23338
0.3398
2.8071
0.251718
0.0889944
0.174119
0.984795
0.726543
0.481189
1.33524
0.265062
0.375867
1.03774
1.44877
1.14627
1.96659
0.415083
0.864532
0.178377
0.175123
0.475209
0.199231
0.988554
3.13365
1.25381
0.715371
1.2736
1.77568
0.882998
0.669561
2.05605
1.71871
0.340862
0.561302
0.158584
0.345198
0.0543716
0.540203
0.6226
0.390592
0.980829
1.91053
0.496035
1.34896
0.599163
1.2514
2.14686
0.120634
0.669814
0.391976
0.154525
2.21575
2.05737
2.288
0.699787
0.344952
0.19243
0.496798
0.205129
1.15251
1.15433
1.79766
1.80377
1.35593
1.65979
0.734017
0.730947
1.29839
0.508285
0.397168
0.136292
2.38415
1.03275
0.44291
2.45986
3.24775
0.730866
0.306135
0.750955
0.750099
1.29393
0.979556
0.157701
0.433619
0.528965
0.196461
0.549354
0.349741
0.606472
1.11992
2.29011
0.739548
1.14857
1.03803
0.37354
1.03367
1.71431
1.52643
0.30596
0.448041
2.28553
0.450671
0.884521
0.560348
1.07885
0.240644
1.60439
0.904092
2.5823
2.07894
0.774472
0.688652
0.430868
0.631525
0.462299
0.375177
0.341891
0.51301
0.920149
3.41882
0.723459
0.776244
1.10315
0.36588
1.8397
0.761257
0.941202
1.29918
0.276184
0.565924
1.18303
1.2592
0.457592
1.66975
1.50924
1.81793
1.39733
1.36346
0.688127
1.0797
0.936148
1.13222
0.42136
2.8347
0.985704
0.666252
1.36908
1.36579
1.04652
0.273052
0.778717
0.812497
0.918827
0.625887
1.18267
1.34197
0.692618
0.697678
1.63156
0.673376
1.68614
0.99024
0.762283
1.9223
1.51223
0.967187
0.511786
0.417065
1.45827
0.766661
0.583765
0.149023
0.750592
0.672765
2.64671
2.03206
0.761297
0.152902
1.17116
0.547699
0.896986
0.713881
1.5572
1.15846
0.106468
1.36552
0.568037
1.04554
1.6285
0.666907
0.449758
0.197739
1.02466
1.86075
0.421415
0.95226
0.770405
0.399684
1.08595
1.41474
0.357337
0.579191
0.328907
0.457893
0.828673
0.5679
0.934186
2.15476
0.696881
0.505944
0.774442
0.843597
0.787273
0.602095
0.338372
0.624226
2.91033
1.49113
0.459401
0.842754
0.865353
1.3053
0.447107
0.369809
0.388281
0.320888
0.535127
0.526266
0.642565
0.803572
0.465727
0.487484
0.13077
3.17925
0.689125
1.56654
0.955372
1.02424
0.764098
1.87991
0.807551
0.474861
0.303924
0.653129
0.871731
0.540919
2.85858
0.749761
1.20896
0.24875
1.75048
1.24512
0.375252
0.670928
0.439969
1.51428
1.06584
0.560709
0.80913
1.13151
0.181015
0.695098
1.48509
0.623082
0.477745
1.83395
0.364612
2.64776
0.756428
0.579731
2.80704
0.642597
0.771057
0.311705
1.10961
0.774095
0.988636
0.876117
0.719018
1.10122
0.435609
0.916585
1.08194
0.48314
1.02725
1.22785
1.12843
1.38465
1.21534
1.6641
0.0163939
0.464327
1.70959
0.160209
0.30096
0.47218
2.51435
0.803854
0.713421
2.31186
1.10039
3.29956
0.779555
0.548537
1.07861
0.494799
1.47108
0.265403
2.65046
0.683667
0.267522
1.56692
0.918283
0.989045
1.8182
1.54663
1.63569
0.706421
0.444199
1.25963
1.59672
0.13766
1.22061
1.73196
0.975302
0.850524
0.451919
0.1685
0.416534
1.99624
0.579896
1.01433
1.30215
0.853491
1.08662
0.232757
0.0726911
0.25313
3.10723
0.910394
1.7214
0.593859
1.38298
0.189325
0.215271
0.262314
0.414375
0.42316
1.21537
0.146605
0.305001
0.99792
0.606083
1.59075
2.38747
0.941262
0.245046
0.33368
0.900326
0.810964
1.33825
0.802358
0.581874
0.53204
1.1157
1.52762
0.0838818
0.294257
1.6061
0.127264
0.558808
0.137882
0.410769
0.563074
0.487721
0.834573
3.45615
2.14332
0.703388
0.850149
3.40014
0.323665
0.417293
2.3197
1.00399
0.530303
0.334723
1.34477
0.612207
1.84153
0.00757776
0.743748
1.13055
1.39676
0.849267
1.184
1.33445
0.0653786
0.452117
0.881325
0.530938
2.116
0.612052
0.619653
2.06146
1.96927
0.262337
1.9244
0.428645
4.07419
0.354839
1.03166
0.859073
3.70443
0.836532
1.41297
0.576448
0.870604
0.692465
0.926476
0.0722007
0.0817404
0.418369
