1.2046
0.0546822
0.99503
0.324985
0.513026
1.96132
0.438334
0.737011
0.762126
1.80869
0.377971
0.981161
2.94166
0.125945
1.44082
0.366403
0.31826
0.433224
1.98013
0.334829
0.53144
0.474457
0.386478
4.13608
1.18804
0.391539
0.37582
0.735515
0.209105
0.484686
2.67141
0.149689
3.46806
1.2937
1.42817
0.613019
0.882929
0.321758
1.71616
1.52546
0.841965
0.403114
0.000800395
2.62685
0.133104
0.409989
0.125174
0.548849
1.86627
0.0504756
1.34754
0.330467
0.325583
2.08025
2.3418
2.83766
1.9975
0.183866
1.53063
0.365965
1.08985
1.34493
0.299898
0.630851
0.154248
0.270608
0.255719
1.06677
0.541075
2.44247
0.558198
1.69881
2.48937
0.0220348
1.41699
0.227176
0.395225
1.23606
0.459023
0.171756
1.21118
2.65187
2.29547
0.502295
0.18484
0.458727
1.10649
0.384813
0.066675
0.540893
0.227882
0.0321502
1.11238
0.38564
0.0966065
0.940196
1.38835
0.232296
0.341992
3.13958
0.661358
0.0521715
1.76194
0.159927
0.95192
0.967993
2.61251
1.95684
1.08333
0.385636
3.64438
0.800819
0.143167
0.0521277
0.401169
1.71173
0.312449
0.768993
1.12108
0.376428
1.30065
0.595212
0.381329
0.419361
2.5214
0.356754
2.57566
0.56985
0.816291
1.39575
0.0240805
0.501354
0.410761
0.740484
0.0999826
1.28655
0.0440572
0.626286
0.741604
0.636852
0.373683
0.153784
2.43081
1.64466
2.5336
5.11316
1.83327
2.09047
1.98545
0.231473
1.65962
0.101861
0.431682
5.64629
0.954667
0.287091
1.66275
0.0961793
0.488362
3.40664
0.34083
1.6134
4.43663
2.67984
0.722141
1.40996
5.33562
4.4293
0.15837
2.89743
0.122817
4.2706
0.0817122
0.328215
0.557038
0.553134
0.932571
0.0846899
0.207503
0.958872
3.65673
0.641646
0.0975609
0.215711
0.484107
1.96686
1.59678
0.388945
1.2798
0.0461193
0.154514
0.217863
1.1855
3.35014
0.0787247
0.569867
0.0362163
1.31051
0.796039
0.373684
0.274163
0.252267
0.119285
1.07687
1.06243
2.10003
0.385015
0.586194
0.9561
1.04853
2.16713
2.4847
3.57792
0.295926
1.3653
1.29394
0.250386
0.521727
0.157149
0.135106
0.735294
0.398251
1.73133
0.699699
3.70759
3.40576
0.73519
1.02031
0.471323
2.09468
2.11676
1.58771
0.559352
0.321757
0.640404
1.34674
0.976146
1.27196
1.48572
1.62499
0.258316
0.477016
1.09976
0.067649
0.173539
0.328898
0.0613014
0.730227
0.34806
2.13626
1.65752
2.33845
0.354217
4.44504
4.7796
1.23875
0.81148
0.964902
0.0732384
0.118532
2.47879
2.28716
0.433323
0.576784
0.980764
0.255475
1.7372
2.25741
0.204723
0.698974
1.2878
1.73735
0.512941
1.13091
0.950777
1.86229
0.409815
0.677681
0.064844
0.0832723
0.301634
0.748953
0.0107741
0.678162
0.409105
0.208223
0.178543
1.34398
0.232347
0.445744
0.391209
0.217832
2.04371
0.741237
6.14974
1.11688
0.184606
4.56998
5.24179
0.477613
0.938515
1.56387
1.4354
1.62865
0.598071
0.120763
2.97461
0.106195
0.416279
2.31757
3.17349
0.591898
0.362869
0.688675
0.171376
0.679179
0.347722
0.988239
1.91022
2.245
0.747998
0.419869
0.259602
3.1839
1.16724
0.209359
0.26886
0.312857
0.0466284
0.251564
3.32542
2.86839
0.528304
1.04285
0.866219
1.31076
0.844587
2.47326
0.68728
1.65343
0.829935
1.92168
0.450721
2.23686
0.754884
0.888715
2.0746
1.11425
0.99296
0.154423
1.07433
1.417
1.44147
0.0868132
1.38307
0.133892
2.76932
1.05706
2.06358
0.924307
1.24438
0.843164
0.251948
0.662176
0.299554
3.05017
3.07775
0.119776
0.247244
0.72002
1.62683
0.989663
0.589789
1.31849
0.404889
0.716208
0.616651
1.44539
2.92919
0.944009
0.275729
0.660106
0.513149
1.22197
8.24579
1.06401
1.18192
0.0062905
1.06366
0.766297
0.514157
0.353832
0.727616
0.255166
0.796654
0.586783
0.93577
0.499305
0.315987
2.65306
0.424229
0.15287
2.53768
3.06688
2.83977
0.0965643
0.195303
1.06958
1.01277
0.676356
0.195524
0.910157
0.410103
0.313858
0.333146
0.0384259
1.14512
0.591697
1.22283
0.538978
0.205549
1.57491
0.875486
0.253522
1.30584
1.57235
0.222574
2.84579
0.0551509
0.147118
0.882357
1.18082
0.6415
0.689226
1.96259
0.601311
3.55894
0.246559
0.0630005
0.303505
0.386836
2.11668
0.176254
1.41412
0.758135
0.142451
0.102955
1.30242
0.698503
0.633704
0.551972
0.88768
0.673483
0.125546
0.383457
2.06191
0.177303
0.59854
0.716993
1.06626
0.547266
0.205428
0.257261
1.00029
1.0029
0.600732
1.20392
0.104016
1.8414
0.129393
0.505448
0.0155484
0.351047
0.976021
3.48124
0.556388
0.189153
0.0325169
0.644351
1.55755
1.01227
0.249266
1.61715
0.0769809
2.64424
0.31523
1.66847
0.101224
0.520803
0.5528
2.57326
0.581445
0.857227
0.523603
2.68124
4.89504
0.160693
1.66279
0.46535
1.2087
1.02987
3.09262
0.0270643
0.530412
1.48368
1.38998
1.37801
1.48927
2.16941
1.38776
0.181817
0.296172
0.393348
0.10775
0.890197
1.03073
0.750777
0.413837
0.0197064
0.238427
1.05817
1.43987
0.519645
1.18559
3.18457
0.2859
0.754479
0.601124
0.318205
0.152422
0.101231
2.4847
0.993641
2.0212
0.213911
1.08927
0.503685
0.19597
0.269248
1.06705
0.438964
0.850626
0.459015
1.54476
1.68676
0.499134
4.41495
0.187071
1.26029
2.68135
0.499238
0.649141
0.142813
0.537344
0.363449
0.615471
1.93262
0.133466
0.174511
1.06332
1.12921
1.03738
0.673001
1.42864
0.843905
0.335461
0.349561
0.664559
0.426637
0.0659637
0.212249
1.26229
0.392217
0.153961
0.0888383
2.10208
1.0385
1.49953
0.613143
0.727133
0.782797
0.350796
2.34613
2.65073
0.15765
0.968075
0.939116
0.319595
0.48504
0.681294
0.0282353
1.99131
1.56076
0.0923641
0.410794
0.939232
0.078227
0.962075
0.583144
1.35569
0.823415
3.67462
1.31944
1.33379
1.74934
0.688606
0.757829
1.21085
0.347631
0.552209
1.20595
0.511834
0.458716
0.460542
0.45489
0.897521
1.1875
0.894125
0.962733
1.41344
0.243789
0.931814
1.20732
1.2962
4.69919
1.52726
0.0228525
1.18339
2.37136
0.515391
1.54082
3.3546
0.0304833
1.89751
0.910569
0.23885
1.01825
0.337392
0.849116
0.816831
0.173975
0.994777
1.58014
0.30768
0.0335636
1.41659
0.0364132
0.0551455
1.29176
0.721764
0.0341401
2.89128
0.0179817
2.73343
2.92303
0.178142
1.05012
0.99709
0.997946
0.0898499
0.296874
2.04947
1.05191
1.32994
0.247542
1.49168
0.37383
0.210059
3.47793
0.178348
0.227836
2.82094
2.48625
0.00441307
0.699208
0.142218
0.705535
1.0386
0.72798
0.518752
3.21547
1.86814
0.617495
0.448456
0.973686
0.340061
0.108922
0.457883
0.0256903
0.24336
1.23467
0.193329
0.00910846
2.98406
0.593214
2.74539
0.867049
0.811928
0.320238
0.398809
0.448413
0.454188
0.0747165
0.254861
0.227712
0.246805
1.37015
0.610233
0.00395781
1.01458
2.8075
0.801045
0.416537
2.47349
0.393888
1.8131
2.63021
0.911082
6.36413
2.6107
0.00752883
3.02378
1.1693
1.02905
3.58748
1.16094
0.475248
2.0159
0.17878
0.107793
1.40392
0.249764
1.78926
0.624637
0.0316688
3.61204
1.11481
0.367524
0.259719
3.26677
0.892339
0.735317
0.572118
2.19466
0.071203
1.81464
0.229821
0.0658405
0.736998
0.494309
0.506205
0.0607025
1.26643
0.334739
4.15546
2.49554
0.0982764
0.121821
2.66959
0.265507
0.41715
0.944405
1.64772
2.80467
0.270362
0.365953
1.35051
1.90757
0.486396
0.741786
0.277476
0.648764
0.289954
3.48918
2.33316
0.425848
0.283845
1.2655
0.850967
2.2891
0.0293261
2.72411
5.78859
3.43691
3.19666
3.08513
1.34087
0.148448
1.03911
0.76473
0.174766
5.39595
0.963457
0.818735
0.104258
1.81855
1.90359
0.12933
0.360163
0.187801
0.839084
1.38126
0.978066
1.4417
0.596056
0.18713
0.0589799
1.60986
0.1337
0.197822
3.12909
0.51878
0.214209
0.0768107
3.13062
0.375476
0.719507
0.362601
0.284197
0.903361
0.502672
0.269098
1.43776
0.0938036
0.817969
0.685469
1.03896
0.886586
0.214252
1.71297
2.72012
0.0419499
1.23186
0.612015
2.14542
0.400077
0.157713
0.480749
1.48382
1.86862
2.88418
0.197149
0.713632
1.01205
1.12707
1.32233
3.38365
1.60521
0.35087
1.04736
0.0417332
1.11341
1.34021
1.03341
2.70962
0.0133451
1.62287
1.03951
0.640479
0.619485
0.0644353
0.6273
1.15756
0.151886
0.0107106
0.273608
0.673787
0.280599
0.376471
0.541622
1.25614
2.96895
0.485413
0.146372
0.00408498
0.182497
0.896244
0.114933
1.95043
2.1331
0.448182
1.19784
0.991092
0.322511
1.74318
2.28077
0.0200841
0.328825
0.213592
0.373576
0.197
1.92194
1.6617
2.68857
0.213177
0.117099
0.223963
2.04069
0.4032
2.78912
2.44246
0.0739415
0.296767
3.08993
0.955282
0.455325
0.251928
0.440142
1.43286
0.762974
1.39354
0.889536
1.40679
0.0310772
2.43421
1.43535
1.05324
1.9326
3.1811
1.35021
5.35322
0.085112
0.547623
0.0471844
1.78783
1.31011
0.625521
0.812349
1.14338
2.86784
0.395842
6.12253
0.433521
0.605549
1.16776
3.46165
2.87773
1.67914
1.51822
0.452115
1.19174
0.0309776
1.36407
0.625051
0.253152
0.988454
0.298896
0.428393
0.139077
0.75899
0.700317
1.47088
0.262781
1.8741
0.378395
0.244637
0.348163
0.0267006
1.29494
1.12259
0.0416438
0.0542175
0.234884
3.03858
0.544197
0.32734
1.26614
0.924124
0.0703769
0.102485
0.435231
2.32159
0.370401
0.766253
0.143641
0.97334
1.47701
0.615025
0.272613
0.0244396
0.150338
3.38874
0.280507
0.391788
0.104391
0.959101
1.34323
1.17014
0.0771844
1.78536
0.323211
0.68006
2.43407
0.759417
0.641968
0.054498
1.20301
0.0653193
0.291069
0.893391
2.66311
1.92388
0.378794
1.31315
0.433082
1.64231
0.205256
2.53556
0.0754905
0.131864
0.0329226
2.98053
0.796201
0.726166
0.531215
1.97186
0.708923
0.157354
0.833409
0.552408
2.88908
0.474888
0.520461
1.3085
0.204188
1.37263
0.664092
0.0465924
0.608115
0.307273
0.650682
1.45241
0.189174
0.491569
1.63206
2.28297
0.851626
0.0120096
0.57385
0.297347
1.31259
0.783315
0.680342
0.426623
0.245218
0.878851
0.640814
0.140569
1.22303
0.441814
1.5957
1.3977
3.42465
1.09059
0.420874
0.308203
0.832519
2.84639
1.40081
2.67435
5.62855
0.427411
0.253495
0.533656
0.213174
0.99378
0.207691
1.25971
0.958278
5.40201
0.774032
3.65926
0.501287
1.25676
2.13351
2.20501
3.6177
1.49242
0.724665
1.80507
0.0137175
0.865013
0.971714
0.436727
0.135665
0.213436
0.280156
0.272326
0.679208
1.04005
0.463805
1.28474
0.727965
1.51214
0.952533
4.11401
1.61571
0.497211
2.95452
0.669551
0.992184
0.25295
1.02485
0.489154
1.27201
0.728292
0.296489
0.849954
0.836581
0.64744
0.546933
0.160137
1.07662
0.86616
0.473589
0.639358
0.199455
2.10334
0.243397
1.40457
0.521224
0.990619
0.954143
0.217886
0.53837
3.06293
0.0135488
0.192306
0.666358
2.75202
4.16654
3.47862
0.940083
0.529308
0.372757
0.554161
0.21015
0.831099
0.773225
0.0888656
0.922968
2.10903
1.76688
0.113491
1.24573
0.527123
0.572864
0.477689
1.36021
0.151598
0.48698
0.238791
0.442874
0.524661
1.2476
0.972777
0.0943892
0.044828
0.297137
0.484893
0.313789
1.85227
0.393505
0.856662
0.641787
1.7577
5.44241
0.504702
1.51054
0.134622
0.261662
1.11114
0.590007
0.537577
2.1714
2.085
0.129782
0.0515914
6.49481
0.0799563
0.897087
0.191885
0.00371322
0.285556
4.20454
0.391191
1.48752
0.707636
0.226402
1.57117
0.189797
0.741626
0.186676
0.204023
0.294168
0.403242
1.92102
0.332484
0.0203569
1.96083
0.648595
0.0976874
1.63504
0.656183
0.111387
1.02721
1.54879
1.99826
1.92895
1.98416
1.6237
0.272645
0.226727
0.509533
0.890823
0.353211
1.7709
0.166338
2.14724
0.375521
0.567923
0.247377
0.496285
0.229306
0.318357
0.00325838
1.93579
0.829129
0.962504
1.56941
0.136342
0.973901
1.06747
0.00280603
1.41798
0.545283
0.101381
0.763627
0.114051
1.29695
0.147005
1.86107
1.38299
0.513839
0.712056
0.0935474
0.120877
1.47922
0.0104366
0.343069
0.444002
0.191113
1.20558
0.31364
0.587056
0.343494
0.492468
0.100974
3.32795
0.399274
0.130892
2.52102
0.810774
1.92518
0.349938
0.12364
0.386101
0.659831
0.321879
0.255577
2.50239
0.245114
1.5772
1.17744
0.574215
0.500732
2.22439
0.204129
0.248707
1.94679
0.281144
0.644795
0.191973
0.930534
1.97795
0.484543
0.166312
1.67892
0.397726
0.107511
0.776275
0.906984
0.204592
1.64078
1.0612
0.374646
0.0566623
0.802562
1.838
0.878313
1.06091
0.186414
1.18627
2.53742
1.185
1.08907
0.95776
0.00503745
0.49495
0.327834
0.668435
2.569
0.25785
0.082601
0.796039
0.230976
2.20984
0.00543632
0.367911
0.302336
1.45069
2.25246
0.597472
0.173066
1.54655
2.04409
0.0410652
1.17492
0.226812
0.639423
1.75899
2.13806
0.210716
1.32472
0.0154362
1.86507
0.352542
0.288771
0.808636
2.31726
0.157132
1.56933
1.30842
0.813333
0.433958
2.91488
1.17681
0.429471
0.753421
0.00834019
0.995601
0.260752
1.24835
0.330088
1.09575
0.353491
0.700693
0.216537
0.348399
0.0871661
0.495072
0.397879
1.06972
0.890944
0.806445
0.248119
0.0468107
2.14547
0.34974
1.06002
0.379128
1.52201
0.0670049
0.37375
0.408872
0.230312
1.5814
1.53402
1.27887
2.02794
0.545967
0.0651534
0.0334614
0.5876
0.894782
0.00160662
2.08991
0.200771
1.0752
0.885643
0.213388
0.827514
0.332241
0.16701
2.86917
0.334099
2.03999
0.381014
1.68257
0.152682
0.453748
0.0603832
3.07174
1.49026
1.26441
0.140253
1.04054
0.591345
2.7899
0.128119
1.36097
1.3319
1.24722
2.62872
0.174604
0.158414
2.3456
0.0391895
0.719567
0.0132141
0.230584
0.397377
0.653901
2.12778
0.0391142
2.51892
0.859943
1.21378
0.579731
4.21766
0.322005
0.148473
0.0154733
1.28873
0.972361
0.083196
0.605176
2.97996
0.470818
1.98798
0.174704
1.60309
0.0963108
1.3157
0.153247
1.10931
0.254415
1.88285
0.721318
0.257014
0.21094
2.43486
0.412385
0.886138
0.204633
0.331839
1.02778
2.78035
0.548542
0.0371201
0.572441
1.45459
0.179056
1.98279
0.777554
2.03788
0.900132
1.89592
1.39571
1.44492
0.063469
0.792079
3.18755
0.0445411
1.33438
0.110459
0.902105
1.70917
0.137046
0.602627
0.729538
0.186709
0.818349
0.794879
1.722
0.765352
0.630044
0.575804
0.0926473
0.394096
1.14752
1.23592
0.854684
0.744483
1.01199
1.23208
0.0732551
0.457677
0.221682
0.378585
1.57079
2.77851
0.837452
0.239966
0.582236
0.0732817
1.9342
0.257691
0.150177
0.589213
2.06986
1.37242
1.30063
0.622611
0.85596
0.709775
0.0597012
0.122329
0.0101307
0.678058
0.538328
0.730384
2.62368
1.06942
1.45701
0.965976
1.21268
0.315723
1.3009
0.276907
1.12338
0.163847
0.293133
0.586695
0.948567
2.6993
0.174215
0.295918
0.83775
0.276594
0.787826
0.190359
0.31086
0.29124
1.38148
0.24283
0.201264
0.528867
2.06686
0.723648
2.95849
0.265982
0.906847
1.83976
1.53602
0.0950451
1.36376
0.699255
0.589143
0.0101975
2.12712
3.62951
2.65168
0.0907449
0.425483
0.349034
0.430155
0.659359
0.353578
1.96077
1.78537
1.19776
0.309052
0.129576
2.35935
0.607223
1.08685
2.13723
0.522691
1.43199
0.0319617
0.360822
0.411098
0.468433
0.313079
0.144776
0.352039
1.42689
1.07865
1.40546
0.0304509
1.53623
0.700809
0.927831
0.248604
1.41121
0.0602183
0.160313
3.63732
0.37845
0.235227
0.356354
0.722015
0.204947
2.39241
1.4795
0.610414
0.493217
0.370904
0.508729
2.03933
0.796127
0.645102
0.288735
0.174873
3.06442
0.407125
0.570122
2.81572
1.21029
1.10707
0.773726
0.700763
0.287457
1.00606
1.05767
1.36949
1.57002
1.01838
0.0985949
0.473182
0.150488
0.372875
4.64264
0.936855
3.06016
0.193053
1.47876
0.258821
0.915688
0.19194
0.973208
1.23541
0.884138
0.350864
1.80459
2.08675
1.93722
0.502083
1.22148
0.371442
0.665486
0.665389
0.682111
0.481254
0.131737
2.72474
1.7565
0.166659
0.175473
0.360962
0.965513
1.82453
0.136291
0.389529
1.28514
0.997339
0.750151
0.332804
1.08314
0.021746
0.625194
2.05276
0.0760596
2.53069
0.899845
0.554291
0.54344
0.695245
0.591615
0.0467041
0.994886
0.633446
2.99416
2.43236
0.0579504
0.0254047
0.386294
0.434932
0.801782
3.19427
1.3541
0.180586
1.40554
1.40757
1.30343
1.97524
0.948072
0.195753
0.383502
1.9462
0.763701
0.330672
2.19899
0.266162
4.32791
0.11361
0.0157485
0.0612387
0.117258
0.271521
0.390302
0.0222278
0.608267
3.1766
0.558422
0.430428
0.226418
1.63099
3.05624
2.18926
0.339801
2.12834
0.156995
0.507364
0.510823
0.52659
0.115036
0.490635
0.889163
1.01989
0.245491
0.36483
0.982858
0.753614
0.449868
0.0014556
1.0935
1.05006
0.90728
1.62472
0.363055
1.01077
0.206117
0.215292
2.19764
0.642372
0.636555
0.334608
1.00691
0.0577014
0.220877
0.606688
1.11228
0.0940989
1.49706
0.961033
1.76143
1.50641
0.227335
0.698444
0.602698
0.0913038
0.212401
1.09945
1.79255
0.0910962
0.48778
0.121455
0.145729
0.334802
1.14535
0.790154
2.32023
0.351782
1.75069
0.53349
0.0531618
0.23406
0.0611946
1.37732
0.486427
1.74924
0.0341732
1.89819
0.582502
0.462481
0.14848
0.68661
0.464032
0.47954
0.489944
0.903673
0.64919
0.3862
1.99192
2.73483
0.178523
0.0957366
0.310909
0.924653
0.122742
0.102813
0.318084
0.0659051
0.235042
0.119282
0.258546
0.243312
0.670635
1.93173
0.368097
1.41147
1.943
0.513787
1.82639
1.72454
0.20687
0.220892
0.476613
0.925331
0.33419
0.179415
1.44002
1.84608
0.848997
0.0796702
0.0964655
1.97947
0.1162
1.58561
0.327254
0.0887319
0.325769
2.75406
1.68809
0.41961
0.733254
0.0514456
1.56306
0.460305
0.260167
0.321061
1.08609
1.2941
0.341844
1.00571
2.01056
0.272136
2.18414
1.31383
0.0855602
0.629105
1.55475
0.559541
0.0677367
0.825563
5.23549
0.524835
0.767677
0.267792
3.25123
0.174191
0.209592
1.94562
1.74637
0.260854
1.3413
1.01045
0.459667
0.633583
1.10297
0.321844
2.35771
1.77196
0.889253
1.99587
1.07658
0.0503411
0.855561
0.447422
0.308301
1.25063
0.347915
2.0274
0.354305
1.56964
0.203564
2.47172
0.974207
0.251389
0.244305
1.00222
0.0410456
1.32776
0.1673
0.907981
0.457016
0.256343
1.3085
0.278127
0.644268
4.00207
0.253693
0.257499
2.58137
0.481256
1.40825
0.772216
0.00415394
1.37292
1.82001
0.243001
2.80002
0.350322
1.60837
0.447562
1.71685
0.215223
0.360595
3.26801
1.49951
4.06431
0.0727855
1.06977
2.02897
1.7595
4.0583
1.07292
0.103562
1.03508
1.40249
0.015863
0.444817
1.89242
0.927364
0.716207
1.18493
2.99677
1.21938
0.964974
0.201238
0.0949843
0.0107908
0.0725606
0.48361
1.44952
1.01683
0.0141621
0.776658
2.76373
1.06506
0.0667947
0.919579
0.867508
0.67526
1.0172
0.307995
3.28742
1.44909
3.63371
0.34449
1.34668
1.69016
0.901155
1.02174
2.54036
0.558435
0.457641
2.36602
0.0377961
0.0205421
1.63099
0.0598657
0.206367
2.04186
0.00667133
1.17759
0.219573
1.95515
0.487873
0.875088
1.47116
2.30477
1.04824
5.68457
0.448177
2.0372
1.73753
0.465439
0.987071
2.03901
0.81203
0.0864834
1.51438
0.618795
0.451153
0.0140564
0.116333
0.899868
1.57959
2.04105
0.963181
4.21795
2.46049
0.126583
0.160671
0.544998
0.923942
0.158748
0.0118971
0.734067
1.27833
3.18438
0.00847644
0.117722
0.376771
0.114379
0.396113
0.129447
0.0375439
0.945793
0.372165
0.366785
0.920478
0.846749
2.83775
0.0278753
0.153676
2.42142
0.521401
0.22845
0.23794
2.36341
1.58061
1.31256
0.18511
0.735686
0.169311
0.829219
1.2382
0.894494
0.601605
2.73413
0.472451
1.14123
1.17654
0.485472
0.340065
0.461035
0.676044
0.232837
1.68124
0.846384
1.76193
0.617151
0.217641
0.244828
0.954369
0.983927
0.9099
1.79286
0.570022
0.941862
3.62683
1.55386
0.113304
2.11809
0.571853
0.831774
0.353804
1.02905
0.405229
0.935775
3.56246
0.164767
0.635431
0.073299
1.53705
0.0684327
0.284993
0.105473
0.519294
1.04739
0.0207388
1.70949
2.75841
0.20529
0.963479
0.796095
0.136287
2.09227
0.477541
0.463321
0.785994
0.834058
1.30021
0.285804
0.740116
1.13968
0.614505
0.920209
0.234842
1.86643
0.953591
0.694695
0.773589
1.14492
1.43912
0.273653
0.537637
0.896549
0.649935
1.07424
1.85952
0.0317633
2.84006
1.05214
0.271293
0.321128
0.293925
0.188755
2.09524
0.473367
4.99807
2.27915
0.587628
0.707271
1.00389
0.748124
0.0785748
1.00061
0.0677481
0.4582
0.677099
0.653417
2.4994
0.0875972
1.91701
0.628902
1.42631
1.37641
0.163843
2.98001
0.491114
0.160528
1.08587
0.697658
1.88692
1.43959
0.464104
0.342493
0.107964
0.0877945
2.14033
2.52136
0.48998
2.98228
0.466854
2.88849
0.558879
4.11585
0.193994
0.936668
0.418887
1.38271
2.63821
0.122564
0.0129045
0.316959
0.649169
0.0955573
0.044261
0.592452
0.375251
1.39498
0.47912
1.1434
1.64194
0.304986
0.044317
1.95422
0.688828
1.44194
2.15871
0.348126
1.37264
0.591703
0.322848
0.325564
1.65705
3.60883
0.420531
1.44466
0.884749
0.617831
1.58789
3.77601
0.661308
0.895242
0.45143
0.647202
2.15326
0.265617
1.77073
0.69699
0.405974
2.76279
0.0717049
0.214588
0.686969
0.0497764
0.477565
0.198642
0.0709944
1.4439
1.43655
1.37103
0.0345716
1.38499
0.202588
0.885441
1.28074
2.3071
2.08628
0.725688
0.0596393
0.138981
0.663517
0.289431
0.100023
2.23485
0.724729
1.66057
0.530614
0.448464
1.40358
0.887885
0.163108
0.0748556
1.88756
1.68858
0.849947
0.925736
0.300335
3.74346
2.17172
1.77884
1.04706
0.796166
0.0643061
2.4181
0.245073
2.98887
0.445226
4.82219
0.525403
0.178719
0.98741
0.267016
0.142224
1.58121
0.290593
2.23556
0.88847
0.0929904
0.153737
1.11005
2.12945
0.322127
1.01619
0.339358
1.69909
1.61119
6.44655
0.160629
0.112643
2.23492
0.604046
0.324805
0.135719
0.709706
0.114184
0.665733
0.838388
2.28594
0.855249
0.40306
1.15021
1.33395
0.890236
0.177457
0.237045
0.407634
0.454725
3.30652
2.01428
1.03733
1.16127
0.303231
2.83439
0.875906
0.0842459
1.71747
0.0516088
0.00347109
0.772826
1.81114
0.381842
0.353897
0.948109
1.93738
3.32822
3.36208
0.0261125
0.562492
1.31574
0.228474
1.19035
1.62243
0.133255
0.290533
0.129478
1.05149
0.00668758
0.0214191
2.57822
0.599937
0.675364
2.88841
2.17912
0.829146
1.59147
1.29196
1.15364
0.194091
0.255336
2.4887
0.894847
0.2323
1.16352
0.764025
0.63726
1.59615
0.267047
2.81333
0.332739
1.44829
0.630009
0.399624
2.64065
0.201102
0.0163425
1.05966
0.86426
1.92657
1.07745
1.44567
0.585586
0.0241246
0.297077
0.000379465
0.564067
5.74713
0.13839
0.0240844
0.135153
2.42191
0.91193
0.302213
0.213802
0.988484
0.378843
0.107402
0.967281
0.238165
0.0380808
0.861802
0.522419
4.51284
0.63705
0.823231
0.361328
0.440964
0.749935
1.61708
0.600233
2.45521
0.198749
0.0105664
0.222091
2.12415
0.711554
0.929725
0.486385
2.11217
0.447499
0.0118524
0.156293
0.027672
0.403183
0.135944
0.19504
1.30472
3.97784
1.47583
1.01202
1.96825
1.72275
2.31708
1.87422
0.260626
1.53053
1.74242
0.171269
1.05291
0.901409
0.739364
4.31001
0.0108146
0.585312
2.8657
1.40544
1.77545
0.150433
0.440858
1.0082
0.852284
1.57838
1.23767
0.182641
4.4114
0.19282
1.13819
0.713344
1.77925
0.00511736
0.982755
2.1337
0.343318
0.367004
2.0364
0.28618
0.146626
2.54344
0.197609
0.174099
0.325771
1.03916
1.23647
0.642372
2.45293
0.169347
0.12233
0.319233
0.274741
1.16593
0.67548
0.282054
2.11718
4.055
0.0890664
3.80346
0.428927
0.685493
0.523825
1.50192
0.457209
0.864273
0.0322346
0.871029
0.420217
0.0132268
1.33176
0.161137
0.732751
1.33118
4.38602
2.05503
2.32321
0.214496
0.651613
0.217299
0.0235899
1.63994
0.715582
0.972064
1.86459
0.784339
0.744341
1.3185
1.09316
0.402085
1.16685
0.553632
0.00719094
1.08516
2.741
1.85898
0.342086
0.856651
0.781045
0.224389
0.0222942
0.482196
1.26409
0.0759995
1.29469
6.04196
1.47359
1.89256
0.389004
0.29389
0.479354
0.0393009
2.31283
0.877333
0.0385818
0.304568
0.563301
0.281151
1.19163
0.284141
1.34669
2.45705
0.640522
0.182244
0.0695737
1.49844
0.485679
1.12457
0.652961
1.8133
1.29607
0.111141
1.3263
0.717891
3.323
0.0606152
1.43735
1.23317
1.35078
0.33093
0.317335
1.04409
1.09801
1.494
0.352407
0.332243
0.590687
2.73963
0.478571
2.19337
0.24044
1.13763
3.70766
0.754248
1.55991
0.604061
0.390667
1.44226
0.347309
0.38487
0.149233
2.73601
2.69091
0.713404
2.27001
0.658464
1.79647
0.879077
0.170394
0.150826
0.0118554
0.189258
0.407836
0.131918
0.934549
0.00410682
1.09724
0.189473
1.14204
0.135797
0.0937564
0.996913
0.370132
1.1052
1.08249
3.59743
0.836446
3.09341
0.447408
1.64252
0.0926581
0.0612404
0.198634
0.531711
3.70564
1.28096
2.37454
0.340393
0.646058
2.51161
0.829124
0.908425
0.676554
0.0580345
3.90259
0.436627
2.04399
1.40253
0.19605
1.93513
1.0854
0.40132
0.284811
0.355431
0.101243
0.766131
0.113458
0.776695
1.0898
0.967609
0.317677
0.1464
0.12031
1.28735
0.937403
0.686327
1.43076
1.10298
0.666725
0.46958
1.24225
2.09833
0.119086
2.40249
0.605984
0.298161
1.24072
1.48154
2.98218
1.41517
0.245876
0.0980697
0.683944
0.0991439
4.45381
0.102706
0.262553
0.127524
0.667949
1.42605
0.526872
0.871541
5.01517
0.18894
0.235797
0.181293
2.22156
0.348175
1.78444
1.24331
0.490314
1.46288
0.256102
9.20336
0.684535
1.05395
1.56579
1.16018
0.409603
0.311583
1.04161
0.480215
0.480505
0.950827
0.116863
1.95962
2.33984
0.544684
0.477936
0.780711
2.58122
0.425063
0.382567
0.100284
0.293624
0.0148688
1.93974
2.32445
0.396026
0.613212
1.90466
1.43128
0.629461
1.69678
0.0657604
0.148287
1.62053
0.0872667
2.81316
0.190693
0.435554
1.28162
0.959222
0.260184
3.22158
2.22232
0.402616
0.87764
2.65075
1.43047
0.677306
2.03913
1.7082
0.48443
4.06718
0.734899
0.161398
0.340957
1.94334
2.53072
0.507511
0.409815
0.00778162
1.09482
0.139402
0.743269
0.553696
0.609726
0.0939868
1.74435
0.689
0.424103
0.600239
0.529805
3.0968
0.509744
2.51747
2.40854
0.473007
0.179044
0.0998699
1.30715
2.07242
1.22007
0.541684
1.33167
0.16785
0.413519
0.386481
0.414825
0.891289
1.04174
0.131489
0.889418
0.444213
2.29764
0.148738
0.680426
1.47875
1.911
1.20912
0.290068
0.71352
0.0394669
0.141602
0.282105
1.89448
0.534645
0.461104
2.2402
1.54754
0.998151
0.152746
0.180519
0.0753443
1.1386
0.992911
1.13997
5.08261
0.239332
1.45031
1.50738
1.65149
0.0852971
0.507713
0.345767
0.101126
0.772038
1.54295
0.624539
0.267902
1.52309
0.392891
0.963824
0.579868
0.288837
0.589321
2.0573
0.335616
1.65428
0.750142
0.0214293
1.53343
0.16596
0.00698023
0.437459
0.818257
2.05659
0.076145
1.47612
0.708012
0.0874234
0.293231
0.48302
5.22242
0.0982814
0.398689
0.713665
1.3728
0.73072
0.590637
0.613108
0.395831
0.712647
1.56661
2.42639
1.71078
1.00523
1.85887
0.969405
1.60246
0.488558
0.190559
0.12196
0.0607019
1.66174
0.195512
0.428454
0.24809
0.139829
0.479198
2.67032
0.176831
0.365826
0.459321
0.424673
0.317634
2.15143
0.815673
0.427207
0.354399
0.215972
0.648187
0.73702
3.23195
1.44132
0.965009
0.553345
0.859427
0.743909
0.169599
0.365782
0.347394
0.147129
0.903926
0.362655
4.57725
0.189438
2.3914
0.485375
1.05795
0.378882
1.31624
1.4288
1.13627
1.74661
0.169826
2.09702
2.03552
0.941875
0.871282
0.652241
0.301098
0.192825
0.701988
0.0737407
1.47496
1.65539
0.35446
0.066352
0.0481122
0.721601
1.11214
2.1328
2.37036
1.70497
0.0289237
1.10448
0.34258
1.07236
0.370447
0.521241
0.309384
0.605161
1.01317
0.0901987
0.00730628
0.494931
0.518805
0.170461
0.150938
0.195681
0.0641711
0.165913
1.04189
0.61455
0.0665065
1.84918
1.36173
2.76056
0.383615
0.473132
1.07962
0.812785
0.428598
2.8082
2.66183
0.229089
0.890608
1.93307
0.0895291
1.14555
0.355854
1.16231
0.201285
1.65733
3.2023
1.2958
0.649556
1.64566
0.752753
1.02125
0.147958
0.212968
0.13704
1.11762
2.3076
1.89377
0.957867
0.577368
0.156005
0.449997
2.75898
0.370753
0.370472
0.961765
0.14952
0.0738891
1.55565
5.71049
1.19341
1.12072
0.547265
0.912573
0.555774
0.811753
2.9633
1.98763
0.199595
0.665419
0.146026
0.264527
0.081318
1.24871
1.36099
0.0788317
1.10789
0.441623
1.31593
1.09617
2.55869
0.652264
1.41591
0.780824
1.16857
1.17639
0.509619
1.986
0.552273
0.0728473
0.0737944
0.503221
4.36803
1.10344
0.221421
0.555897
0.813322
0.250342
0.0501972
0.238471
2.40406
0.477217
0.29426
0.702542
1.96559
1.21171
0.434784
0.435498
0.983958
3.54393
2.31232
1.34873
1.58608
0.436641
0.554289
2.31397
1.03833
0.586499
0.850178
0.478854
0.8589
5.02508
0.954103
0.418802
1.29022
1.09003
0.777787
0.457822
0.561428
1.20972
0.255343
0.4796
0.991742
0.0819813
0.0287244
0.722757
1.14323
0.263782
0.116236
0.097354
0.306322
1.02379
2.55452
1.2211
0.235673
0.856581
2.27578
3.81837
0.520084
0.726514
0.127236
0.598044
0.993731
0.0726822
1.04631
0.546323
1.20224
0.345859
0.889988
0.118378
0.0840005
1.91423
0.912324
0.788277
1.17244
0.88567
0.583355
0.954597
1.22412
2.74685
1.21818
0.733658
0.59421
0.272906
1.20415
0.837142
1.54668
1.32791
3.74224
3.94554
1.79186
0.803048
0.0650001
0.422812
0.0777257
0.623884
4.40158
0.554115
0.968989
0.679815
1.31371
2.71659
0.13956
0.690637
0.907879
0.189379
0.790666
0.15509
0.394878
0.0723484
0.56351
0.735369
1.26294
1.55572
2.36365
0.287321
0.0992463
0.852553
1.02165
0.0603615
3.77614
1.4189
0.780587
0.321357
2.61082
1.12468
1.45036
2.18248
0.332504
0.891872
0.000421696
4.67831
0.290492
0.860708
2.84511
1.09822
1.16687
0.853372
0.258815
0.42506
0.885485
0.779629
0.324577
0.197152
0.742458
2.55778
0.658841
0.116928
0.539252
0.456258
0.893772
0.833546
0.663463
0.205171
0.119778
0.93424
0.19905
0.317426
2.92599
0.0659668
0.395191
0.664146
0.758427
1.37821
0.549918
2.60677
1.03607
2.49618
2.53448
0.467198
0.0642634
0.715067
0.966196
0.962773
1.61585
0.439066
1.39419
2.44001
0.491327
0.0279102
1.92691
0.550654
1.39875
1.76073
0.545617
3.32954
0.0641364
0.717703
0.458821
0.933519
0.50285
0.0487622
0.530132
0.858477
3.10845
0.507963
0.0145763
0.635575
0.02809
1.5357
0.298909
2.1783
1.00293
0.287874
2.24732
0.477929
0.735587
1.99465
0.344616
4.44643
0.577045
0.317462
1.74494
1.57124
0.656181
0.405199
0.526323
1.79819
0.789497
0.828864
2.41758
1.40012
1.15068
0.493304
1.37012
0.59104
0.549441
1.05545
0.27619
0.808804
0.34734
0.369349
1.32226
0.544447
4.18773
0.331199
1.32127
0.00334817
0.444458
0.441203
1.99063
0.0444802
0.337374
2.97686
0.304982
0.116556
1.16461
0.588697
0.607327
0.227016
1.66167
0.27571
0.90473
2.17848
0.808913
0.170752
2.54697
1.153
0.427631
1.14054
0.147162
0.545476
1.16568
1.13299
0.502947
0.646087
0.0681274
0.622153
0.296718
0.520581
1.2219
0.155838
0.150471
0.266282
1.04039
0.281741
1.76817
2.45681
0.752501
3.49406
2.52542
0.205143
0.480309
3.06505
1.33607
0.388485
0.541
1.64005
0.576518
0.572721
1.40078
0.64661
0.440993
0.0360585
4.96997
3.41995
0.0688594
2.12214
0.539691
0.0523378
0.72375
2.64214
0.100172
0.458187
0.544474
1.32167
0.718251
0.166834
0.0620058
0.276787
0.603485
0.387632
1.63958
0.0625263
7.23791e-05
1.54731
0.0266533
0.0960231
3.23898
2.33301
0.329284
0.965303
0.114638
0.211415
0.531201
1.24455
2.1493
3.97647
2.34766
1.70099
0.106042
0.210351
1.59727
0.0617282
0.7023
0.736858
1.97528
1.07208
0.451559
1.11237
0.574129
0.727341
0.97495
0.342353
0.422124
0.152171
0.351034
4.05054
0.0534133
0.0649759
2.10954
1.20155
0.805157
1.62496
1.06867
0.591546
0.4065
0.723452
0.171104
0.219074
1.45077
1.53066
2.05263
0.981074
0.130417
0.215864
0.304244
0.399799
0.307507
0.163024
0.45764
0.650843
0.495095
1.30394
1.19839
0.527578
2.19023
0.058755
0.230985
0.145544
0.706612
0.900107
1.27501
0.814373
0.181502
1.39594
0.275072
0.991918
1.44894
0.613912
1.76584
1.65133
0.472722
0.600392
0.896208
1.0349
2.35526
0.570299
0.870754
3.55564
0.534946
1.0034
0.849625
0.0955684
0.267228
2.27682
4.77954
2.68524
0.115674
0.604041
0.144517
0.134865
0.0726072
1.29435
1.91604
0.257339
0.86517
1.00607
0.952631
0.165009
0.660052
0.679542
0.0955057
2.07289
0.369324
0.598823
2.17132
0.281144
1.65381
0.564879
1.22106
1.07944
3.5825
0.250304
0.0981352
0.675611
0.0272854
1.7745
4.28322
0.500184
0.695082
0.107876
1.92273
1.49168
3.60051
2.55192
0.776529
3.74505
0.910022
2.21219
0.288067
1.20766
0.434964
0.325769
0.154553
0.833257
1.41512
0.0633609
0.0399655
0.744556
1.47234
0.302362
1.11427
0.849926
2.63205
0.358467
0.340195
0.264412
0.450532
0.181401
0.25459
1.58644
0.204088
0.559788
0.162471
0.253587
0.273879
0.409238
0.154095
0.846034
0.25419
1.4813
1.0152
0.60411
1.22974
1.37703
2.18751
0.722258
0.13357
1.73175
0.14842
0.365656
0.238197
0.418553
1.19247
0.139211
0.924201
0.320042
2.63401
0.0242127
0.100523
1.22671
0.829131
0.469028
0.0212606
0.598939
0.234034
0.0464079
0.949139
0.981907
0.567627
0.111678
0.837315
0.78136
0.0758587
0.320892
0.177464
0.623154
0.680264
0.310289
0.532883
0.0567984
0.602019
3.89698
0.5533
0.500821
0.185417
0.998662
0.234472
0.619192
0.444739
1.56082
4.58221
0.0442199
1.58135
4.03417
0.0272575
0.142783
1.36149
0.0796507
0.168433
0.362757
0.0267432
1.16924
1.59918
0.407059
2.87256
2.21289
1.92796
1.41661
1.74554
1.79678
0.531708
0.348945
0.0625696
0.865327
0.151558
0.564866
0.316391
0.273012
3.24481
0.197079
1.06617
0.230617
0.357737
0.625008
1.00241
0.0656398
0.100336
0.169786
2.02443
4.01329
0.756203
0.998056
2.67419
3.8849
0.18677
1.15813
0.695808
0.0393202
0.120689
1.08113
1.35766
0.428224
1.21385
1.03468
1.26086
0.0841615
0.323043
1.60855
0.233124
0.372956
1.37249
3.41344
1.46186
1.24074
0.337832
0.17468
0.0792767
0.268598
0.0225451
0.102428
1.22437
0.778074
3.46785
0.0415807
0.242391
0.840914
0.0936879
1.29849
0.14147
0.895406
0.830844
0.985433
0.30555
1.69942
0.609716
0.0411074
3.16935
2.65764
1.97518
0.284823
0.0612104
0.0986875
0.427167
5.06046
1.07884
5.80968
1.04645
1.23269
0.132734
0.635865
1.80415
0.0280957
1.38629
1.0843
2.35798
0.115616
1.56445
0.2533
0.270353
0.038288
0.119499
1.08449
1.06503
0.0394049
0.905523
4.03885
0.0451808
0.554541
0.61283
1.57932
0.157698
0.0425982
0.284308
1.41441
0.24698
0.954863
0.577246
3.72566
2.32037
1.94128
2.05551
2.10863
0.562469
0.738431
3.12663
0.133845
0.361925
0.0664058
0.377018
3.69212
1.39062
0.182524
2.00058
1.14004
0.967867
0.710673
0.0390311
0.325912
0.595652
1.87679
0.966552
0.779906
2.16721
0.123609
0.969688
1.54032
1.7099
0.110021
0.650111
0.249084
1.11942
0.885984
3.38067
0.0972921
0.71185
0.0875934
0.879137
0.0509097
1.06712
1.77411
0.228755
0.05997
0.618972
1.70381
1.19466
0.599397
2.01615
3.35959
1.36877
2.22594
0.65743
0.61316
0.526307
0.596723
1.64808
0.309649
0.170113
1.28559
0.690945
0.778349
0.764055
2.15616
2.73641
0.651907
0.562112
0.294364
1.75163
4.06412
1.52471
0.0908118
1.09231
0.953061
1.51234
1.22737
0.19608
1.19136
0.0435749
0.204147
1.59717
0.753915
0.448814
2.61917
1.63484
0.585242
0.57345
1.00577
0.297359
0.4722
0.327008
0.30822
2.84142
2.02271
1.90945
0.101728
0.174662
0.425409
1.94302
0.928165
1.33284
0.709575
2.34659
0.419778
0.9209
0.0308979
0.709519
1.59885
0.0355915
0.0209254
0.205371
0.708111
0.0592375
0.199514
0.735374
1.09568
1.41405
1.87855
0.318921
1.24664
0.0227789
1.17145
1.59238
1.2129
0.174554
0.11573
0.305954
1.80653
0.53391
0.199827
3.41574
1.10206
0.0481439
1.00723
0.873209
0.0256241
0.432192
1.43947
0.477115
0.425527
2.20203
1.20879
0.659958
0.5897
0.241098
0.238165
0.242261
2.72464
4.10208
0.39892
0.015752
1.15862
0.414948
0.125736
0.606526
1.27809
0.0486421
1.40783
0.330957
0.323142
0.463123
0.465781
0.769923
0.0491159
0.198015
0.109842
0.759676
1.70213
0.133907
1.46971
0.495486
1.93307
1.49107
0.197513
0.0799558
0.490567
2.00878
0.638403
0.0310595
0.847383
2.07534
1.72001
0.0938659
0.0559911
0.0806648
0.881112
0.112782
0.797559
0.65885
0.368521
0.200857
0.953726
0.307973
0.2506
1.17186
1.70975
0.996149
2.50528
0.109608
3.90423
2.03023
0.0250561
0.163889
0.717944
0.525949
2.66383
0.103433
0.0242043
0.197844
0.509811
0.28489
5.23394
1.62654
0.113122
0.351033
0.167105
0.107976
0.542006
0.69493
0.611679
4.67
5.2238
0.0821953
0.465855
1.45849
1.36581
0.821412
0.73374
1.34715
0.287717
0.854753
0.192536
0.406442
1.59089
0.92442
0.277645
1.41255
1.00751
0.454891
0.301172
1.96103
1.8614
1.67582
2.05315
0.189494
0.375199
0.105776
1.28304
1.72475
1.46168
1.16021
0.94142
3.17536
1.02364
5.19706
0.189398
1.57435
1.44073
0.381801
1.38336
1.44063
1.44399
0.203264
0.0246802
1.84831
0.633896
1.97577
0.941817
1.03913
0.00961666
0.849513
0.116394
0.784983
1.13816
0.189417
2.22018
0.305687
0.372919
0.178287
1.18367
2.39234
0.0802294
0.0361041
0.312585
0.515601
1.24532
2.50063
5.45981
0.272564
0.334652
0.831587
0.452253
0.286133
0.438212
2.41053
0.487895
1.28201
2.34492
0.183358
0.849998
0.586286
0.362734
3.50448
0.828157
1.00471
0.221894
3.88248
1.01401
2.20834
0.0415357
0.120954
0.238878
0.228474
0.870764
2.1307
0.426015
0.353069
0.728809
1.95602
2.42438
1.05254
0.188015
0.105033
0.323878
1.27347
0.352963
4.62973
0.451561
0.55806
0.404644
3.33618
0.0899729
1.50071
0.62087
0.77609
0.562844
0.795722
0.368813
1.08449
0.824577
1.96384
1.34026
0.832665
2.139
1.62035
1.9211
1.49677
0.381767
0.596901
0.858334
2.20683
0.336962
1.72848
0.106911
0.0456656
1.95177
1.08369
1.6726
0.198976
0.0381342
0.407919
1.59853
0.0892499
0.826359
0.384892
2.93282
1.07864
0.179571
0.533964
0.699009
1.98821
0.0642012
0.268128
0.0908166
0.463549
0.269607
0.371783
0.484981
0.453503
0.63123
2.72719
0.162346
0.207025
0.630031
0.38296
1.67852
0.419569
2.76339
1.6626
0.0453793
1.42953
2.62427
0.251627
0.136532
0.063758
0.195874
0.979784
0.257046
0.304622
1.07229
0.193572
1.00479
1.36823
1.07853
0.518467
0.32329
0.135234
0.572849
0.349159
0.226832
2.07277
0.719324
0.0890953
2.79562
0.0564831
2.92181
2.68895
1.03464
0.973195
0.51962
1.39248
0.609664
0.327913
0.195517
0.556455
0.601214
0.792916
0.0342159
0.0177075
2.69358
0.662297
0.0180784
0.163538
0.626308
0.179126
0.325825
3.07415
3.82957
2.40326
0.21786
2.30179
0.770755
0.2531
0.803856
0.0343233
2.84563
3.00249
5.01723
0.0756527
0.441363
0.557874
0.548987
1.71166
1.01092
0.0443618
0.633817
1.13957
0.295168
1.97051
0.18283
0.777415
1.1124
1.65194
0.38221
6.01508
0.0198661
1.22298
0.976531
0.422682
0.269162
0.307845
2.71745
1.0576
0.718523
1.37919
0.488043
1.66149
0.653261
0.682617
1.49148
0.0831174
0.288316
1.70459
0.251652
0.360131
0.727734
0.423504
1.08574
0.985845
3.60153
1.02826
0.53701
3.04558
0.7113
1.19998
0.390088
0.133098
1.24109
0.906947
1.10394
0.507271
0.310453
0.563118
0.164421
0.584943
2.1954
0.781397
0.195042
5.25069
0.483521
0.653627
2.85587
0.630346
0.841525
0.405081
0.738018
3.05733
0.0143443
0.576198
0.173678
0.0209043
0.125885
1.00262
0.140234
1.53667
0.121901
1.30092
0.219828
0.744632
0.313711
0.643734
0.268836
0.86641
0.198958
1.63921
0.03727
1.15397
1.82011
0.542188
0.630036
2.59493
0.42586
2.00749
1.20625
0.107496
0.212502
0.392084
0.754981
1.62155
0.0766506
0.285683
0.000428914
0.916082
3.21806
0.833534
1.37132
0.599092
0.844435
0.215162
0.201006
0.0422056
0.603085
0.0347489
1.14976
0.0986052
0.939727
1.08644
0.349167
1.07207
1.42972
0.664417
0.787539
0.614457
0.583705
1.47038
0.432875
0.361915
0.954307
1.06903
0.820243
0.328526
0.14598
1.79975
1.14292
1.03245
1.30409
0.192559
0.21564
0.525065
1.84965
0.264599
0.293054
0.0613717
0.79769
0.756551
1.17711
1.51225
0.294205
0.102577
0.23268
0.0284007
0.150581
0.416685
0.178236
0.341095
1.61305
0.600436
0.37697
2.1495
0.255138
1.48912
0.275697
1.014
0.0123814
0.877175
1.20151
0.233492
0.458299
0.397655
0.192597
0.480848
2.5602
0.546923
1.42331
1.00493
1.10162
0.173036
0.166654
1.66656
0.426134
0.257999
2.48505
0.793983
0.572443
2.14651
0.943468
1.69021
0.610282
0.331354
0.975953
0.111768
1.94499
0.146317
0.408179
1.12788
0.196621
0.168562
1.75533
0.0411823
1.72602
0.308759
0.329762
1.00049
0.980775
2.0635
0.0231322
0.0415652
1.68762
0.348913
0.176966
0.229225
0.0172983
0.984548
2.72129
2.75871
0.0196633
1.34749
0.143228
0.848956
0.440548
1.25722
2.31836
0.87342
1.03081
0.0157646
0.16369
1.53035
0.651279
0.174984
0.117289
0.191214
2.00676
3.39115
3.34772
0.340656
0.0555381
1.73987
2.77294
1.43372
1.46289
0.928714
0.111309
0.139089
0.883209
0.00516759
2.12459
2.80383
0.1553
0.377104
1.2319
0.230999
0.753157
0.281188
1.66567
0.101525
0.1664
1.11182
0.826426
0.311499
0.281744
0.897828
0.903764
0.228539
0.6312
0.981343
0.458257
1.30616
1.32257
1.25884
0.745135
2.27319
1.31282
0.0263035
1.94772
0.0234396
1.45909
0.142244
0.594143
0.838343
3.12339
0.589025
0.183857
0.0145743
0.554302
0.437536
3.84257
0.438328
1.71489
2.12264
0.987488
0.0022657
1.79866
4.68385
1.49878
0.276431
1.20643
0.287797
4.91494
0.0194145
0.510787
1.44192
0.651606
0.00930168
1.50908
0.932796
0.0777699
0.713387
1.51232
7.7206
0.895101
0.728239
0.792152
1.17242
1.13256
0.0331139
0.53928
0.617208
0.511999
1.11266
1.06856
1.85985
1.65821
0.467573
0.846103
0.433712
1.52513
0.788425
0.200247
0.470417
0.266033
0.51798
0.616221
0.0227458
1.13101
0.50241
0.102871
0.248839
0.897897
0.137605
0.476446
0.25465
2.90747
1.46249
0.0429744
0.250866
0.829723
1.1404
0.616093
1.89476
0.389423
0.865088
0.302811
0.610978
1.60496
0.759284
0.119209
1.52287
0.321269
1.82569
0.060317
2.22657
1.39893
1.94086
0.119152
2.88933
1.14047
1.54822
0.0071593
0.155773
2.55445
1.96155
1.62405
1.21454
0.630121
0.451054
1.30076
0.416319
0.678362
3.23783
2.60467
0.92604
0.903205
0.46611
0.119724
2.87432
2.7827
2.99454
0.254151
2.20871
0.0872243
0.358216
0.762865
5.8391
1.25092
1.12801
0.142942
0.553756
0.219771
0.670761
1.49049
0.702975
1.90928
0.615428
0.986564
0.684635
0.369202
0.4525
0.249065
0.935921
0.00224217
0.241309
0.899956
0.736726
0.705957
0.867737
0.166388
1.98891
0.281332
0.331776
3.52827
2.60125
0.831121
0.275249
2.57924
0.296916
1.9637
0.162092
0.395014
0.424922
0.763207
2.67917
0.247837
0.894812
0.158617
0.920937
0.773115
3.28455
2.41063
4.83369
1.11832
0.902001
0.487478
0.558543
1.62964
0.0280637
0.0994988
0.453474
1.08127
0.659043
0.0436936
0.762302
0.380837
1.06865
1.15266
0.594722
0.306504
1.56403
0.598722
0.298548
1.01246
0.932953
0.0148408
1.1082
0.109561
0.0362336
0.434873
1.70234
0.0205348
0.147539
0.395413
2.88441
0.0206098
0.281944
2.59481
0.102907
1.53501
0.0836847
2.67875
1.9322
0.530296
0.722636
0.205068
0.749299
0.160777
4.52258
1.78412
0.260595
0.586893
0.84338
0.0476396
0.589472
2.63546
1.04706
0.483588
1.61634
0.377489
1.96806
1.20475
0.282449
3.06772
0.421012
1.49436
2.20862
0.305686
2.01037
0.649896
1.04435
0.140835
0.0664522
0.486064
0.524444
0.139443
0.252637
2.21034
1.15141
1.21864
0.40452
0.442992
0.123264
2.21659
1.79525
0.15722
0.575387
0.555854
0.647116
0.196067
1.69802
1.79107
0.499555
0.117119
0.2055
0.139007
0.056992
0.535801
0.162767
1.57875
1.26524
0.5332
0.516961
0.61502
1.14272
0.447226
1.59642
0.260933
2.28866
0.184943
0.103761
0.546842
1.21618
1.81393
0.298936
1.54466
0.982703
1.11125
0.125725
1.73311
0.176484
0.087674
2.13471
0.685444
0.0506168
0.360572
0.60423
1.14166
5.7431
0.422209
0.800898
1.41247
0.273647
2.33318
0.125095
0.2422
1.76389
0.724912
0.407864
1.83531
1.19131
1.96381
2.63078
0.216945
0.851156
0.0632495
0.687179
1.73722
0.582033
0.373654
0.613155
0.0495338
1.89429
0.305087
0.787684
0.780304
3.91279
0.00319091
0.789678
0.544119
0.666118
1.81338
0.620904
0.600659
2.11864
0.82353
0.0547251
1.06091
0.643518
3.0394
2.53502
0.136967
1.86509
0.30627
0.0822133
0.0566332
0.60956
1.41562
0.120151
0.702565
6.53061
1.25378
0.695699
1.21201
0.287336
1.07592
2.1257
2.96908
0.889205
0.295726
0.933923
0.103447
0.0225044
1.57566
0.0135405
1.49292
0.799698
0.573257
0.971267
3.95686
0.735661
0.48764
0.0227019
2.30355
0.252281
0.479456
0.226925
0.290901
0.281035
0.0305606
0.301553
3.65124
0.131197
0.745904
0.512908
0.169398
0.977267
0.32933
0.0571618
0.825777
2.48011
1.8031
0.221704
0.860562
0.117265
0.553367
0.668175
1.20435
1.18603
0.439796
0.847765
1.06868
1.08133
1.57079
0.878815
0.698574
0.353523
1.37478
5.43748
1.4374
0.328648
0.76587
0.0770214
0.503791
1.38538
0.337387
0.729478
0.372147
0.304307
0.61506
0.400286
0.00954811
2.19276
1.42078
2.11202
2.40618
0.408215
0.179913
2.28205
1.57886
3.59686
0.969714
1.3422
2.0077
0.26006
0.749231
2.02751
0.00520166
0.57514
2.07793
1.6078
0.224941
0.185103
0.469469
0.621859
2.00672
0.04505
0.196916
0.831072
0.0278251
0.610513
0.089751
0.664317
0.51932
0.573794
2.32706
0.869822
0.418982
1.10663
1.61143
1.36252
1.503
0.835641
0.0546746
0.421003
0.163749
0.0427497
2.63186
0.247008
1.12225
0.881275
0.347452
0.721126
0.170878
0.420327
1.28323
0.863067
1.9942
1.01503
0.97709
1.66852
0.241713
3.24571
1.7207
1.15259
1.85533
0.657382
1.2711
1.60973
0.254496
0.0314183
1.82594
2.88754
0.131572
0.104823
0.501403
1.89026
0.236347
0.264014
0.488641
1.44878
1.34023
0.366406
0.213873
1.63815
2.70722
0.444666
0.19325
3.28544
0.284444
4.08711
1.30795
0.422534
0.877962
2.91651
0.336015
1.41468
1.14938
1.54482
0.057963
0.876574
1.82418
0.081825
0.0991224
3.03541
1.17101
0.19228
0.05639
0.461426
1.95696
0.0769271
2.3227
0.0485209
0.57498
0.216949
1.09445
0.993153
1.23401
2.81476
1.76401
0.479741
1.5178
1.74844
0.902108
0.473609
0.0722436
0.592161
0.252943
2.53928
0.95982
1.12454
0.0766707
0.396068
0.148288
0.288237
0.700536
0.0497813
0.508803
0.755191
0.2439
1.01478
0.165641
1.62083
0.115702
0.855381
0.457214
1.06058
0.809324
0.0503045
0.117038
1.43767
0.0834706
0.39852
0.22933
1.56933
0.609152
0.962206
2.38675
0.361023
1.03849
2.62931
0.76469
0.965877
0.312764
0.464856
0.515476
0.0462253
0.184857
1.70403
2.95325
1.65572
0.335513
0.737111
1.14304
0.546919
1.5312
0.376435
0.113648
0.0409078
2.31781
0.452244
0.222139
3.99449
0.176635
0.24805
1.87999
0.0980552
1.20089
1.17936
0.490378
0.887297
2.95299
1.02265
0.187478
1.17999
0.906657
0.530317
1.66058
0.787866
0.981107
1.61009
0.833208
3.03329
1.18895
0.107217
0.0188115
0.709692
1.73047
0.109417
0.15467
0.195377
4.77414
0.780131
2.05479
0.695383
0.504727
0.295292
1.46887
0.435254
1.22876
0.969568
0.298182
0.765042
0.00276907
0.0408824
0.791231
2.22185
1.18904
1.20667
2.4605
0.200616
0.410726
0.390858
1.62145
0.224365
0.0702402
0.354474
0.419808
0.00745427
1.21741
0.00524979
0.074874
0.268182
0.00772536
3.10257
1.12649
4.19413
0.197583
3.64356
0.606871
0.781303
0.851319
0.427432
1.63217
2.9702
0.267963
1.08988
0.217315
0.390242
0.242645
0.0708785
0.0489406
1.35765
0.5423
0.731538
0.453166
1.29155
1.25659
0.0581054
0.244059
0.0174555
0.544013
0.858561
0.107674
3.70047
0.330074
0.548688
0.0387406
0.942458
1.17293
0.643368
0.0334818
0.0409937
1.06434
0.401126
0.887601
0.126235
1.10016
0.634568
0.19917
0.301936
0.277575
1.33396
0.987348
0.972974
0.876531
0.715598
4.00849
1.96755
0.700992
0.0864509
0.762782
0.842125
2.18684
0.0810469
1.8234
0.455971
0.15677
0.80583
2.38711
0.830235
0.400807
0.398317
0.0475332
1.6462
4.44089
0.19559
1.88463
0.241696
2.88827
0.144423
2.33116
0.0685144
1.76939
2.87827
0.484068
0.373568
0.384801
1.57058
0.385685
3.41527
0.0648515
0.151392
0.990867
0.508633
1.83445
0.943481
0.446098
0.830381
0.49435
0.511249
1.69177
0.328631
2.1369
0.179971
1.40603
1.12993
0.790183
0.425178
0.837794
0.200588
0.408688
1.50199
1.18446
3.93825
0.989185
0.466599
0.689256
0.146112
0.339102
1.47904
2.62782
2.3801
0.427002
2.26306
0.801787
1.23386
0.207224
0.199076
0.873145
0.303046
0.386026
0.532648
0.418499
0.544617
0.515349
2.75033
3.81195
1.4482
0.437642
2.22025
0.230032
0.131514
1.24129
0.124361
0.226408
1.51192
0.966275
0.48391
1.06832
0.257763
3.067
0.717348
0.255358
0.145764
0.807198
0.388431
0.701828
2.60178
1.94545
1.18141
2.45203
0.514144
0.531387
1.19932
0.0039638
0.903646
1.8251
2.0161
0.649188
5.33886
0.606615
0.315591
0.0976428
0.196147
0.686667
0.0576758
0.834901
0.354872
2.98634
0.0513223
0.0169205
1.36626
0.579281
1.00444
0.758059
0.525497
0.483784
1.06182
0.588498
0.592039
0.122309
2.11956
0.219336
0.306405
0.854186
0.883193
0.80978
1.77613
0.460428
0.0813632
2.11878
1.35749
1.28166
0.228462
0.674347
2.20381
0.928651
1.19155
0.468739
1.74028
1.99506
0.00222043
0.0948069
0.409355
0.936045
0.531621
0.137999
0.120222
1.08292
2.34372
1.90912
0.477198
0.441182
0.164913
2.82499
2.40244
0.00857842
0.688246
1.19676
1.48775
0.641966
2.24666
0.145327
0.902611
0.762568
0.889485
0.373729
0.0686106
0.417311
1.52612
0.545047
0.434689
1.36983
0.0760406
0.771263
1.81569
0.455183
0.0469417
0.462188
0.234778
0.362832
2.58296
1.06534
0.321034
0.475135
0.486262
1.84453
0.00229966
1.11736
0.125379
0.237929
1.02707
1.31393
1.75946
0.730586
0.257503
0.335635
0.630816
0.716401
0.145315
0.340606
0.86248
0.276152
1.24956
0.292919
1.38737
2.09259
0.25025
0.225297
0.112088
1.71919
1.56719
1.02584
0.0320369
0.402877
1.89756
0.132283
1.00246
0.904258
4.74786
0.425093
2.10206
0.682436
2.43159
0.415299
0.281608
0.181948
0.512456
1.45263
0.0535572
0.146059
4.37585
0.184234
0.181892
0.59529
0.83351
0.828289
0.563606
0.114385
1.52859
2.91718
0.184358
0.585897
0.311198
0.09055
0.198968
0.174976
1.22916
2.40724
1.47822
4.8293
1.08647
0.349154
1.32925
0.73045
1.41429
0.457748
1.24491
0.170516
0.0761309
0.477728
1.61634
0.039542
0.378791
1.12602
0.20738
1.86797
0.294623
1.22672
0.660538
0.290343
0.84237
1.41463
0.97233
1.71028
0.16717
0.175377
1.19074
1.04628
0.0415906
0.132802
0.0763712
0.369921
0.0594091
0.773407
0.30644
0.221138
0.246585
1.2953
0.0161193
0.132742
0.984546
0.246898
0.810574
0.301956
0.584608
0.349482
6.58931
0.409363
0.785113
0.0192218
0.119776
1.60822
0.0513257
0.410079
1.07359
0.526955
0.67118
2.02947
0.816875
0.123256
0.411098
0.517614
1.23117
4.27201
1.42543
1.28016
0.0465874
0.195915
0.135512
2.09018
2.06467
0.538899
0.241356
4.61185
1.28126
0.0750132
1.0399
0.0926779
0.313984
0.968869
0.226496
1.1426
0.0310692
0.0832621
0.0332323
0.460238
0.582586
1.94198
1.97846
0.550774
0.277046
0.58942
0.0725173
0.33981
0.19516
0.893266
0.789204
0.87647
0.458503
0.0255298
1.42135
0.292324
0.372246
1.55661
0.257509
1.57464
0.735691
1.14683
3.54719
0.623465
0.00297895
1.14891
0.641567
0.456621
2.64844
0.771927
1.70257
0.209923
0.609839
0.388603
0.0623554
0.395945
0.118972
6.39604
0.485079
0.42719
1.13012
0.0786237
0.524866
0.0297625
0.256632
1.86918
0.275393
0.55269
1.3149
1.01941
2.03915
1.37708
0.324751
0.939257
0.765336
2.48901
4.4761
0.0674514
0.508404
4.68308
1.43667
2.66035
0.909072
1.12927
0.0381273
2.01085
0.409594
1.59846
0.466391
1.18146
1.48825
1.57305
0.492723
0.388815
2.83758
1.63474
0.998807
0.368367
1.18183
3.50242
1.06762
1.50861
1.98571
0.646946
1.50272
1.25825
0.397099
1.39327
1.15279
2.67051
0.0158068
0.819365
1.76103
0.565078
0.09872
0.468315
0.0788206
2.00387
0.334173
0.806454
0.846215
0.284661
1.39481
0.808357
1.21486
3.64769
0.100625
1.48378
0.249097
0.0878067
0.123927
0.0955026
0.159413
1.37375
0.293772
0.570306
1.11772
2.4197
0.699598
1.49839
0.750209
2.50601
0.548191
0.127786
1.07586
1.07523
0.590502
1.80027
2.39527
0.631036
0.420193
2.8722
1.06763
0.882551
0.715225
1.87081
0.460503
0.820323
0.357182
1.55894
0.188741
1.21197
0.0196846
2.93095
2.42837
1.07968
0.439797
0.100543
2.85334
0.717251
0.17484
3.776
1.13451
1.53258
1.21749
1.68909
1.25327
0.927406
0.399279
0.219414
0.488933
0.0958858
2.41769
0.566681
0.899518
0.52817
0.862507
0.220347
0.859365
2.3515
3.03128
0.200503
0.559971
1.69978
1.56301
1.24912
0.0866505
0.927
1.55124
4.20446
0.522417
0.317928
0.965976
0.181605
0.208483
1.78358
1.329
0.037752
2.11666
0.670976
0.394029
4.05086
0.127592
3.11324
0.0805669
0.576826
0.756449
2.7115
0.617816
3.51915
3.43383
1.78325
0.314438
1.76419
0.251483
2.21062
1.66288
0.468219
1.14919
0.823974
1.05054
0.839275
0.358472
0.0779176
0.208795
0.938891
0.92179
0.145327
1.83848
1.1455
1.46112
0.74114
0.759349
0.132111
2.36063
1.06993
3.69351
0.728702
0.741363
1.51814
0.337713
0.421809
0.859764
0.163825
0.736496
1.85513
2.33795
0.33834
0.367684
0.264872
1.44766
2.11877
1.62583
4.35569
2.28672
0.338321
0.550797
0.985232
4.5447
0.787388
0.400441
0.711913
1.76916
0.890426
0.529255
0.243559
0.408995
1.52316
1.37191
2.36035
1.66562
0.0527286
0.564338
1.53635
1.20528
2.78822
0.941562
1.93926
0.0801657
1.5453
3.11577
0.169787
0.265393
0.330322
0.315192
1.05862
0.210338
1.51694
2.11919
0.192114
0.515109
0.67055
2.24449
0.916395
0.304048
1.77326
2.15903
6.46671
0.87099
0.817228
0.137164
0.523852
1.04468
0.788397
0.154653
4.28094
1.19773
0.109936
0.0357576
2.28349
0.0426247
0.707955
0.238583
0.778555
0.424185
0.522426
1.4096
1.15578
0.965839
0.958864
0.43997
0.509683
1.46241
0.81521
2.0698
2.49249
1.30732
0.1709
1.10879
0.0600503
0.447333
0.790404
1.06109
1.02328
1.18368
0.169603
0.172244
0.340791
1.27883
0.286578
0.242787
2.1968
0.764345
0.279156
0.513427
0.00831407
2.25058
2.3323
0.328492
0.229634
2.06888
0.499672
0.992426
0.184926
0.231256
2.14908
0.498481
3.45947
2.13606
1.11036
1.94831
1.44867
0.0864525
0.460051
0.639646
0.984084
3.01913
0.551212
0.365132
0.857682
0.468865
1.67069
0.201119
1.28798
1.509
0.247885
0.771714
1.74301
0.0688432
0.0463558
2.6957
0.656593
1.29128
0.298234
1.15516
0.87576
1.51079
0.362758
0.441251
0.842618
1.14999
5.19071
1.30892
0.561025
0.191949
0.653932
1.53507
1.33806
0.307067
0.296228
0.116159
1.03606
0.356847
0.698496
1.01374
3.36084
1.8327
0.294795
2.21978
0.0523331
4.05192
2.33648
1.35285
2.59082
2.66819
0.876232
0.572192
0.616552
1.10973
0.383351
0.391563
1.23408
0.781402
0.743449
1.74495
1.16565
0.879887
3.66236
2.26074
5.43473
0.461804
1.67137
0.474764
0.0595328
1.21272
0.0287414
0.478464
0.139353
0.330991
0.426929
0.352805
0.533161
2.51241
0.0432899
1.08152
2.77998
0.204969
0.3709
2.72756
1.58461
1.57642
1.76486
0.271691
0.726201
0.283711
0.894809
0.276332
0.125796
0.635668
0.567358
2.18389
1.26319
0.696035
0.790919
1.55098
0.622692
1.57554
0.11128
0.10841
0.881101
0.139772
1.09048
0.230034
2.37124
0.230394
1.45039
1.12285
0.946291
0.139503
2.92664
0.083374
0.224541
1.77097
1.1249
0.0309948
0.399654
1.22686
0.769226
0.20064
0.0764688
0.0596513
1.66352
2.34785
0.725411
0.800871
0.553942
0.618777
0.514805
0.185001
1.43537
0.793867
0.0436386
0.153498
3.04824
0.641704
0.128946
1.6453
2.24941
0.0180355
0.327141
0.536041
0.277315
1.67241
0.392292
1.19705
3.14601
0.0960944
2.0031
0.685838
1.21898
1.3659
1.39658
1.1736
0.446643
0.0619835
1.05808
1.53074
0.35435
0.760768
0.875487
0.129052
2.65911
0.0400822
1.05275
0.471868
0.452608
2.32021
0.349428
0.865481
0.0939308
0.724956
2.46575
1.68858
0.729303
1.62398
0.268079
0.596498
0.153884
0.929874
0.673323
0.230547
0.424398
3.0967
0.670794
0.0528456
0.912339
3.17757
1.35005
0.112897
0.58038
1.23495
1.0189
2.05545
0.392696
0.471278
1.19429
0.0730948
1.16723
0.712507
0.101114
0.235378
1.2329
0.0394344
0.498436
0.518913
1.08479
1.0113
1.58749
0.908172
3.5397
1.40325
0.902152
0.905628
0.575622
0.0353458
0.314646
0.833622
0.368173
1.78909
1.59939
2.25589
0.292884
1.73386
0.442013
1.35614
0.954361
0.098834
2.33061
1.74394
0.0078489
0.810961
0.137566
1.80766
0.228639
0.0792024
0.883369
1.52512
1.57454
0.658985
0.00540437
2.05075
0.150367
1.55856
0.068451
0.809922
0.537329
2.54996
0.660998
4.1649
0.8699
0.362581
1.06458
0.462002
0.148186
0.474828
0.493097
0.285395
2.12814
0.103422
0.394332
0.0922084
1.41823
0.354283
0.180563
0.419507
0.0648753
0.555143
0.40382
0.435129
0.872389
0.30672
0.38987
0.525956
1.52816
3.51765
2.02426
2.01299
1.72426
0.0256882
2.19228
0.161161
2.30423
1.39636
1.24803
0.759278
0.730104
0.085876
0.569428
0.13661
0.450355
1.06823
1.98142
2.92377
0.236081
0.693683
0.115332
0.415234
0.32599
0.00216555
0.264816
1.08872
0.279403
0.374941
3.28725
0.456997
1.34713
0.458966
1.25147
1.4849
1.9979
0.255504
1.67104
2.67014
0.300556
0.370502
0.0530077
1.05178
0.0460294
0.480136
2.30414
0.351781
0.684847
1.44697
0.428875
0.250792
0.453067
1.119
1.13483
1.7166
0.459978
1.42299
0.385222
1.58218
0.208054
0.73369
0.186785
3.48204
0.940187
0.775552
1.89662
0.438349
2.25047
0.123244
0.859919
0.440237
0.392334
0.627765
2.2254
0.366827
3.02818
3.77229
0.0433425
1.32773
0.272335
2.1093
0.314204
2.0592
0.293345
0.0696191
1.72606
0.686728
2.66912
1.32098
0.833727
1.6365
0.410241
3.88573
0.641807
4.12888
0.906228
0.0688767
2.71766
1.21053
1.58376
0.669147
0.163664
2.37065
0.994461
0.353185
0.523937
4.78172
0.864557
0.418003
0.861038
0.360089
1.15423
0.0112892
0.0639472
1.19324
1.11032
0.509321
1.94062
1.70601
1.31644
0.225836
0.282578
0.266557
0.111498
0.129821
2.40426
0.985875
0.15558
3.29009
0.0190509
2.3148
0.331003
0.0574786
0.0266284
0.00118501
1.71007
0.364986
2.20903
0.296751
0.0648385
0.252704
1.48354
0.660714
3.49443
0.221118
0.0248219
0.421921
0.350098
0.394911
0.406183
1.10116
0.421568
3.23995
0.169559
1.05611
0.0503504
0.415762
0.260481
2.28342
0.448962
2.95249
1.01132
1.72473
0.133122
0.556348
0.389856
1.07195
2.5169
2.11781
0.305225
0.551921
0.207729
0.155078
0.018212
0.0648389
0.619073
0.40332
1.75785
0.993497
0.290131
1.0808
1.00656
1.3304
0.376559
1.25278
1.12252
0.321639
0.185461
0.116747
0.081209
0.424364
0.264655
0.88831
4.02918
1.2287
0.322632
0.3708
0.128093
0.405614
1.07504
0.464402
3.0046
1.87402
0.51224
2.18799
1.99085
1.30649
0.28005
0.445055
0.978734
0.16605
0.0697899
0.393942
0.337137
0.865997
2.07133
0.887799
1.15378
0.981236
2.19745
0.917158
0.165868
0.303234
0.961192
0.368283
0.228648
0.850379
2.48269
3.51188
0.0151899
2.92465
1.72222
1.56452
0.10028
1.28801
5.17611
4.32112
0.787229
0.943838
2.18932
1.90006
1.4407
0.251755
0.0528987
0.0561105
0.00992318
0.44
0.213958
1.41728
0.4176
0.289873
1.16816
1.49346
0.410357
0.362471
0.0468378
0.301494
1.5645
0.520032
0.538839
2.56648
2.35784
0.0778449
1.02396
0.123328
0.139626
0.647348
0.594483
0.21189
3.8785
1.34206
0.712767
2.69877
0.109573
0.0882403
0.0910948
1.78621
0.678392
0.272446
0.176407
0.210028
1.1848
0.700612
0.528109
4.80198
1.65019
0.805399
0.347616
0.0766653
0.0619738
0.188327
0.232993
2.0566
0.00126482
0.413353
0.26642
0.251768
1.19983
1.1024
2.7972
2.77568
0.272423
0.580617
0.130184
0.895481
2.6785
0.608077
1.80815
0.0818836
2.17389
0.714886
1.29108
0.706632
0.172904
0.444733
0.245932
0.0889942
0.137869
5.0066
1.40236
0.618971
1.39987
0.985208
0.848101
2.18215
0.0644149
3.15479
0.0750934
0.559639
2.64652
0.669635
0.0129163
1.65652
0.691774
1.09073
0.317174
0.415081
0.645078
0.449244
0.4451
0.850527
0.0341957
0.418439
1.36535
3.40077
1.8436
0.366041
0.264094
2.99893
0.3671
0.557393
0.900621
1.19691
1.30074
2.66825
0.417449
1.75687
1.97918
0.675817
0.682312
1.07191
0.0613944
1.55048
0.546587
4.11463
0.636445
0.262162
3.41081
0.291202
0.0290273
0.329807
0.162517
0.130509
0.544958
0.275491
0.522955
0.814984
1.26021
0.334632
1.7158
0.947924
1.82203
1.70728
1.20562
3.3081
1.38997
0.0711381
0.726603
0.00414998
2.0921
1.42491
0.2953
0.246901
0.535672
1.10524
0.129415
1.13423
0.352943
0.0176097
2.23899
0.464942
1.10169
0.89049
0.872322
3.58431
1.91706
0.210436
0.184196
0.237259
1.05019
1.11534
0.810563
1.57402
1.27336
0.0666879
0.542972
0.812487
0.508269
0.0784656
1.58205
0.0911625
0.228964
2.79911
0.124648
0.22766
1.32387
0.990181
0.583705
0.878698
2.79149
0.0729675
2.52686
0.644148
0.857026
0.379539
1.47511
3.15016
2.01152
0.61339
0.269745
0.145897
0.333198
0.412505
1.81989
3.30686
0.593096
0.220686
0.0784771
3.53761
0.0525755
0.0670701
0.0134475
0.291211
1.23311
1.85713
0.644784
0.694466
1.90181
0.299922
0.529776
0.350813
0.026579
1.0382
2.24006
0.239445
3.3642
0.21818
1.90919
0.503583
1.91649
0.102278
0.908044
0.303196
1.42782
1.34782
0.199541
2.267
3.9708
0.0204853
0.345453
1.86032
5.3587
0.0661739
0.713768
0.852745
0.487527
0.481251
0.0286345
0.556783
1.28907
0.697777
0.285921
1.29625
0.218783
0.202394
1.2787
0.954956
0.93132
0.0366943
1.09656
1.29665
2.56728
0.116395
0.848788
1.64681
0.371412
0.0875231
0.174099
1.21971
1.18757
0.176729
0.0941477
1.46601
0.97619
1.05631
0.499168
1.0581
3.35947
0.216043
0.660733
3.75786
1.73218
0.611588
0.0236852
0.742237
2.30741
0.230211
1.36989
3.23558
2.96956
0.474165
2.02753
2.18628
0.673356
0.366333
2.58953
3.27961
1.1477
0.758642
0.0269818
0.469587
0.354263
0.855632
1.51758
3.63887
1.33528
0.518501
1.29706
0.68611
1.31113
0.638186
0.360954
1.16181
1.94828
1.36875
0.642979
0.640772
1.17079
0.164669
0.516614
0.0174384
1.93923
0.633361
0.586627
0.573464
0.866819
1.81292
0.687627
1.15779
0.563805
0.635586
4.39587
1.56864
1.32886
0.603669
1.04723
2.04032
3.02988
0.150768
1.00389
0.999265
0.843874
3.0501
0.668954
0.129704
2.02114
0.556677
5.27322
2.22486
3.90699
0.147124
0.195721
1.04376
2.69592
0.780037
1.02123
0.532685
2.0483
0.510965
0.493683
0.977141
0.0514521
1.77457
0.157192
0.296443
0.0630737
0.875838
0.547568
0.631495
0.226245
3.65599
0.367141
0.62802
0.291913
0.104911
0.514224
3.51577
1.07762
0.642856
1.5257
0.0201981
0.34047
1.02872
1.82124
1.53028
0.606539
0.491341
0.375117
2.90507
0.615185
0.149761
1.13923
0.153352
3.34727
0.619566
0.110677
0.684827
0.349628
0.134761
0.748791
1.07468
0.432702
0.195386
2.83482
2.19404
2.71375
0.60906
1.01049
1.45592
0.906106
1.61047
0.164151
0.509474
3.04866
0.148685
3.47574
1.44454
2.36809
0.287433
1.16495
0.907375
0.428427
0.236404
1.14088
0.653032
0.460699
0.829191
0.278045
0.177969
0.286167
1.74123
0.155775
0.447434
2.26307
1.8135
0.846185
0.118371
2.11078
0.202193
2.38041
0.253199
1.32774
1.83041
0.00951983
0.282735
0.385338
0.994437
1.54937
0.047229
0.118585
0.00449952
0.764877
0.605738
1.10106
0.0371162
1.32597
0.0136944
2.50595
0.184636
1.02995
1.78723
0.404967
1.03966
0.0406465
0.775906
1.52001
0.390393
1.77343
1.42379
0.55449
1.48904
0.00341125
0.203036
0.391209
1.15948
0.692991
1.70337
0.54154
0.15261
0.28889
0.324713
3.62452
1.08388
1.39968
3.30501
0.957641
0.267762
0.802097
1.04289
0.317273
1.14762
1.18352
0.665089
0.413632
1.90514
0.216522
0.0939302
0.372047
0.82666
0.972956
0.214331
0.178566
3.06106
1.42441
0.209881
1.0271
1.53576
1.64078
1.46012
0.106888
0.130209
0.601267
1.34246
1.65291
0.176134
0.477313
0.689179
0.145705
0.262357
0.0862811
0.374754
0.668528
0.65076
0.431531
0.671495
0.21955
0.675351
0.247843
0.877966
0.174549
0.119519
1.21284
0.0862194
0.421175
1.37287
0.082211
1.10377
0.219218
0.193607
0.129297
0.684794
1.11165
1.54439
0.363191
0.168067
0.342452
0.650055
7.97184
1.13819
0.364364
0.78898
2.70301
0.885212
0.312273
0.785406
0.0635774
0.0665461
1.25248
0.413797
0.819904
2.25614
0.680503
0.0453872
0.199059
0.246441
0.723375
1.35277
4.8095
1.33946
0.315431
0.355851
1.52011
0.672772
3.69051
0.484213
0.730011
2.02604
4.30196
0.02833
0.871411
0.569094
0.631321
1.46185
0.378861
0.572055
0.0610849
0.206818
0.445335
0.290089
0.332981
0.284004
0.669637
1.12779
0.198084
0.985794
2.64136
0.832956
0.487036
0.730976
1.39115
0.98073
1.70533
0.427047
0.827124
1.07499
4.09824
0.502874
1.96748
0.486295
0.704048
0.484081
1.27241
1.57124
0.0833011
0.227105
0.780056
0.0616864
6.12897
1.56336
0.121325
0.452961
0.850932
2.75609
2.2039
1.25951
0.11663
1.70514
2.42989
0.819188
2.44243
0.310996
3.4981
1.21549
1.2685
0.19472
0.155226
1.07677
1.82957
1.08665
1.2353
0.335759
0.270823
0.344177
0.347704
0.56804
0.339131
0.224626
0.0550774
2.06136
1.25086
0.990764
0.60375
2.72591
0.214518
0.239056
1.7795
0.1722
0.966667
0.82269
0.556845
1.03999
0.964895
0.866938
1.58564
0.162589
0.470698
1.48227
1.31061
0.240106
0.492419
0.591404
2.26171
0.692657
1.20739
4.82452
0.777644
3.47937
0.26456
0.183318
4.94794
0.881803
4.01295
1.31518
0.419536
0.16762
0.408616
0.955159
2.57646
0.882227
0.00794575
2.12349
0.298065
0.0665946
0.140725
0.552775
0.133165
0.24341
1.10861
0.313796
1.86582
0.542474
0.203086
0.532337
1.78997
3.14458
0.676982
1.90185
0.781781
3.54641
0.0840068
0.288553
0.371027
0.537518
0.256553
1.65254
1.79966
1.6387
0.498629
0.682347
0.639122
3.84754
0.176931
1.56785
1.36313
1.99635
3.05379
0.357552
1.95393
0.123911
0.310451
0.740687
0.331286
0.0519491
3.35705
0.800334
2.74964
0.901665
1.77046
0.338101
0.136057
1.3467
1.5132
1.24088
0.531038
0.52091
2.08217
0.253938
3.81643
1.15442
0.804451
0.731075
0.53345
0.755085
0.33146
0.00597005
1.44833
0.194225
0.609976
0.842929
0.212559
0.770293
0.314425
0.279073
0.251905
1.94862
0.968376
0.0199231
0.40146
1.33784
1.23817
0.0113378
0.202665
1.69463
0.783346
3.44408
0.430862
2.02544
0.842198
0.0316284
0.498924
0.72727
0.462433
0.94122
0.0466382
0.412943
1.22488
0.592215
1.00868
1.2701
0.113841
3.48862
2.93413
1.41699
0.260586
1.12417
0.733066
1.87846
0.961516
2.59104
1.90305
1.89192
1.06601
0.837527
0.493417
0.268457
0.0605677
0.399843
0.787819
2.7865
0.246469
0.0559262
0.71216
0.453704
0.378027
0.373441
0.786795
3.23739
1.82809
0.837968
2.48744
0.790813
2.41647
0.366704
2.89199
0.49871
0.698924
1.81436
0.152072
0.83422
2.50269
0.0254059
0.394048
1.02279
0.0726401
0.194134
0.440828
0.738205
0.55638
0.506773
0.0550747
0.291452
2.45292
0.0339939
0.63711
0.753085
0.349303
0.877727
0.316071
1.80978
0.200951
0.641816
0.155461
0.0422538
0.0901629
0.400046
0.531544
1.3884
3.34881
0.379909
1.52175
0.460844
0.450279
0.456809
0.167989
0.805784
0.214696
2.20447
0.205666
0.559796
1.72537
0.16975
0.46364
1.34135
1.16823
1.69918
1.20909
2.81541
0.173249
0.0312476
1.99552
0.856762
0.619817
1.91641
0.62042
0.161588
3.52385
1.50538
0.569235
1.64785
0.0726348
0.952077
1.01022
1.15983
0.7684
1.90393
0.189751
0.938811
1.07196
0.0428092
0.580461
0.537703
2.1529
1.33965
1.49569
0.739251
0.14246
0.95269
0.14496
0.0432872
0.191214
0.803616
0.136134
0.124452
2.0076
1.2237
0.201156
1.92651
0.156261
0.959645
0.575802
1.61502
0.310983
0.0521074
0.409827
0.321426
0.116341
1.30451
1.63315
0.975522
1.04147
0.0123392
0.75346
2.07603
1.79019
2.05077
0.238134
3.17224
1.92794
0.353951
0.118809
0.187871
0.650439
0.568024
1.20796
1.39545
0.467129
2.15779
0.282781
2.28663
1.55441
0.592664
1.28162
0.578417
1.449
0.249768
0.0571867
0.631694
1.06898
0.0252216
0.706986
1.55332
1.06698
0.340749
0.70934
0.0946761
0.376537
0.0053788
1.23524
1.45994
1.61417
1.45236
2.79129
0.548312
0.718676
1.94211
0.746563
0.0164675
0.214843
0.567795
0.943209
1.35051
0.304793
0.101063
0.0243156
1.29912
1.04868
0.0065743
1.48308
0.539148
2.93305
2.2445
0.693831
0.981598
1.9048
1.81745
0.344701
3.00434
3.30503
0.123959
0.423514
0.362192
0.55085
0.436681
0.115655
0.0108019
0.559268
1.87948
0.0976792
0.591576
0.358073
1.33384
0.776891
1.43606
2.46187
0.492537
0.12848
0.531003
0.434116
0.153932
1.2189
0.38361
1.26442
2.34303
1.56718
0.353452
0.0352948
1.50048
0.330971
0.498535
1.23149
0.216007
1.36263
2.60573
1.19924
0.363546
0.21545
0.136116
0.635572
1.04337
0.664467
0.233471
0.07885
0.634013
1.70641
1.23159
0.121804
0.103644
0.646604
0.0439443
0.636464
0.414726
2.26729
1.03535
2.53789
0.28805
0.657127
0.354562
0.233605
0.440378
0.526117
0.906552
1.54356
0.520236
0.122025
0.686424
6.25767
0.346785
0.493756
0.329868
0.41201
0.735557
0.232793
0.885409
0.0435635
0.437577
2.04971
0.474808
0.724476
0.078557
2.58051
1.05219
2.84384
3.16692
4.19295
0.439803
0.592127
2.30097
0.458174
0.693661
1.34585
0.272714
0.887215
2.46643
0.686798
2.82489
1.77331
4.76554
1.67461
0.00198935
1.33347
0.148781
0.735226
4.11717
1.6315
0.43263
1.24864
1.27649
1.62872
0.80506
0.77654
0.818151
0.493911
0.0436799
0.827636
0.274639
0.125064
0.115921
0.390984
1.09156
1.76188
0.853668
0.139028
0.0945255
0.88568
0.80783
1.12271
0.769968
0.78145
0.261789
0.393821
1.41597
5.45754
1.91133
0.952303
0.637701
0.311975
3.66836
0.753575
2.05789
0.435673
0.184209
0.100505
1.08985
1.05104
1.25675
2.03144
0.100292
0.0410446
0.620791
0.502222
0.22718
0.00319569
1.49516
0.481876
0.637866
0.37592
4.25416
2.23931
1.15115
1.82476
1.28215
1.82508
0.241608
0.216431
2.15747
0.936923
0.561424
0.268954
1.32738
2.39342
0.29369
1.40027
1.29751
0.721727
0.0538557
0.147532
0.486113
0.442627
0.57906
0.426815
0.065503
0.639866
3.14211
0.298715
0.103323
3.67107
0.0369137
0.707457
0.11693
0.50165
0.705036
0.576186
0.996745
0.0517756
0.107493
1.79067
0.385178
0.167242
1.81245
3.71678
1.12049
0.495113
0.565395
0.725726
3.10314
1.2691
1.52262
1.48492
0.144012
0.0714415
0.094306
2.27363
1.81835
3.435
0.00849895
2.83535
1.56967
0.56071
0.0327707
1.95012
0.172129
1.35224
0.397266
2.55911
1.91225
0.202802
0.016613
1.41102
1.11413
1.64881
0.171001
0.175607
0.555442
2.15472
2.01083
0.131452
1.20861
0.964729
0.404403
1.92364
0.194106
0.72094
0.242073
0.492767
0.180678
5.5147
2.09502
0.556498
0.291101
0.671046
0.115569
0.749534
0.405758
0.226127
2.48386
0.0129859
0.242614
3.40177
0.324013
1.16671
0.201252
0.287532
1.28275
0.570904
2.46707
0.0185173
0.694478
1.01133
0.0790169
1.3033
1.6988
3.26146
0.27175
3.11286
0.412346
0.114395
0.0514233
3.24643
0.272034
0.596193
0.32209
2.21682
0.561266
0.0959862
0.225011
1.95849
0.519047
0.475579
1.59194
0.62746
1.76474
0.572591
0.944447
0.657637
0.786339
1.44081
2.48094
0.899471
0.161824
0.245465
1.79406
0.0138747
0.457769
2.59129
0.811739
0.0445099
2.26147
1.77411
0.331265
0.953774
0.860145
1.29201
1.12959
1.36868
0.0889797
2.23316
1.69338
0.580461
2.24543
4.57473
0.432143
1.46608
0.232165
1.37572
0.73293
6.94016
0.807971
0.859264
0.668656
0.141832
1.17227
0.836711
6.66976
3.41677
1.21234
1.67876
0.682392
1.59357
0.43546
2.24918
0.892857
0.897452
1.46029
2.01547
0.333775
0.718981
1.70307
1.65791
0.894945
2.16886
1.33315
0.00777921
1.98877
0.734081
0.801102
1.85757
0.0462027
2.8075
0.322261
1.2089
0.310414
0.770067
0.0658426
0.315647
1.31411
2.36437
2.09066
3.5568
1.50706
2.81926
2.03508
0.573613
1.56717
0.555729
0.883364
0.867355
0.341749
0.876665
0.0463257
0.575028
2.4558
0.998927
0.686687
0.240755
0.239976
0.365278
1.12349
0.9434
0.185614
0.237602
2.58081
0.0846483
1.01247
1.85255
0.0780176
0.0697914
0.574227
0.692033
0.228312
0.0982105
0.419075
0.898245
0.739535
1.55431
2.58458
0.0354341
0.163003
0.169866
3.7688
0.62087
0.211683
1.15862
0.692325
0.988193
0.904465
3.82104
3.24902
2.26266
0.213887
0.602178
0.647693
0.901778
2.8075
0.33454
1.41175
0.0809061
0.00263199
0.0254743
0.124878
0.737257
0.46023
0.409624
1.60504
0.363942
0.0907635
0.0435725
0.486308
1.16452
0.34003
0.288607
1.65771
0.794821
0.383817
1.55925
0.669274
0.0799356
0.988714
1.45122
0.283543
0.400931
1.19937
1.68047
0.521638
1.70538
2.87701
1.62864
0.617305
0.246207
0.00991141
1.00552
3.34544
1.77663
1.23147
0.6345
0.742627
0.601292
0.451529
1.49877
0.0466982
0.598121
1.83865
2.99854
2.19163
0.736886
0.0768996
1.31197
0.334848
2.33922
0.459519
0.20417
1.65835
1.98476
0.00195207
0.451721
5.62938
0.971104
0.141027
0.155429
0.0269705
0.292208
0.449813
1.67762
0.218586
0.857953
1.13895
0.0730402
0.441903
3.62163
0.0714844
2.92543
0.464238
0.104596
2.21554
0.139296
1.50325
0.398727
2.60756
0.0819068
0.152601
2.9704
0.594992
0.845387
0.130711
1.39538
0.536713
1.84959
0.126873
1.51295
0.095096
1.19477
1.64392
0.423283
0.596118
1.77236
0.142647
0.991941
0.709126
1.38228
2.54468
0.632242
0.324002
2.82429
0.749462
0.73839
2.54166
0.105989
1.19239
1.48148
1.26971
0.277839
0.656775
2.20535
1.26789
0.11822
1.03877
2.40174
0.104583
0.860365
0.235823
0.125442
0.0517916
0.52719
1.3085
0.0969058
0.940667
0.146381
0.731235
0.280693
0.00778557
0.546018
0.820914
1.02753
0.531762
1.61136
0.649363
0.882711
2.35559
0.780465
0.0815559
1.20249
0.741285
0.148153
3.31701
2.19721
0.340249
0.716055
0.219744
0.495952
0.617628
1.05789
0.669092
0.680221
0.822387
0.26908
1.10351
2.26732
1.44608
0.122172
0.0869728
2.90744
0.894535
0.950424
2.19422
0.104998
1.63751
0.921405
0.0797498
0.672334
0.392108
1.30141
0.687184
1.56774
1.59228
0.309103
0.346197
3.40091
0.282911
0.214116
0.574
1.37971
0.932407
1.41833
1.09924
1.42521
0.916568
0.481619
1.12128
0.558091
1.90435
1.36606
0.425326
1.00586
0.600362
1.68434
3.40743
0.687886
1.58444
0.0050909
0.166305
0.877184
0.125255
0.0409098
3.24074
3.18808
1.85935
0.23632
1.46069
0.108638
0.0614346
0.0396506
0.640716
0.256977
1.90026
1.15722
0.177116
1.21357
0.122544
0.415362
0.0838253
0.215981
0.0662013
0.193202
1.09156
2.71925
2.61892
1.9461
0.0899111
0.042385
0.492988
3.30844
0.882146
1.13737
0.819332
1.46739
0.851686
0.406471
0.890015
0.787243
0.861656
0.0661562
1.05759
1.12115
0.877589
1.69051
0.325321
0.700727
1.5456
3.19966
4.4266
1.22711
0.636707
0.237818
2.30806
0.247889
0.730559
1.39623
0.0481676
0.425185
0.190394
0.415939
0.657057
0.918888
0.465637
1.71405
0.0683117
0.233132
0.823028
2.02531
1.03258
0.169172
1.78589
3.13097
0.183122
0.333991
0.0574661
0.164902
0.447137
0.489031
2.80923
2.35362
0.567451
1.60223
0.72779
1.48999
0.00990246
1.40987
0.0473902
0.0770537
0.292189
0.130615
1.68765
0.933837
0.967444
0.289673
1.16149
0.777107
2.74109
0.0292652
1.10434
0.748983
1.15923
3.8624
0.420479
0.706945
0.511554
3.65175
0.147672
0.319844
0.997613
0.119474
0.340456
0.745067
1.74543
0.0491074
1.14236
0.400622
1.88366
0.0511841
1.68808
3.88703
0.36465
1.44877
2.25349
0.241555
0.401592
1.08375
2.75415
0.908387
0.0129179
3.13165
2.55081
0.0964666
0.15427
0.164926
0.151317
0.0725667
2.56094
1.1032
0.121455
0.254914
0.525266
0.252831
2.85152
0.299722
3.16418
0.216232
1.54736
0.601295
0.147013
4.28332
1.81156
2.20418
0.451487
0.146072
1.90728
0.922238
6.52684
0.445541
1.61862
0.193032
0.339264
1.28788
1.41518
0.816268
0.192608
0.862093
1.32659
0.447911
2.09463
0.7881
0.692309
0.721067
0.866114
1.89847
0.124565
1.71343
1.29677
0.304147
0.617267
2.48877
0.13655
0.242399
1.74075
0.0391694
0.287134
3.208
0.801243
0.762417
0.356018
0.205549
0.324569
0.859822
0.54619
0.389977
0.727831
0.147713
3.50935
2.34119
0.128865
2.47887
0.606733
0.0157436
0.414557
0.545004
0.57019
0.225449
0.349085
5.15782
0.286348
0.396285
0.564877
2.14767
1.11019
0.241736
1.18723
0.186791
2.23567
0.588763
1.51281
1.21898
0.210912
4.60375
1.19484
0.472184
0.223518
0.770392
0.379609
1.98668
0.410233
2.47686
0.743142
0.327164
0.0573691
0.269133
1.01787
0.170614
0.820767
1.26515
2.05296
0.53856
0.525279
0.075938
1.23381
0.184918
0.09054
0.307411
0.366877
0.627251
3.0064
2.89701
0.430352
1.22559
0.598019
0.673703
1.42457
0.0656218
2.62182
1.47324
0.314547
1.57379
0.930596
0.423553
2.19074
2.45296
0.130788
0.17897
2.32731
2.12663
1.52147
2.1644
0.360046
0.383599
1.78001
0.147563
0.964783
1.00266
1.87377
0.410318
0.595099
1.1797
0.93815
1.06199
1.7513
0.411465
1.51533
0.352555
0.769223
0.168432
1.31694
0.176892
0.100773
1.70091
1.81061
0.0932447
0.109323
1.86813
1.07669
0.163716
1.58409
0.812843
0.182125
1.27191
1.3209
0.299922
0.343875
0.279851
1.24965
1.07618
0.0542646
2.27163
0.0624575
0.874999
0.834103
0.429027
2.04029
0.309672
0.607389
0.107752
0.660328
1.5424
1.70762
4.38349
0.0797199
0.0704899
0.393317
1.8731
4.03999
0.0254979
0.556837
0.0785617
2.4659
1.11114
0.0799756
2.41701
0.137945
1.75141
0.785524
0.138782
0.78229
1.33796
1.30039
0.978454
1.22845
0.579607
0.214441
0.176285
0.21698
0.0505724
0.756032
0.0299023
0.567151
1.50552
1.02354
0.437731
0.500386
2.60122
0.545553
0.183328
3.56163
0.55067
1.71663
0.0136652
1.17296
1.60943
0.328477
0.996419
2.22608
0.385634
0.904311
0.29144
0.352965
0.165764
2.34251
0.0413207
0.336538
3.38425
2.0842
0.508772
0.159763
0.685771
0.92709
0.165051
0.885839
0.200986
0.00517569
0.202956
1.75587
1.00459
1.0284
2.4925
0.94132
1.89665
0.550352
0.597115
0.490333
0.0273378
0.11926
0.00805907
3.63624
0.522823
0.495682
0.353779
0.38145
1.4659
0.740166
0.0588865
3.87282
0.390864
0.76192
0.502342
2.29572
0.494445
0.144315
0.189364
0.695349
0.356307
0.113735
0.653611
1.73206
0.712867
0.112764
0.165599
1.29707
0.691185
0.280398
0.0265484
0.272883
0.237411
1.20049
0.306763
0.646901
1.41679
2.88741
0.625124
0.626859
2.53334
0.145194
0.569239
0.60092
0.538993
0.386605
0.522615
0.29865
0.813621
0.369767
0.309707
0.0535382
0.198966
0.683757
2.22545
2.61741
1.42973
0.291657
0.534387
0.483201
0.251536
1.00223
1.78718
1.16521
0.11705
0.256378
0.724823
1.38591
1.05835
2.19844
0.794735
0.469023
0.511795
0.521224
0.166118
0.33624
0.516755
0.708455
0.793773
0.102564
0.338977
0.641427
0.0956852
0.530141
0.903319
3.27072
0.826919
0.882446
2.28861
2.11109
0.564135
0.811498
0.751124
2.05818
0.264316
1.39689
0.434146
0.315711
0.272688
3.85671
0.855384
0.620966
1.64701
0.802071
0.80709
0.558549
1.2244
1.0807
0.56763
0.773646
1.41841
0.512615
0.119047
0.116245
3.19793
0.000466199
0.663717
0.463036
0.309095
0.382719
1.42202
0.64921
0.278222
0.824246
0.365993
0.60878
0.261327
0.696684
0.29987
0.201537
0.509692
0.304073
1.45884
2.52147
0.974644
0.446989
0.634884
1.79399
0.35169
0.322945
0.939613
0.318405
1.69716
2.60723
2.58449
0.466615
0.189601
0.583129
2.22525
0.521741
1.80192
0.28161
0.126006
2.12453
1.31146
0.255204
0.331023
0.0420266
0.473658
1.06068
0.743069
0.738527
0.282987
0.204953
1.50558
0.470293
2.87159
1.9877
0.326364
1.26698
3.10404
0.720503
0.199607
0.513915
0.500384
0.661161
0.613338
0.198997
0.746323
0.69892
0.443048
0.301605
2.10826
0.000557451
2.49542
0.229781
0.835182
1.56299
0.212695
0.0864781
0.245413
0.341437
1.34379
0.806361
1.46821
2.15619
3.6394
0.0799941
0.740622
0.759027
0.787353
0.451075
0.843807
1.85732
3.21475
0.0518541
0.146969
1.80055
0.123773
1.94771
3.46072
0.0310006
1.64592
0.275329
1.5411
5.20029
0.0850277
0.113624
0.853576
0.845317
1.17668
0.159643
0.314959
1.14519
1.47673
1.56349
1.7186
0.921008
0.0348714
0.11389
2.90265
1.76702
1.46831
1.44834
1.77181
0.644277
3.30797
0.807023
1.61534
0.230109
0.161614
0.408662
0.571453
2.11136
2.32418
0.379616
0.0218275
0.0563716
2.89504
0.41133
0.707191
0.420461
4.44313
2.37093
0.805056
0.282637
5.95017
0.914915
2.29537
1.33419
0.548796
0.728876
0.572225
1.05627
4.34055
3.55453
0.0871105
0.276613
0.336006
0.537275
0.540565
0.542354
0.207359
2.3775
1.81905
1.76607
2.09234
0.882425
1.23542
0.562466
0.323015
0.920076
0.26894
0.667577
0.218251
1.65651
1.03481
0.924263
0.480786
1.92781
0.92359
0.482895
1.77003
2.16762
0.631237
1.04161
0.628261
0.246128
0.11603
1.34249
0.213663
0.592023
0.68877
1.02649
0.1317
0.765493
0.251177
0.693603
1.8661
1.15627
0.701064
0.176891
2.36448
1.30769
0.43703
1.96511
0.551324
0.571102
0.337289
1.43554
0.532735
1.04936
1.3494
0.453484
0.915998
0.372344
0.167081
0.492048
0.725745
2.06989
1.63392
1.18982
0.592872
0.0858443
0.329859
1.40121
0.426724
1.25115
0.0933479
0.293949
0.891602
0.118194
1.40128
1.73654
3.10587
0.155634
0.217704
0.544287
0.880443
0.748822
0.735427
0.544624
2.19119
0.0668809
0.117464
1.42338
0.137072
1.79661
0.553001
0.558805
0.4877
0.207483
1.52844
0.899169
1.95884
2.10952
0.0183022
0.39668
0.403183
2.21261
2.11779
0.097818
1.72898
0.670195
3.00945
0.985131
1.09233
1.01339
0.310951
0.886505
2.78497
1.214
0.465767
0.476132
0.797402
4.15239
2.87267
2.47308
0.270357
0.339743
0.00261674
0.233276
0.321606
1.84239
2.20601
0.738232
0.0608074
0.212292
0.351066
0.261836
0.843693
0.572455
0.977147
0.784529
2.57481
1.4106
0.636019
2.23287
1.75403
0.596547
0.0993076
0.436717
0.427781
1.88112
0.0676787
0.0823227
0.85004
3.67973
0.00578636
3.33292
0.752814
0.862539
0.172808
1.85861
0.576009
0.37137
0.995193
0.336041
0.70177
0.0307413
0.511002
1.84332
1.99715
0.188684
1.39667
0.780299
0.174296
0.343447
0.920918
2.26891
1.71697
1.06789
0.658606
0.130923
0.328262
0.203248
1.5202
0.288369
2.37239
0.239872
0.466128
1.70118
1.25956
0.497206
0.304197
1.48755
0.501077
0.0208483
0.717677
1.35158
1.22728
0.102567
1.25916
2.18314
3.44163
0.606957
0.0805346
0.36155
0.469193
3.10582
1.98981
0.0743577
0.278563
1.94578
0.210134
0.363643
0.725675
0.0249197
3.1005
1.14278
0.627552
0.639252
1.96826
1.09129
2.5979
0.415864
0.125546
0.320617
0.273098
0.386522
0.358562
0.491174
1.17143
0.00214495
0.187996
2.22004
0.859236
1.67057
2.64543
0.210783
0.171499
0.0817651
0.944887
0.882011
0.162242
0.185417
0.0166701
1.04283
0.917968
0.226386
0.117016
0.107285
0.189763
0.173317
0.133804
3.11495
3.97212
0.746474
0.0968715
1.85227
0.0569521
0.287604
0.214698
0.215104
1.11129
1.06903
1.25442
0.28184
1.11383
0.141281
0.623662
0.833545
0.676345
0.454062
2.74552
0.334349
2.20114
0.749094
0.369271
0.369412
0.0106369
0.200515
0.268459
0.21002
1.90856
0.526928
0.554767
2.15061
1.0885
0.782949
0.0297664
0.600644
0.557997
0.124486
2.27
1.08913
3.48861
1.91037
1.80594
2.25606
0.244741
0.531846
0.143454
1.03655
2.06188
1.32219
1.86711
5.58477
0.786908
0.337578
2.0612
1.12034
0.0541011
1.87642
1.1877
1.16093
3.73611
0.270222
0.0500519
0.432245
2.87698
2.3572
3.10432
1.08204
0.0586751
2.1183
1.002
0.16808
0.156572
0.0127217
0.13054
1.029
0.229264
0.0633794
0.381682
0.413075
2.41707
0.0900949
1.35366
0.241432
3.64919
0.141471
0.366191
2.4385
0.669655
3.65245
1.15332
1.01939
0.309384
1.32584
0.510847
0.569359
0.220284
2.36432
0.848152
0.93875
0.650383
0.402251
0.0488904
0.560667
0.442594
0.141064
1.95967
0.0702016
0.0559358
1.39088
0.127762
0.0838837
0.516285
0.00694559
0.201164
0.14739
0.602604
0.343337
1.36778
0.330494
2.14592
0.477882
0.248845
1.38145
0.14756
0.407514
1.42033
0.412221
0.498639
2.35285
0.776361
1.9648
2.1034
0.0943972
0.0396571
0.598893
3.17261
2.15814
1.08583
0.0684112
0.449704
1.77096
0.405876
1.07919
2.18739
0.493307
2.703
0.0818497
2.50162
0.0511054
0.0189885
0.179489
1.1573
1.3897
1.11533
1.87139
0.00163025
0.129071
1.18641
1.84601
0.291635
0.0481303
0.799948
0.134708
0.0153536
0.504122
0.685886
0.550205
0.360368
2.57646
0.170114
0.00344095
0.00359797
0.337164
0.827629
0.0375273
1.11001
5.26423
0.370834
0.285659
1.68903
0.866149
0.255087
1.95785
0.0305743
0.165192
1.78398
0.650854
0.545769
0.217735
0.167446
0.276484
0.514024
0.527315
0.206358
1.9207
0.277587
1.23418
3.15544
0.0753929
1.58486
0.43609
1.16327
0.669601
0.881888
0.31378
0.722965
0.163815
0.401408
2.80588
1.65438
2.26236
0.785962
0.060806
1.26359
0.10848
0.310233
0.244704
0.740619
0.956045
0.114557
0.106642
0.227008
1.49781
0.653537
0.86963
0.846711
1.12647
0.990214
0.121139
0.192787
0.185381
0.169318
0.478904
0.0806968
1.4285
0.292414
0.177822
0.600819
1.29828
1.21257
0.118954
0.0259224
1.72731
0.711033
0.11609
0.701836
0.420734
0.247146
0.0141127
1.38013
0.64064
1.54708
0.353409
0.578741
0.812427
0.272724
1.09285
1.65542
1.32893
0.203344
0.756675
0.923183
0.346906
2.48464
0.162892
0.538424
1.20012
1.8542
0.241446
1.66122
0.0690669
0.405626
0.734723
1.99699
0.30208
1.45657
0.755893
0.0680689
1.38177
0.182617
0.905888
0.473489
0.601086
2.25798
1.18523
0.0700033
3.71742
0.951583
1.27136
0.238923
2.04601
0.206901
1.29599
1.55237
1.84495
0.154096
1.41948
2.2404
0.587768
0.500536
1.2702
4.00677
1.81684
0.541189
0.838344
0.0353182
0.131385
0.33259
0.415204
0.871079
3.26274
0.814644
0.257232
0.464131
0.217874
0.157286
0.26782
1.01492
0.973869
1.47687
0.97711
0.385691
1.11938
0.943095
0.144878
1.16401
0.329121
0.479595
0.583999
1.10647
1.02436
0.00319673
1.41961
0.300854
1.89894
0.235122
0.299885
1.82889
0.951239
1.51845
0.129293
0.853756
0.903586
0.57927
0.343026
0.800083
1.45424
2.72188
0.77507
0.593036
1.12951
0.143761
0.464168
1.20904
0.526605
1.05889
0.654103
2.20366
1.00039
1.79735
3.1292
1.53015
0.347382
0.042413
0.676752
2.96328
1.7801
2.38738
0.412606
0.286588
0.236402
0.223363
1.12117
3.40817
0.633989
0.995788
2.08792
2.2757
2.7223
0.927839
0.912413
0.94221
1.63384
0.476601
1.60518
0.807779
1.65369
0.459527
0.22766
1.40119
0.241048
1.44275
0.128258
0.111185
0.278832
1.24706
0.00722408
1.01294
0.205155
0.0248222
0.432497
0.311892
0.0135621
1.39226
3.45597
0.807833
0.90441
0.921456
0.0474049
0.508129
0.886453
0.819067
0.74393
1.54035
0.780873
0.544576
1.35009
0.0904599
1.28353
0.507932
1.19514
0.625306
0.947606
0.123562
0.807214
0.38593
0.302315
3.45738
1.27826
1.01608
1.39155
0.24993
1.03158
0.883372
0.616179
0.857361
0.519893
2.18387
2.22842
0.103943
1.52774
0.560717
0.300927
0.254879
0.441667
0.854491
0.186675
0.442097
0.948186
1.17738
1.04791
1.64395
0.416828
0.000331235
2.30788
0.476573
0.881977
3.16383
1.40654
1.49033
0.412857
0.891099
0.797153
0.993207
0.334761
0.746651
0.523874
0.00350754
0.480748
0.853617
1.06836
0.654424
0.950644
1.1214
1.47039
2.04075
2.52492
0.862421
0.0908898
0.529985
0.558851
2.42041
0.129727
0.0159983
0.420664
0.0108174
0.106517
1.08215
0.426198
0.610463
0.105285
1.30182
0.446003
0.250803
0.738036
1.03471
2.54368
0.313366
0.878466
0.53895
0.172889
4.77907
1.44939
1.56504
2.48574
0.885585
4.30269
0.316534
1.34031
0.128537
1.09425
1.76358
0.278484
0.202834
3.47454
1.84748
0.494962
0.957373
2.18337
0.000396103
0.0395492
0.316579
0.865902
0.0250614
0.166991
0.336033
0.30794
0.216637
0.831568
0.480086
0.519766
1.24159
0.0378132
0.534718
0.987547
0.810743
2.39073
0.498915
1.21017
0.266914
0.00579198
1.01756
0.936884
1.45036
0.0294369
0.491407
0.582316
1.01282
0.0998885
0.122099
0.75316
2.28643
0.48674
0.0136853
2.94704
1.52199
0.853993
1.04387
1.39778
0.671876
0.358433
0.971947
0.17012
0.448463
1.8
0.80949
2.06977
0.359117
0.36609
0.971728
0.993141
3.32585
0.939236
1.30774
1.57722
0.16192
3.79776
0.189979
0.226324
0.741756
0.293293
0.936824
0.0828515
0.0842545
0.30517
1.01613
0.936023
1.22986
0.148411
0.8011
0.0557263
0.276994
2.79498
0.0421766
0.792173
0.0909089
1.11027
0.736601
1.56128
1.65829
1.12739
0.211998
0.723876
0.340152
0.230216
2.03536
0.944904
0.724378
0.266548
0.0765403
0.210751
1.36058
2.39767
0.768842
1.63181
0.663692
0.712901
1.08827
0.524665
0.135792
1.40432
0.0344166
0.0420666
0.464423
0.865742
0.464993
0.989552
0.127003
0.0540493
0.204139
0.680015
0.0906158
0.604816
0.0210807
0.454631
1.31462
0.441546
1.56364
1.58006
1.71022
0.0621372
0.54731
0.419265
0.100643
0.236719
0.141942
1.9252
0.642516
2.4672
0.567814
0.0557277
0.438093
0.0122508
0.729623
0.0944351
0.196262
0.129115
1.21343
0.0811573
0.0744386
0.315792
3.33296
1.88961
0.0732562
1.05647
0.209459
1.58348
0.580142
1.25946
0.747937
1.34046
0.258952
0.558969
0.0409488
0.215631
0.662394
0.0947413
1.54001
0.194946
0.323915
0.492903
0.541287
0.149054
0.55047
0.0179871
0.819364
1.48928
5.91861
1.18141
0.593991
1.9294
0.527397
0.0988673
0.0253892
0.139508
0.0596895
0.279956
0.98473
0.671981
3.25525
0.315444
0.126646
0.384019
2.18409
0.0430218
1.31494
0.408998
0.830337
1.32301
0.390771
1.12647
1.06438
0.372436
0.804345
1.55307
0.175078
1.56744
1.43697
0.798993
0.39904
0.0165396
0.917171
0.245669
0.742047
1.48341
2.20021
0.547199
1.95911
0.255659
0.433058
1.54637
2.04719
1.01687
4.49543
0.217404
1.08852
1.56543
0.800411
1.36518
0.67036
1.97053
0.228381
0.928785
1.59895
0.0593505
0.956937
2.66205
0.966805
0.242835
1.95664
0.567815
0.588855
1.19239
0.325301
0.121264
0.514998
0.42538
0.620783
1.43182
1.14037
0.445756
0.277475
0.471188
0.292742
0.545668
3.61825
0.942977
1.98723
0.99613
2.0451
3.90273
1.4258
1.65877
0.981477
0.237974
0.581273
1.24559
1.04425
0.186919
1.968
0.775913
2.98969
1.10533
0.637695
0.589721
0.809758
2.71123
2.39171
0.291132
0.64239
0.0293307
1.31928
0.914948
0.42986
0.115055
0.0374952
0.935854
0.0243985
1.14226
2.67055
2.25858
0.266149
0.281119
0.198084
0.555683
0.788172
0.963697
0.239635
3.02993
0.522424
0.349632
0.0848683
0.577378
2.44903
0.500694
2.97047
0.265895
0.886312
0.993713
1.06628
0.282087
0.400924
0.853283
0.835788
0.211678
1.3725
2.75431
0.188581
0.0415382
0.850805
0.198333
0.129531
0.0404277
5.3666
0.38527
2.33402
1.41513
0.96859
2.94101
0.236847
0.121419
1.9955
0.48563
0.111993
0.983937
3.7378
0.342784
2.02038
0.461477
0.0237802
0.235946
0.668273
0.960404
0.48401
0.881849
0.14279
0.606007
2.53794
3.12826
1.11264
2.6086
0.81636
1.67556
0.16172
1.65143
1.40517
0.440192
0.895038
0.792759
0.0553182
1.15958
1.59556
0.592841
1.34401
0.794836
0.244372
0.023522
0.589967
0.263102
0.200013
0.720357
1.21139
0.894746
0.813476
1.27487
0.952344
0.233044
0.851031
0.285873
1.21329
0.865979
0.682518
0.525051
0.123864
4.13518
1.68326
1.8215
0.855161
0.785376
1.10581
0.786511
0.447375
0.357233
0.989496
0.761608
0.0770684
0.319334
0.421809
0.655411
0.946059
2.53338
1.59238
0.954394
1.04038
1.72869
0.00808572
1.61842
1.29383
0.496271
1.31236
0.116913
1.3209
1.68421
0.338218
0.213946
2.82745
0.058193
0.927552
1.16701
4.83883
1.03043
1.142
0.930086
0.0471351
0.0838518
2.36873
2.27104
1.86869
0.499218
0.928142
0.0588002
1.65383
0.73766
0.0384483
1.53925
0.417037
1.12811
0.302057
0.144811
1.06995
0.679949
0.504296
0.0802161
0.637848
1.10417
3.46455
0.256309
0.354316
0.109443
0.322636
0.35828
1.68595
0.480603
1.38985
0.93867
0.219611
0.271959
1.96525
1.56971
0.960338
1.1117
0.213808
1.89921
1.02838
0.330874
0.891555
0.102242
0.354732
0.932543
2.2382
0.617337
0.703046
0.960185
0.31666
0.208275
1.35765
1.09555
0.195184
0.566667
1.25747
0.165781
0.522495
2.19902
1.23821
1.28229
0.154867
0.188988
4.61532
0.275828
0.595548
0.182092
0.261614
0.00354203
0.970083
0.486225
0.480681
0.157103
2.50504
0.375594
2.51796
0.0748802
0.139965
1.31593
1.99502
1.17978
1.09935
1.09284
1.72365
0.657822
0.821226
0.695704
0.395568
2.54227
2.69437
0.298274
0.870558
6.15045
2.58973
0.190591
0.116574
0.49547
0.353263
1.65499
0.762954
0.272031
0.380979
0.807851
0.719759
0.450939
0.177989
0.79033
1.00895
0.262336
2.67315
0.176038
0.863261
0.357865
2.53755
1.47774
0.05989
1.19977
2.51269
1.31252
2.16539
0.0461471
1.05205
0.806902
1.3194
2.38863
1.30075
0.0808324
0.0897964
1.02831
1.93042
1.11841
0.16714
0.941857
0.833506
0.122178
0.618073
0.0933485
0.71721
1.89005
0.425258
5.72575
1.12783
0.860227
2.38487
0.274352
0.793605
0.441874
0.0418856
1.11342
0.231164
2.63292
0.581875
1.6027
1.23938
0.584571
1.74155
0.496904
0.954866
0.0696369
0.774049
1.10085
1.50817
0.484653
0.359592
1.58743
1.65001
1.34811
0.635149
3.66893
0.0499617
1.3133
0.155214
0.63156
0.621394
0.0816286
0.116775
1.79358
0.118454
0.0743501
0.357026
0.729747
0.46741
0.448339
1.14081
0.367858
0.0741517
1.26919
0.961037
0.442876
0.0501974
3.84785
0.423337
0.171428
0.796136
2.54811
0.971926
0.8732
0.341544
0.977588
1.05984
1.38393
0.0821584
0.93919
0.391319
1.27525
5.1125
0.00154556
0.568996
3.99201
1.75771
0.313314
0.796079
0.250101
