3.24985
-5.2251
0.14762
6.55522
-0.415934
2.35045
0.760963
0.171363
19.1296
2.32326
2.30999
-0.258005
43.4805
-0.0960321
-0.543918
0.242857
-0.584476
-0.335286
2.67869
0.0782446
-1.88537
-1.74723
1.23852
3.50528
0.745873
0.37365
-1.13929
-0.251746
3.38671
-0.266451
-0.38649
1.33485
-0.0945306
-1.37838
-2.06819
-1.32657
0.49622
0.890891
4.2816
-0.725342
1.81564
-0.67503
-1.06914
-0.755209
-0.538572
-1.41257
-0.647274
-0.262048
0.128367
0.613102
-0.336247
0.414467
0.752018
-0.169217
1.2688
-6.68201
1.02829
0.28436
-3.0573
-3.9571
-0.172117
-0.888819
2.49821
0.620331
0.0256878
0.996362
3.13309
-0.630166
1.10236
1.597
0.247557
-126.736
0.598242
3.42207
-19.2504
-0.00369898
0.747547
8.73644
0.129178
-0.43373
8.74182
1.62318
0.245029
0.324517
-2.83687
0.226775
0.998018
0.955048
0.109612
-1.78707
-4.77771
-0.331255
0.594578
0.107978
-13.5235
-0.273845
-1.65172
-0.657712
0.518127
-0.482612
0.328875
0.237603
-0.420566
-0.477799
0.31536
0.227701
0.0509024
2.01668
1.71486
0.831531
-0.669827
-0.304943
-0.222085
1.52951
0.795329
0.0621171
0.142432
-5.05597
-0.320158
0.644644
100.93
-0.0581563
4.12961
0.662075
0.0683049
-4.07088
0.419964
2.3968
-39.572
-0.110259
1.28016
-1.58874
9.18021
0.616106
-0.772568
2.34641
-0.385245
-1.78116
-0.860651
-0.912364
-0.352351
1.29853
0.4523
1.23159
0.695548
0.312773
8.05471
0.418718
1.2601
0.334013
0.832263
-0.551604
0.332611
1.65296
-1.74767
-0.062895
-3.89601
3.28854
2.83876
1.7475
-0.134073
0.232531
-0.957154
0.440847
0.682106
0.659958
0.00467802
0.173969
0.472637
-0.824909
-6.62327
-0.353745
0.00837511
8.97328
3.10356
-0.955237
-0.662756
-0.38295
3.04481
4.6428
1.76657
1.11819
-0.0967133
-0.707777
0.0359162
6.25284
1.44376
0.479603
0.924277
-0.6966
-296.303
0.0827483
-2.37757
-2.38819
-3.27909
-0.805059
-3.09331
2.54089
1.74613
-0.579793
0.850757
-2.20468
-30.0994
-2.42421
0.41109
-0.532721
-1.12045
-1.32284
-2.93134
-0.538365
-0.150527
-0.866099
-0.0540654
2.6191
1.57896
-0.647476
-0.170681
-0.316443
3.43001
-0.949534
-0.352684
4.43071
-1.39774
-4.14149
9.41833
-0.215358
-1.9076
0.379793
0.182203
-1.62347
1.70424
-1.24074
0.00471933
-0.139051
0.0533578
2.38097
0.813065
-4.21824
-1.3891
1.49687
0.461945
-1.57396
-0.644156
-0.0241507
-0.76939
1.14311
1.67046
-0.0665984
3.68715
1.30878
-0.877972
0.666995
-9.07554
0.181195
0.287805
1.34791
-0.902357
1.69643
-1.13996
-0.593309
0.352263
-1.56986
-0.643052
1.0542
-1.64621
0.270615
0.249224
-0.00772966
-0.927485
-28.1331
0.647265
3.65428
-3.17168
-1.30772
-4.85946
1.01804
0.720357
-0.723177
-0.504993
-0.131286
-0.307362
3.49308
-2.35479
0.0275233
1.42853
-3.89102
0.128718
-0.3113
1.72688
0.0665502
-0.200999
0.842875
-0.581388
-2.17284
0.930623
2.84425
-0.436727
-2.13547
2.87745
-0.692574
1.32844
-0.839872
-1.02787
-5.88203
-0.439767
0.361671
-0.188362
0.114416
2.77781
-2.2312
-1.81607
0.608756
1.43355
2.62339
-2.18548
0.167721
-0.36972
1.43479
2.91655
-3.96154
1.17203
-0.168936
-1.17973
-0.27843
-0.532675
0.918902
-1.65361
-1.79014
4.64905
0.24488
-1.04006
0.246591
-0.955127
0.844825
0.552639
1.79455
0.432309
1.26441
-3.38806
4.44771
2.0046
0.138699
0.259275
6.65653
-8.64378
-0.649179
0.146092
0.817003
-6.4389
49.2242
1.86747
-1.3977
0.55642
0.619776
6.58795
-3.20633
2.19521
0.693267
-0.864506
0.39031
-0.726784
-2.31193
2.87246
-0.488687
11.2856
5.0031
-0.901426
-0.739327
0.667281
-1.38818
-16.2681
1.2805
3.05296
0.241497
1.1414
0.446793
-0.431577
-1.78273
1.34455
1.72672
-0.722941
0.00562803
0.41852
0.538248
-1.83561
1.66348
-0.20702
-0.171851
3.81081
64.2113
1.43257
-1.25648
3.86338
-1.10347
-0.615109
-0.751846
1.16139
-0.835331
-3.08716
-17.3179
0.0685583
1.03285
0.555284
5.87933
-0.76672
-1.22013
0.318034
-1.39109
-7.46735
-0.244364
-0.900278
3.15113
-1.44569
-19.7479
0.430252
-1.09343
-0.620033
0.362033
-0.18854
0.0195678
0.109955
-0.143295
-0.17009
1.08358
-1.39052
-0.337262
3.32658
-1.9905
0.753214
0.997826
-0.995554
-0.402936
0.16602
3.04374
-3.09057
-1.58955
0.14636
3.85333
2.64654
-0.402284
0.281215
-0.223805
-50.8926
-1.45576
0.407271
0.370453
-0.656603
3.39299
-1.07865
1.27767
0.18938
0.436812
0.694855
-9.75687
0.870303
0.560827
28.7416
-0.187092
-0.950395
6.5596
-0.0289826
-35.7778
-0.42799
-0.888773
0.0557328
1.04052
-2.37267
-0.54243
-0.602345
-2.94256
40.0538
-2.003
-3.78059
-1.06526
-3.43961
6.47868
-0.950629
0.135734
-1.09752
-1.8423
-0.0391139
-1.44125
-3.95853
0.00813885
-2.16889
-1.86039
0.957096
-0.406012
-1.84439
-1.31675
3.7317
0.229066
-4.59861
-27.7129
-0.572726
1.04282
-1.52133
3.70732
2.21207
-1.64809
-2.19377
-0.0528759
0.916097
-0.513199
2.98028
-1.68262
-0.962173
1.24683
1.6895
-0.449788
5.04867
1.141
0.312093
0.0941715
1.6315
-69.6271
-1.10637
-0.172782
0.484899
0.235209
-11.5127
0.617914
2.01135
-1.13339
-1.34993
-6.1847
0.252262
-7.81358
-0.388672
-0.51663
0.838307
-0.714973
-1.79378
-0.633412
-2.86565
-0.289642
0.446672
-0.556203
19.0516
-0.79051
9.5827
0.387584
21.9103
-1.05983
3.5982
1.65812
2.56036
2.46067
1.41553
1.91173
-0.643435
0.841638
1.59584
-1.3332
1.56326
-0.631743
-0.8498
0.262853
14.513
-0.474253
1.31359
-1.83037
-0.289175
0.936253
0.241029
0.364992
-1.11817
-1.87746
4.04268
0.0857428
-0.146926
-1.22081
0.0816119
-2.8208
-1.38682
-0.046677
-6.39213
0.123655
19.0579
0.0359905
-0.670004
-1.54997
-0.970248
8.3549
-0.89118
-0.289332
0.228842
0.460377
0.584948
0.344523
0.462948
0.404775
-0.531552
-2.0035
-1.21242
5.79114
5.18855
-0.604267
5.47322
-0.483048
0.00402064
-0.747606
-1.73525
-2.48548
-0.264293
7.164
-1.05132
0.606871
-2.76971
-9.55379
0.926543
0.671571
2.79368
-0.836026
-2.87615
3.88628
0.194796
55.6271
-0.249246
1.92824
0.648855
0.376938
-0.491792
-0.467963
0.233472
1.86452
2.70897
0.810391
0.53715
0.406789
-68.2306
-4.11351
-1.09125
-0.276922
1.10993
2.37029
-0.190415
-5.31269
3.54283
-1.27288
0.820306
-1.40256
1.27616
1.39678
-1.77671
2.63573
-1.77868
0.614434
-0.733558
-0.235463
0.143274
1.89718
1.07576
-2.47818
-1.60551
4.18773
6.91447
-0.167032
-0.988265
0.368689
1.38221
0.74636
3.15237
0.0522797
1.41736
-0.631656
-1.61681
-14.1132
-0.486493
2.95136
41.364
-2.5251
-2.27327
0.77372
-0.784057
2.24931
2.34507
-2.02027
-1.19238
-0.160878
-0.803616
0.487968
1.96295
0.188931
-9.88753
-2.91628
-0.0367737
1.5919
0.341214
-0.717933
-0.665019
0.98723
0.0393696
-0.05127
0.882791
-1.78759
1.35325
0.365804
-0.695315
-0.296808
0.804417
-1.03
-0.214905
5.00418
0.304596
-0.344708
0.554998
1.13438
0.19034
0.159514
-1.46441
0.57562
-28.0289
-5.84471
0.310514
0.803248
7.37687
-1.96703
-2.28943
-1.39306
-3.09347
0.761658
1.50937
-0.291481
7.32472
1.72008
-0.191066
1.09311
10.0089
-0.0122424
0.0990942
-3.11081
2.09878
0.0753439
-4.37447
0.072146
6.17945
0.288705
0.979048
-1.02026
-1.0449
-0.0673674
2.78505
10.7503
-0.861172
-1.79496
-3.67167
0.0970907
0.307308
-0.679472
-1.89557
-17.4788
0.544496
-0.092192
0.203442
27.9163
0.509733
0.869702
4.19143
-0.777721
1.89151
0.364436
51.7457
8.33789
34.6843
0.259412
0.629913
7.27388
-1.85388
0.947672
-2.81118
0.258929
-0.351996
-5.10871
-2.72816
5.03374
-2.08039
-0.485825
-0.66887
0.596742
3.06638
-1.76477
-1.19867
-2.65387
-0.603955
-3.24374
5.27084
1.10498
3.32113
-0.478348
-24.5263
0.203335
-12.2516
-4.88147
0.915912
-1.40983
1.03647
-0.926558
7.71425
-12.6638
-2.06625
2.31499
-1.01985
0.578655
0.197382
-2.31936
-0.341541
7.57402
-0.433358
0.768406
-0.38151
1.12909
0.297507
-1.75966
-2.40602
3.55722
-0.0420007
5.33991
0.48248
-15.4535
-0.0871196
0.546692
-1.24127
-1.27323
-2.60742
-2.83678
10.4904
3.86974
0.931439
-3.22399
14.1825
0.579133
1.22659
-1.17368
-0.573917
-0.378263
4.26219
0.25578
0.281766
-0.61504
0.737978
-4.52963
1.1828
1.53828
0.803219
2.6686
-14.4052
-0.648344
1.88066
1.09067
0.239709
0.334425
0.345119
-0.348101
1.58023
-0.0817649
2.44617
-0.122547
-71.3189
2.00745
-0.547169
-1.29769
-38.9144
-2.26798
0.206372
1.30749
7.97465
-0.117681
-1.64594
0.857085
1.42539
0.399786
1.59771
-1.29294
-4.62249
-1.32516
-2.13598
0.36629
-1.77823
0.29075
0.217175
-0.436074
-0.873288
1.63675
1.7856
0.169553
1.15607
-1.37772
-0.215756
-0.284571
2.81314
-12.9546
-2.66077
-0.012234
2.63875
-0.683942
-0.986113
0.626127
0.973084
1.50794
4.97517
0.254126
0.857403
-1.05627
-1.72068
0.149677
1.49169
-1.80355
-0.366161
-1.45518
0.313532
0.762891
4.58463
-36.9332
2.71529
1.48013
1.17618
-1.21873
1.23573
-4.04763
-2.5047
-0.442941
3.93699
-0.771121
-0.253049
1.37418
-0.307501
4.10198
0.316896
0.390045
0.783873
-0.988615
-0.728885
0.182005
12.1624
1.22673
0.179349
1.01206
-37.9152
-0.327098
0.146131
-8.99655
-1.27042
0.283578
-1.09394
-0.180919
2.54712
1.54128
-0.15436
0.321323
0.0639877
0.324062
41.8875
3.74316
-3.67998
18.3373
0.2089
1.93215
-2.59296
0.425464
1.7931
2.97963
-2.18283
0.876185
-0.647722
-0.127042
0.628551
3.20407
0.605845
-0.903513
-1.74869
-2.62759
0.79303
0.983487
2.50704
-1.12061
-0.584031
-3.67831
0.200455
-4.08523
2.69215
-0.641365
-1.43191
-1.4763
0.731486
-2.72553
1.46137
-0.588787
-5.28838
-0.74997
-1.61169
3.19969
-0.748362
-0.260542
0.119369
-5.49864
-3.64429
-1.61456
-0.0380698
3.17318
1.17258
1.59831
-0.957345
0.0793488
8.72662
0.0686319
28.5291
-0.331556
-1.75212
-0.205331
0.980385
-46.2532
0.979728
-4.54754
0.0359326
1.5035
2.09029
-0.0593185
-0.119053
5.86675
0.349823
-0.891767
-0.516566
0.18424
-0.00285522
0.920603
-9.14875
-1.43554
0.143798
-34.32
2.91851
1.44582
-4.48613
12.8872
-1.29504
0.435019
0.0585576
0.459459
226.361
0.0819384
-1.71792
1.60772
-2.84819
-4.36219
2.94047
1.01315
0.645777
1.05112
-0.604351
0.546801
-9.80197
-0.504217
2.16594
0.553525
-0.123138
-29.714
3.44675
-2.69902
2.85475
1.8911
1.64225
-0.683261
0.717492
0.623356
-0.436992
0.583956
1.85021
0.616733
1.55284
-2.56228
0.162563
0.216218
0.0266171
1.79253
-3.88284
6.12683
2.12306
-0.297033
-0.0790232
-0.853498
0.581346
-1.66327
-0.0520853
-18.2983
-0.723079
-7.32273
0.731029
0.454523
1.13615
-0.65957
0.824152
-1.24272
-3.05113
0.708412
1.18438
-0.302324
0.611274
-0.112887
2.71508
1.95412
-0.0359432
-2.18426
0.122907
2.06194
0.215926
-4.4387
-0.293112
17.2219
-0.14158
-0.26573
0.559741
-0.843288
-16.9619
1.28157
-0.0465579
0.159276
-0.0213056
-1.34818
0.0673377
1.17463
22.4425
-1.16015
5.35016
3.5897
5.04897
-8.23142
0.362757
1.22262
-3.27887
1.00859
-0.448003
2.83315
-2.08507
-0.239352
2.94639
-0.907597
4.9493
-25.4633
-3.90826
0.606231
0.081989
-1.69065
2.80881
-1.04799
-0.462103
-6.01835
0.644849
0.707044
0.0584452
0.515737
0.430065
-2.73855
0.812633
-0.545348
0.832318
-0.716495
0.869303
2.10134
-1.30484
-1.04679
-2.32361
0.057557
1.13338
1.07929
-0.259694
-5.61087
-1.64886
-8.25614
-0.416521
-4.95844
-1.12347
-7.73356
0.582464
8.33913
0.275632
0.663995
-1.5045
-0.352397
-0.242793
-0.538863
0.264689
1.1112
-6.13068
0.187057
1.85264
-2.02262
1.14336
3.65658
0.142513
-1.70844
0.10572
0.131344
12.7566
0.32852
0.127277
35.0948
-0.950967
-0.971646
1.19165
28.6639
-3.56992
1.61699
1.07206
0.190203
-0.459513
-1.40541
-0.508904
8.24971
1.04277
0.408061
6.70295
0.607803
0.063201
3.06773
-2.50131
-34.2597
15.8725
0.163049
-1.4637
-1.02617
0.227022
0.0298191
3.46821
1.24801
0.960064
0.772523
15.8318
-0.190361
-3.03965
-0.0747504
-0.656222
18.2779
0.446491
2.19238
-0.158349
1.17691
1.00715
-1.40483
-0.236439
-2.63567
1.08241
-0.148627
0.797843
-0.446943
1.38122
1.33215
0.462743
0.546725
-0.821994
-2.25969
-0.913879
8.60794
-0.528542
1.84787
-0.396955
-2.02175
3.20486
-0.294468
0.437669
0.662335
-24.4673
-0.682249
-0.849287
1.39551
-2.60719
0.952918
-0.0733921
-0.242657
-1.27463
-6.17137
-0.373246
-0.410558
-0.0500834
-1.16748
1.98188
0.934336
-0.938152
-4.1112
0.394409
-2839.85
2.69098
1.77619
1.73981
-0.860864
0.324069
1.57456
-42.9432
-0.0975383
-1.34593
0.91053
2.37974
0.390095
0.0922816
1.12872
4.16413
6.18689
0.0829525
-8.85481
-0.069423
0.594774
1.07768
-0.365311
-2.35546
0.0371444
-0.367227
0.526389
0.680413
-1.91909
-1.20104
0.410296
-0.383465
0.824569
0.312337
0.732104
-1.41896
-0.507399
-3601.06
-1.01848
-0.311306
1.1137
4.66415
-0.0162595
-1.92239
-14.0211
-5.87364
1.50616
-1.03297
-0.119289
-0.663075
1.20699
0.536092
2.90669
-3.46847
-0.405572
0.632699
16.479
3.45489
0.499555
2.87766
0.619651
-0.445226
-0.879045
-0.741757
-0.316935
-0.453788
-2.52929
1.14173
-11.8
55.0818
1.48187
-0.461416
-0.213433
0.0801163
0.782505
-1.03265
-1.32152
-0.22679
-0.144814
0.728016
0.762667
-0.415668
2.70344
-0.362351
-1.26136
5.79078
1.59478
3.48243
-0.791967
-2.75092
-0.50757
-1.50532
-0.02991
6.69831
-1.06532
-0.141517
-2.75237
0.779521
0.367703
3.23845
-2.74255
15.3243
-1.17898
4.74542
-2.87234
-0.182003
4.3128
-16.7757
0.217291
0.542696
0.500376
-2.31775
10.8448
-0.024368
-10.8242
-1.07426
-1.2831
0.658248
-1.00963
1.67252
0.658232
-0.00510654
-0.483718
0.3695
0.21563
-0.460602
-0.231556
-0.51117
0.916588
0.127488
1.35479
0.44285
0.197566
1.74163
2.37447
6.58537
-0.258665
-0.0997071
0.929236
-0.837369
-0.255057
-4.38329
-0.999481
-2.93105
0.612534
0.916701
-1.41047
-0.470702
-2.12691
-0.115414
-0.186088
-0.19242
-2746.44
-2.026
-0.570039
0.626623
-1.33705
0.866698
0.73029
-0.246798
1.8814
-0.387789
2.64218
2.07103
0.145717
0.0673185
0.794836
1.74989
1.52818
-1.33995
0.491504
-0.454732
-1.01028
0.366189
-2.35713
2.93294
0.697844
0.680028
1.60626
0.586878
1.49161
56.3173
-3.24419
-0.0967821
-0.86919
-1.23948
0.621444
-0.304585
-2.18946
-2.09895
-0.740755
-1.15577
1.04702
-0.11154
-0.659362
13.2505
0.19394
0.714722
-0.0634267
-1.14079
-1.13331
0.183188
0.979946
0.941308
0.360952
-0.311592
-0.00298222
0.763265
0.348759
-0.529797
-0.863232
-0.0497246
1.38063
-1.25439
-1.92625
1.54996
8.3287
-0.320798
-0.637301
-1.52233
0.288607
1.12024
-5.71936
-0.33604
-2.14591
6.57909
-0.112851
0.0822389
0.368848
-4.96562
-3.96321
-0.296801
0.328505
0.553721
-0.00389022
-0.00663728
-1.53458
0.416216
9.48627
-0.249871
-1.44418
-1.82147
0.457373
4.31862
3.25944
-1.39591
0.886285
32.9493
-0.967687
0.735306
11.7203
-0.499054
9.7229
-0.414539
-217.355
0.536548
-0.122942
-0.900657
0.0267973
0.167442
-9.7748
0.414423
-0.387382
0.423855
-3.47656
-2.40286
0.34036
1.48609
4.60698
-0.624801
-0.946809
1.73089
0.488209
-0.341528
3.17546
4.34376
2.22902
-2.82603
-8.14193
-2.49483
2.14059
0.554879
0.444676
-0.127923
-3.71578
1.51848
-2.16871
1.27683
-7.74634
-0.052137
-0.676435
-0.634703
3.66205
0.404406
2.09946
0.439298
-5.07778
-0.141183
-1.57545
-21.0084
-0.390708
-0.201166
0.0102638
-1.55351
10.767
-0.409516
2.04288
0.000784414
0.841558
-0.249585
-0.230159
-0.585106
-0.711778
0.496714
23.5043
-0.0625321
0.599679
0.498937
-1.52009
1.1656
-2.5718
-0.491355
-24.2246
-2.11204
1.12059
22.2973
1.2768
0.773995
0.459535
0.273555
-2.44741
1.7225
-1.12181
1.78194
1.24282
-3.90625
-0.382331
0.244751
-3.15869
-0.058484
-2.49538
-2.27307
-0.527963
-0.277858
-0.696301
0.503925
4.78831
-6.87376
0.200617
-1.07489
1.34372
-0.388406
1.97665
3.16612
-2.07103
9.43854
0.80326
-0.102288
-3.94341
0.843328
6.94766
1.40649
0.318329
1.17501
-0.699806
6.74979
-0.104847
-4.52248
-1.4204
4.96315
0.0489618
0.368636
-1.79248
-0.0291324
-11.1116
-2.08848
0.807389
53.1106
9.48888
-0.599013
0.168478
-4.8077
-0.0405491
-0.0129442
5.39214
-0.416158
-48.957
4.41027
-0.0449203
0.445657
-0.269064
-0.0630305
-2.16379
-1.23556
0.019135
-0.692832
-0.883641
-3.91809
0.529299
-0.740225
-8.547
-5.26262
-1.80037
1.90168
-1.60676
0.123785
0.178049
-0.105928
-1.23712
-0.0621534
-1.36558
-2.3178
0.383555
-1.66383
-6.02314
-3.49961
-3.78715
0.26775
7.56981
1.10628
-0.530422
0.965787
-7.82227
-0.761123
-0.196451
0.258093
-0.284434
-5.11546
-0.609242
-1.16147
0.233205
0.420287
-0.469122
-0.157059
-1.09899
0.314025
-0.344171
0.227878
1.13965
0.0488819
1.09212
0.564462
-0.514876
-0.483202
-0.346964
-0.36595
0.707177
-2.95129
0.69834
0.0551432
15.3606
7.95692
-1.00244
-0.573976
1.84786
0.0851157
1.07672
24.376
-1.69299
1.02878
0.599068
-1.97286
0.289711
-0.232709
0.527706
-1.9436
0.068477
-6.74671
-4.76484
1.2423
3.80525
0.227499
0.522549
-1.08183
-0.282144
2.94092
-0.34508
-0.999345
2.18168
0.676267
-4.74015
-2.42496
-6.49026
-30.6127
-0.38244
3.67167
-0.33978
-0.327806
1005.78
0.198897
14.4703
-0.00294802
0.0824854
-0.687765
-2.68677
0.896922
-1.83625
-0.703536
0.664879
0.167453
1.84146
-0.017976
2.2526
-1.81533
0.182276
0.101846
0.337551
-0.144761
0.445347
0.279024
-0.488875
1.14549
0.492988
11.8796
-0.443356
-40.5811
2.12111
0.0534589
-1.14609
-0.192628
-1.51392
0.578638
0.803232
24.9587
-0.0357666
20.9719
-1.89648
0.729269
0.677885
-6.89865
1.52863
-0.714342
-7.29801
1.42195
2.67944
16.8094
0.596946
-1.35804
2.59645
-1.58003
-0.326247
-2.44842
-16.3333
-0.867262
-1.34649
0.864183
-0.626238
0.348236
0.11363
-1.26277
0.839219
4.98706
-0.806157
-4.97356
2.41427
-3.89226
-0.322143
-1.31874
-61.5413
-0.184527
-1.74605
0.450577
-0.845234
-1.31413
-0.925491
-0.703252
-0.464155
-2.808
3.82106
0.821022
-3.55433
-0.577705
-2.77009
0.813628
0.00611709
3.02272
0.308727
-1.82054
-3.81031
-2.51343
-10.7069
-0.180207
0.705535
0.170504
-6.9059
-18.0048
-0.454445
-2.56422
0.593564
-0.207194
-0.629256
-0.663227
0.135673
-3.4184
0.388036
1.69304
-0.11656
-140.716
1.08554
-5.4603
-0.869361
-2.12886
1.06971
-0.0355113
1.17334
72.2652
0.852973
0.845332
0.00246072
-3.2563
-0.687575
-0.520752
4.52916
0.560563
1.19119
-0.651239
-1.20619
-1.79142
-1.20818
-3.90582
-0.625393
-0.966555
1.21217
-2.11681
1.08048
1.01293
-0.303064
0.792591
0.197347
8.03266
-8.26961
-1.00184
-2.70272
-0.648821
0.541872
-1.73132
1.39736
-1.21818
-4.31766
3.74227
-8.6682
0.759549
-1.34401
-0.715111
-0.656224
-0.600522
7.18585
1.69217
0.403525
0.250105
0.924109
-0.305719
-0.73632
-0.0616465
-8.69437
-8.35187
-2.82934
0.343458
1.04213
-1.87191
2.65784
-0.0811405
-2.88882
0.0130624
0.729688
-1.16923
6.70536
0.151716
-0.95322
6.92895
-0.170205
0.123994
-0.768203
-5.61704
-0.450744
0.0233491
-9.69581
7.99493
-1.51632
-0.132991
2.26004
-6.21869
3.47841
4.08233
-0.62182
17.3297
0.278756
-1.09382
0.622287
-0.991426
-0.627452
-0.462115
0.854933
-0.606236
2.89726
-0.366541
0.952981
-7.46268
-1.18006
-0.610522
5.37822
15.2039
-1.35397
2.51463
-1.47875
1.44559
-2.91836
-0.0766779
2.14207
0.508775
-2.41855
-0.933542
-22.0129
-3.12336
0.0421056
-1.06632
-1.16659
0.177914
1.18165
39.703
-2.46547
0.264727
-0.164477
-2.72195
1.15135
-0.137343
14.6385
-0.000708866
0.927586
-0.833509
-2.17957
1.08218
-0.344392
-1.0174
0.358175
-0.549703
-0.249968
4.21665
-0.062876
4.86371
-0.360059
4.43602
-0.269602
-1.02429
3.76063
-0.588583
0.128116
-4.29008
0.329415
-1.99843
2.85339
6.64899
-6.05815
-0.18905
0.591585
-0.555945
0.473837
2.43251
0.737824
-7.37816
0.633324
0.0629852
0.315754
-3.53339
-2.98842
-0.810089
-0.0696066
-4.50007
-0.361782
-1.26445
8.16392
-0.907582
0.421777
-2.66619
13.8283
-2.61956
38.3607
0.711203
-1.12872
-0.365766
0.962899
-0.64463
11.9384
10.6274
0.329813
2.5823
-0.637378
0.661136
0.165646
-0.386874
-0.939031
-0.246925
-1.34641
-61.969
0.208564
-0.426851
2.0957
0.849019
6.69958
-0.947984
669.049
-0.0686772
3.19959
-0.0562994
0.551229
-1.9623
-0.12668
-0.920609
1.09501
14.5384
0.308025
-0.0419462
27.2065
0.219802
-5.49258
0.507184
22.6003
0.251795
3.86014
0.0997122
0.121937
-2.06142
-0.256403
-5.60738
-0.993534
-6.05707
-0.42218
-0.290355
2.40549
-0.345144
2.68311
3.19721
1.45548
0.206507
-0.150986
2.06584
-0.97603
0.535216
1.72078
-0.0439893
-6.96624
-0.243275
-0.534498
-2.09937
-0.312177
-4.0607
-0.978631
-0.0805967
0.333334
0.468588
0.225147
1.03116
7.70192
1.89745
0.739741
-9.2253
0.709649
-0.541841
3.63966
11.9511
3.74907
-2.05951
0.275716
-0.321401
0.111063
-3.04177
-7.49256
-1.67246
-0.732916
-3.18442
1.20318
-0.0204446
-1.40745
-6.80709
-5.10586
-12.8162
-0.0647524
0.372994
0.345918
0.623719
-0.61166
-10.1631
0.839314
0.912949
-0.732778
0.358332
0.783463
-0.579066
0.819876
0.848793
2.15276
0.322244
-95.5426
-1.85393
-0.151883
1.36617
3.06953
7.1961
0.38481
-4.1544
-6.84279
3.07699
1.13811
0.114517
-3.47562
-2.73349
4.42709
-1.07919
-0.23143
-2.2184
-0.86096
-1.12033
-0.539791
-3.52657
-1.66379
2.35884
-3.90326
-6.12216
-0.0971273
2.05565
-2.95263
-0.921082
0.620559
-3.01349
-2.37848
2.46174
-2.3075
3.64037
-0.158175
0.0238963
4.68867
1.58669
-0.146943
1.31594
0.861814
-2.41577
-0.990209
8.2029
-0.681969
-1.64181
0.708018
0.697661
0.272078
0.125049
0.0021733
-1.41125
0.242924
-7.72137
7.14162
-1.34888
55.8863
0.104371
-0.355237
-0.0841238
0.406122
-0.259966
0.626361
1.16191
-34.0025
0.652796
-0.427815
0.983526
-3.46369
-7.40205
-1.85213
0.600155
12.2305
-0.52715
4.38036
2.52578
1.00813
-0.276126
4.52015
-0.875812
0.5634
1.57807
-1.77625
-1.54153
-1.61051
-2.41199
3.50711
-0.0576246
17.8221
-3.82839
-0.427232
1.61506
-0.165634
-0.243769
-1.01286
0.751357
1.24856
-0.167599
-0.566996
-3.29995
0.000944294
0.345428
-1.77762
-0.434843
-0.665462
-3.50688
-0.447311
-2.37228
-2.97501
-0.425562
3.0938
3.70217
2.69785
4.20049
0.404797
0.349366
-1.36682
0.662138
-0.270014
7.50244
-0.377633
6.64506
10.7066
-0.898596
-3.07085
-0.877743
-0.228932
3.47167
-0.994172
0.978897
-0.878959
-0.325359
-3.02481
3.26753
-4.69952
-4.3167
0.330975
-1.30519
-0.34223
0.035021
-0.185801
0.299959
-0.574345
1.72068
0.885693
-5.06267
-0.0633038
0.950663
-0.811235
0.710089
-0.285629
0.305411
6.28119
-0.0955948
-9.64091
0.00465428
-0.601161
0.203616
1.77261
2.36704
-0.733248
0.643658
-1.01553
-4.15668
-1.23185
0.447038
9.6275
0.376267
4.03425
4.51119
0.709449
0.40914
-0.141491
-1.42193
0.952021
0.986657
-258.446
-14.749
-0.0222423
1.38242
-4.49017
2.1214
-6.16168
1.41142
-0.402482
-0.990587
-5.83464
2.44764
0.517022
-1.56334
1.59546
48.6983
-1.34017
-3.20842
-0.4149
-0.24429
-2.1337
-354.754
0.28806
-1.87151
2.10177
-0.0356515
25.7173
0.232242
0.503349
-0.257685
-1.3763
-1.3364
0.0434695
1.59875
0.354286
2.01469
1.06278
-3.82209
0.685377
-0.429763
-2.33755
-0.643472
2.81904
-0.137122
-0.245953
-0.85062
289.84
0.709491
-0.884422
-3.04507
-1.49102
-2.4665
-0.102027
0.529206
-1.79943
-0.280986
0.454742
-2.51601
-0.175081
-0.223929
0.858374
4.75139
1.89354
0.858604
0.229419
4.08288
-0.416274
4.0205
2.86725
3.65094
1.0648
12.182
-0.32968
-1.41967
-0.552392
37.9851
-1.20928
0.130244
3.89585
-0.191867
-19.9901
-0.562203
0.875791
0.0783026
0.409187
0.0861364
0.159196
0.234367
0.363151
-1.05196
-1.29943
0.424637
0.89121
-2.83355
0.424558
-0.286297
-0.0995385
0.411535
0.161703
0.345138
0.177713
-3.77106
-1.09946
-6.67614
0.624437
2.20154
0.916934
7.57096
-3.10971
-0.0488458
0.642511
-2.57075
-0.838477
0.828
0.388185
0.533948
-0.843481
0.582711
-0.565365
-2.0288
0.471108
-18.1506
0.165943
1.49805
1.99233
-1.3877
0.706128
-2.62162
-1.44588
-3.56807
-0.978695
-1.59884
1.57082
-0.331327
0.163804
0.754153
-3.8363
2.72646
-2.33496
2.01744
-2.47443
0.639733
0.294377
0.940572
-58.0199
-0.0524713
-0.106042
-10.9244
-1.02427
-0.900142
1.63618
-3.25339
-0.323154
-2.96563
1.56989
-1.41045
4.70098
1.85265
2.18552
-19.3529
-0.490847
-0.738846
-4.41179
0.163002
0.984702
0.555236
-8.70841
0.280335
2.21649
14.4692
4.88264
0.0595733
2.7167
-2.32483
1.08305
-8.08345
0.144035
0.622074
-1.35653
6.21539
0.13835
2.40278
0.787144
-22.2086
-4.24556
0.192926
0.6538
-0.634426
0.756307
-3.18463
0.886699
0.295702
-1.84642
-0.212118
-1.79449
-0.24564
-0.949576
1.70718
-0.384775
-1.79311
-0.085309
19.7876
0.170599
0.883084
1.37396
-1.52407
-0.952994
-1.94637
-25.5509
-1.14115
-0.128087
-0.0219195
1.55818
-0.137251
-0.300923
-2.92758
-0.646387
-1.4246
0.56836
4.22498
0.197496
0.582706
0.13096
-0.314351
1.79253
-2.66802
1.0165
-0.414065
9.02386
-0.0364016
7.37654
-0.685727
0.270176
-0.397165
-2.05318
-0.0255842
-0.985025
0.935721
0.252837
-0.470239
0.173367
-0.859821
-1.26789
-2.84237
15.3387
0.441791
-1.91726
-0.168635
0.0680775
0.763616
0.199166
0.047654
-0.476231
0.449982
-1.12524
-0.138252
1.29741
0.257944
-1.43761
-1.08497
-0.581625
2.42004
0.217509
-0.124216
-0.169085
-1.31331
1.05298
-0.344952
-1.22942
-0.0911783
-0.273825
1.46649
0.265559
-4.90165
-0.0658555
-3.18224
2.34278
-0.27789
0.328702
7.62837
-0.0220126
-0.00149273
0.373988
-0.402578
-4.60572
-0.861819
4.38837
-0.597239
-0.531738
0.81759
0.381712
-2.91142
0.900334
-1.41265
0.995657
-1.58863
0.134594
0.591642
1.25135
7.61597
0.527476
1.42446
11.6281
-4.28124
1.12389
-6.10622
0.3801
-0.552986
0.749576
1.43845
0.225795
0.759659
-4.87246
0.403758
0.146238
1.67536
0.954031
9.85663
1.11381
-2.26831
0.235257
0.614709
-0.121425
0.424001
-2.44635
1.15946
0.0908562
1.99023
1.97022
0.0203452
-0.0679948
-0.409701
-1.5883
-2.33036
-3.66335
4.55255
-0.446609
-3.07963
236.484
1.56284
-0.806426
0.321629
-0.883375
0.628928
0.0791667
0.201046
1.9764
0.805237
-5.82602
-0.0613456
0.443104
0.559371
1.10212
0.5242
1.23625
2.85844
1.09559
-0.0732001
0.281358
1.69582
7.30394
-3.76971
-0.74263
-1.53235
-8.11288
1.53332
0.372683
-0.472974
-0.628753
-2.86876
-4.06695
-0.367073
1.38753
1.37526
0.0362327
0.762565
-0.727732
1.14937
-0.409082
21.6197
0.411991
0.933789
1.73055
-1.14533
-0.80969
0.269249
11.8184
-0.292099
-3.16951
-0.244974
0.234087
-0.958802
-4.69461
-0.754344
1.10246
0.376345
0.722783
1.15186
-2.77873
-0.440529
0.219225
-8.57517
0.00465786
-6.73495
-0.201463
16.0308
4.50052
-0.737495
-0.599606
-0.798241
-13.8903
0.629428
-1.67387
0.3477
0.0768328
-1.31345
-17.2859
2.69786
2.06866
3.4822
-3.1378
-3.2367
-1.74918
5.19443
-0.27483
0.244191
-0.22692
-0.246044
-0.776868
-2.7713
-1.7925
-0.573207
-1.22887
0.206914
0.613096
0.716357
0.329026
0.674066
-0.510304
1.23611
1.24434
-0.571081
0.087961
8.95158
1.1941
0.153217
0.353827
-0.936592
0.629222
-2.27724
0.703854
2.87542
-0.692643
-1.21319
-0.240447
0.564029
-3.69116
0.360512
-1.36476
0.357557
-0.510551
0.822816
207.405
-0.246282
-0.559189
-0.443802
3.86088
-20.6651
-0.570068
1.23678
1.92255
3.55162
-1.23615
0.724165
-0.48333
1.78593
1.63175
0.040841
0.123725
0.0719184
0.340588
4.0937
3.28181
-0.822231
0.293564
2.65879
-0.521622
0.567583
22.9092
0.614893
-4.14841
-0.382392
7.10322
1.34986
13.2742
2.63182
0.614317
-0.678833
-0.0658591
-0.784683
0.371993
1.64646
3.34972
-1.27558
-3.97285
-0.603924
0.481381
0.915036
0.561731
-60.4878
-0.227917
-1.21808
2.68053
2.1979
0.251367
-0.504309
1.23736
1.73125
-0.402983
3.95671
-0.407557
-5.82603
-0.877118
-4.87935
-0.170011
0.461507
0.0509136
-5.78483
0.973046
6.10083
0.265695
1.35201
0.417989
16.9021
4.49945
1.23631
0.942413
26.5659
2.35834
5.82921
0.127166
-0.034574
0.730538
0.204856
2.31131
-0.675813
2.89772
0.854386
-4.03765
-0.0829351
-0.0611617
-2.71933
14.8932
0.434642
-2.42576
-1.1015
0.685057
-0.707043
-0.890236
3.62985
1.21931
0.449656
0.398316
0.395496
1.68625
-26.1646
-17.1664
0.119574
-0.0905152
1.67001
-0.176681
0.287199
-12.428
-0.0945714
4.0265
0.438014
0.344896
-0.695585
-0.833604
-0.101235
0.191361
-0.319391
-0.0608897
0.450463
7.81091
1.04053
0.642682
-0.168446
1.29317
400.358
0.87361
0.10053
-0.573002
-1.62278
0.112579
0.268226
0.386009
0.527461
0.201622
1.50024
-1.37036
-6.78348
-0.754267
-0.676313
-0.214055
1.3591
-0.28266
-3.25871
-0.84659
-1.30317
3.00328
-0.362881
0.920598
-0.186999
-0.289222
4.50503
0.459179
1.66206
2.26315
6.17502
2.03549
0.123247
-0.364088
-0.677732
-2.58787
27.9543
1.70205
-3.0539
0.649112
0.987195
-4.72255
0.47399
8.19888
4.33795
-7.33566
1.24007
-0.92446
2.9992
0.0773237
-1.44823
1.58809
2.00776
-1.14274
-2.51683
0.783687
-0.493062
2.40459
0.815394
0.535392
-0.652097
-0.384248
-0.086354
-4.53831
-0.0583799
0.0268679
0.373095
-1.15722
-1.22553
0.180118
0.149488
-6.58919
-1.45116
-0.69029
-24.6794
-0.836309
-0.595613
1.66148
-1.68336
-4.80504
0.0363922
0.488718
0.938665
1.02194
-1.43304
-0.197973
-25.1947
-0.881004
1.76634
-1.39414
-9.96569
-1.0751
-5.79339
2.52846
26.5392
-0.896694
-76.4035
3.13951
-62.6442
1.09098
-3.06986
-3.58824
-3.22906
0.699308
1.72449
1.00025
3.11709
-3.33794
0.907448
1.7609
0.577198
0.846518
-0.653529
-2.87126
1.34371
0.453927
-1.4978
-1.2574
0.183305
0.602717
2.10325
0.619556
-0.239914
1.33884
1.19544
0.305415
-1.11159
4.30629
1.71095
1.38191
-1.05704
-0.25549
0.205683
-0.794869
-0.260038
4.8196
126.83
-1.09138
2.33617
-2.05669
-1.45104
-3.77079
-0.603162
-0.466215
-7.4418
1.50477
-1.26583
1.88885
-2.5482
-0.189413
-0.482695
-3.5172
0.10076
-0.321358
12.3482
-26.5156
-1.5611
1.91979
0.450186
0.615515
0.560964
4.11473
1.42446
0.828913
-0.684834
2.88002
0.0263162
-0.364383
-0.470305
0.228031
-0.422371
1.12641
2.4765
-7.28579
0.999776
-15.6236
0.170616
-0.41497
-0.574147
2.61208
-0.527694
1.07698
-5.99564
1.1785
-0.332688
-1.31008
-0.557736
-0.430748
-1.6653
6.08479
-0.906061
-2.85702
-2.48303
2.17845
-2.71857
-4.07888
1.73031
15.1826
2.56779
0.220484
-1.96799
-2.36117
0.0387633
-4.1969
0.574272
1.52783
0.851769
0.133668
-0.19258
-0.0891209
-0.694292
1.60288
-9.90232
-0.135327
-1.34226
1.07865
0.62484
-15.5254
-1.64343
-5.47106
-6.73626
0.160519
-2.32874
-0.552882
-0.183684
-1.17231
-1.4296
3.95561
-16.2241
0.0451281
1.60675
0.635985
1.3668
0.330391
0.983373
-2.32467
0.0703533
0.0954376
0.476828
0.328594
1.66438
1.08419
1.6134
0.519787
-0.1976
-21.947
29.4741
0.0570022
-1.259
-1.98839
-8.20929
-0.8827
3.32768
0.893798
-0.967974
0.419981
-0.568011
2.14508
-1.01759
1.80729
1.29845
0.782155
0.893282
38.9824
0.698553
0.839296
0.0295415
1.58959
-0.533353
-0.10738
-0.0424412
0.677352
-0.888169
-2.84523
-0.0606771
1.08287
-0.519133
34.1997
0.618263
0.963513
9.99959
-0.414128
-0.378894
0.254556
-29.2793
-0.442321
-0.0685729
-2.33962
-2.01903
1.27826
0.334082
-0.445808
-0.273955
-1.80113
19.8975
0.069125
-3.99865
-9.10009
13.2922
0.22429
6.1384
0.0363089
94.3536
0.499217
2.20587
1.91762
1.74783
2.90091
0.198726
-1.79264
-4.55841
-1.54997
-1.12223
-1.90814
-2.1984
-1.15549
-4.05894
4.22181
2.03641
-11.3273
-3.05784
-1.87348
0.29237
1.13184
21.0715
0.37694
-2.27973
9.98283
0.988139
-0.0836108
0.435083
0.345509
-1.1194
-0.512939
-0.110287
-0.427676
-1.89714
-10.8048
-0.266297
2.77933
-0.216149
0.165861
-1.65952
20.4673
0.471794
-0.760165
0.113405
-1.34264
7.17956
0.0627117
2.84822
0.89777
-4.73949
2.72055
2.39767
0.637621
-1.18403
0.677569
37.0108
-4.53819
0.24066
-10.5854
0.784263
3.26182
-12.2247
0.301818
-6.60412
-0.646026
-0.621962
0.119786
-0.936334
0.112328
-0.514271
0.807394
-0.92721
-0.788139
-1.25615
9.94532
-0.36301
2.81942
-5.04196
-0.18709
-0.163804
0.324915
1.791
0.486046
-1.95093
0.402992
0.0306385
1.86402
-1.495
0.503421
-0.246509
-0.616855
0.753139
-0.361749
0.110731
0.63419
0.332881
2.98794
-2.35541
-0.197455
-0.0479992
-1.38966
-0.723797
0.99177
-1.40601
-0.572735
4.93274
3.38489
-1.16761
0.086892
2.18037
0.46673
-2.04886
0.230268
-5.61841
1.83547
0.305753
0.627401
-0.637464
0.644835
-0.597906
0.9395
1.59932
2.05818
67.322
-0.617016
0.31401
2.21761
3.01503
0.388535
-0.28458
0.19141
-2.9118
-0.15693
-2.32051
2.86138
-0.155614
4.69444
0.871465
0.925055
0.238007
-1.41868
-0.862451
0.0194163
6.79008
0.420084
0.32342
0.00111876
-2.98897
-0.854157
-0.356836
1.14849
0.0317294
-1.71368
-0.710143
0.325848
-0.740677
0.213736
-0.759179
-7.8541
0.0148258
0.475253
0.16385
-8.2454
0.206022
4.07134
-0.831722
1.57752
0.393312
0.0888858
-1.02751
-11.5494
0.0121235
-0.49686
-0.564076
0.628319
26.3904
0.543031
0.25794
-1.98053
-0.548796
33.5458
-0.0061963
0.0793367
0.928464
-0.144414
0.397186
7.9185
0.0388537
0.386544
3.44196
0.840556
1.20183
-0.854134
-0.357019
-1.68699
1.1082
-17.9383
-1.117
-0.11759
0.230397
-5.87851
-1.5316
-0.279096
-1.82272
1.34974
1.05197
0.505771
0.0914157
0.246501
-3.92242
135.383
1.10207
-0.432412
0.0360224
1.09855
-0.55798
0.852269
-0.459152
-2.17844
-0.28081
-0.0176929
0.691327
1.25257
0.591798
4.05967
42.9733
0.800907
-0.506312
9.22048
-0.774834
-0.577868
0.448499
-0.00167668
-0.277472
1.1437
3.94707
0.253175
-0.625966
-5.73756
-0.544437
1.06055
1.15664
-1.91854
1.38091
4.07502
0.143358
1.28733
-0.670726
-1.02203
1.50636
0.621261
-2.2719
9.86393
0.641069
0.555456
0.155102
0.0207964
1.90883
0.867384
1.80702
0.966128
0.392127
5.01523
4.87869
0.754542
7.55864
1.20345
-1.33681
-0.139864
-2.41389
30.1494
0.478927
0.47845
0.930831
-98.4495
-17.2088
1.05208
0.790934
1.28312
-1.06278
-2.26443
-0.933709
-1.25021
-1.91269
0.274778
0.251699
1.196
-0.62578
0.213973
1.13813
1.05641
0.850546
1.25528
2.34169
0.838993
-0.0910921
-0.908978
0.245773
0.248013
1.10662
-3.90758
-1.68003
1.36047
1.83008
-0.195849
-0.640404
0.0208752
-4.49941
-0.187725
-2.64105
-1.18057
7.00336
0.116409
4.42656
3.41869
0.983681
-1.49964
-0.87802
0.280774
-1.05565
-0.0172586
-3.79921
1.36162
-34.4639
-2.00075
1.20315
0.0570544
0.0203005
4.83022
-0.58674
-0.0496581
1.98873
6.40581
-0.0310819
-3.89493
-2.3959
13.7742
7.28834
0.764438
0.360979
-1.47655
-0.428729
-0.796772
-0.245566
-1.61465
-0.184115
-1.19761
-0.843792
0.627228
3.78729
0.93801
1.11989
-0.6075
-0.574867
-7.03902
-0.674939
0.217175
-0.0489274
-0.455936
-134.266
-3.21078
-0.0702947
-8.52261
-1.38192
-1.93741
0.836898
-3.93822
1.92672
0.394784
-0.918923
3.61294
-0.457494
-4.43085
-0.352819
-2.89131
1.44071
0.506599
0.557542
-2.83832
-7.20419
0.755136
-0.902615
-0.628963
-0.722113
-0.306541
-1.17795
-1.89711
0.190714
3.03994
-0.369977
3.11504
-0.347882
0.738069
-0.432202
-0.611848
-0.426547
48.9276
3.33348
3.31858
0.952886
10.8793
3.60968
-1.07012
2.39445
-1.64811
0.88546
15.0591
3.80508
1.10836
-0.130737
-0.436223
-0.689818
2.33162
25.916
-0.0494415
-4.28035
0.00547256
-1.48598
-1.95572
-1.52419
-0.4766
-0.10551
-0.300327
-0.853142
-0.347706
-0.754235
0.127084
0.654074
0.389259
-0.670189
-0.472815
0.541247
0.230438
8.41698
-1.49822
-0.919472
1.43437
2.01793
7.86611
1.24683
-0.0559218
0.17604
0.0436709
-28.6726
25.9794
-14.3399
-0.975851
-1.72631
-10.0801
0.912376
-0.00815845
-8.63807
-2.81254
-16.8024
-2.91003
1.03896
0.129082
0.890733
-0.256918
2.87943
-2.44893
-7.99497
3.54461
1.09482
-188.285
-1.20333
-0.805332
8.21377
0.125808
21.5921
-13.7973
0.316185
-5.08857
3.34227
-1.67681
1.68265
1.26435
-0.00556187
-2.00257
0.357485
-0.232717
-0.739749
2.02262
-0.0246163
-0.0477977
0.576233
0.311611
-4.68276
0.709321
-0.442938
-0.116513
-0.728419
0.874782
-2.41377
-1.2878
-8.44278
0.82761
1.74208
0.481783
0.345399
1.10424
-6.50547
-0.408626
0.457289
-2.0367
0.405781
-2.68786
-3.47907
0.520041
-0.501376
0.89033
1.34686
-1.39456
0.821523
0.862826
0.144033
0.0667708
0.945765
-5.92085
-5.57172
1.39339
1.22119
-0.0982544
-0.449789
-4.9883
0.0311614
-17.8089
-2.41917
-0.155686
-2.12427
-0.854427
0.0873388
-0.441921
-1.89713
-1.08265
-7.23861
0.760756
-0.44955
-2.07541
0.821723
1.7902
-2.65915
-0.773931
1.19071
-1.4837
0.392053
-0.21203
-11.469
-0.198338
0.637889
-3.19944
-0.630804
-0.00192616
-0.514288
0.0789374
1.50553
8.00976
-0.20798
0.166363
92.4946
-3.51676
-0.455073
-0.180201
-0.0477474
4.95377
0.138347
0.167496
-2.89716
-16.1985
-0.447413
1.80021
3.88592
-1.31754
0.26179
-8.54437
0.595035
-0.237009
-7.31245
-0.349776
-0.131641
-5.34997
-0.574946
-8.95188
-5.16063
0.676198
1.24114
0.881514
-0.193255
0.687261
-0.913385
0.148835
0.26516
0.106816
0.0724986
4.32849
1.30555
-250.942
-0.672828
0.806272
2.43648
-0.745439
-7.56817
-6.39352
1.20526
4.49771
3.3006
-6.69085
-0.794672
33.4533
5.72513
-13.0029
0.382324
0.39758
1.69423
-1.0376
0.0824484
1.87587
1.47854
8.21601
0.771007
-1.19489
-0.754168
1.308
39.51
2.95311
-3.82672
-3.92685
-0.122729
0.0903728
-0.952314
1.39581
1.29791
-2.61016
4.1437
1.65114
-1.56099
-0.42437
-0.320413
-0.233998
0.179807
0.818217
-1.09632
0.0254574
-1.12961
0.453997
-3.8564
-7.96575
-0.643078
-1.06763
-0.338344
-2.59529
-0.00390487
-1.99442
-2.97129
32.5839
0.305471
-13.8285
0.622362
7.15956
0.301836
-0.605505
0.947099
2.26334
-0.345302
-9.46104
0.187676
4.07576
2.1955
-0.208675
-3.09477
1.31473
2.39513
-4.33466
1.92517
0.914356
-1.91827
0.738412
2.31254
1.35388
-0.577337
-2.20673
0.0503992
0.296404
0.33633
-1.05729
0.13476
-0.183064
0.0982993
0.843359
-0.435389
-2.16461
7.26851
-0.240856
-0.176583
-30.2887
0.69998
-0.682608
-1.06488
-10.2445
-0.586025
2.07741
1.06708
-2.6883
17.7544
-3.10059
9.89186
1.01268
-0.140334
-0.42771
-24.036
1.2513
-0.247978
0.40351
-1.54045
-4.27392
-0.159373
-0.392329
0.625957
1.1763
-3.64697
1.35853
1.23363
0.541317
-1.01694
0.187569
-0.543843
-0.638192
2.50464
-0.692853
0.529327
-0.414045
0.22722
-2.37379
0.438639
-2.61022
-1.70086
-0.120869
0.556006
17.9295
1.5475
-0.961782
-1.18214
0.147243
-0.78555
0.245416
-5.23664
2.24703
-0.765816
1.80381
-0.966726
0.181657
0.970175
-0.581791
-1.63324
-0.85397
-0.780492
0.326149
3.71025
-0.607494
0.271822
1.0573
-2.0999
-0.330319
6.94513
1.51494
0.13093
0.129587
0.198559
0.527901
-9.69433
-3.32882
0.0944189
-2.29265
0.319947
-26.0715
-0.466202
-1.02588
0.049515
-0.802832
-0.38135
-0.0647314
1.46912
2.89184
-0.0173203
-12.1648
3.53526
-32.6359
-0.143639
-0.333812
0.839142
0.959846
-10.8932
-0.368806
-1.6048
0.176096
-1.6542
0.612414
-0.316975
-0.322477
6.15589
1.21496
-23.4975
-81.0163
0.883915
0.908971
0.683621
0.152732
1.00417
2.95731
28.0151
-14.8825
0.427212
0.257998
0.931826
-8.0349
-9.39927
-4.63979
1.48469
-0.0396349
0.178155
2.08495
1.90153
0.181668
-2.12625
-5.01434
0.226581
-0.425543
-0.296485
222.272
-8.11193
0.0974163
-7.48319
69.9324
0.509676
-49.9464
0.459322
-0.317204
-4.92959
-0.064798
2.24009
2.40394
2.96346
-0.681793
6.12947
0.182898
-0.483617
0.331197
1.66958
-4.92569
-16.0306
-11.553
0.11567
-0.0162423
-7.62429
-3.28017
2.25558
0.578635
-2.6424
4.08134
0.744702
-0.398607
-2.74839
-1.20416
2.88657
-0.0513989
1.1
1.32668
1.27899
-1.09108
-10.9868
0.00841304
4.62723
-0.0183473
-0.0500386
-0.384827
6.30346
-0.866227
-1.71426
-1.63866
5.30368
0.365054
0.589335
-0.111303
1.04381
12.7289
-0.600155
-1.05525
-1.28828
2.72495
-1.2136
1.88602
-0.266682
2.23608
-0.316588
-0.197462
0.285603
-16.9705
12.9944
1.29447
-6.43263
0.432322
-3.9008
0.456095
-0.587169
-0.817363
-1.98367
-0.534805
0.762218
3.08942
-0.260012
11.9197
3.21599
0.203178
-2.90472
-2.01872
-0.357744
2.77134
1.11181
1.37431
-18.6216
0.42023
-0.856957
34.5764
-2.01528
2.5551
-1.35546
3.10704
-1.07221
0.271318
-2.58201
1.35544
-0.0191107
-2.04506
-0.653328
-0.0741517
-1.00118
-0.465957
0.0668771
2.03468
-1.30925
-0.215379
-0.925187
1.648
0.490106
5.11094
-1.26952
-0.667111
1.70856
2.29341
0.460233
-0.793587
0.443357
-0.530693
0.69367
-0.145989
0.96941
2.59433
-2.85803
-0.189999
0.0742599
-7.28374
0.538106
1.61981
0.124057
0.0867669
-14.4887
1.54756
0.749231
-0.0289552
1.7324
2.03225
0.540317
1.05287
-3.61136
0.243333
1.96619
0.534935
4.72819
1.53666
-0.946714
7.61207
-0.620684
8.46543
-0.0209483
0.758616
-0.94989
-0.0379887
-3.96358
1.91646
-1.6302
-1.25603
-3.21122
1.3116
-8.7652
-1.43496
0.975473
0.791498
0.577605
-1.84843
0.215177
-46.6248
-1.46701
-4.71606
0.156193
0.564084
1.30691
-3.83226
5.42254
-1.92069
2.18421
1.03336
-0.0703029
1.55326
2.12223
-1.98539
3.30827
-2.60522
-2.17688
15.3099
-0.221033
-0.848211
-0.379346
0.849708
-2.34248
-0.803726
-0.235509
0.994783
0.136362
-1.88974
-1.05134
0.32353
-0.676079
0.291145
-0.112716
18.3193
1.23503
-1.27469
0.559468
0.206677
0.276883
-1.75234
1.81054
0.0250249
-0.6727
-3.37698
0.0378666
-0.370743
-2.58599
0.681469
-0.00388806
0.207744
-0.4733
0.845413
0.815378
-0.999649
-3.20343
0.58577
-0.0685896
-2.271
0.521118
-1.16224
-1.88433
0.609086
1.28477
0.283128
-2.26288
1.04455
-1.01239
-0.0274776
-4.79638
-0.562142
-2.55465
2.27517
-1.17389
-4.90334
1.01088
0.856182
0.048747
-0.900734
2.55787
0.370997
2.65057
-0.112396
0.160275
-3.25811
10.7118
12.3434
-1.00804
0.214117
-0.496498
0.651055
5.02819
-1.47072
-0.335874
-0.425109
1.0622
-0.498647
-6.3496
-0.00845652
58.2984
-1.68031
0.568622
-0.608192
1.22269
0.176157
1.25964
0.838783
-0.87499
1.15659
0.448586
2.41811
-0.184676
-2.4308
-11.2977
0.922533
-10.2735
4.80091
-1.39326
0.0152578
-1.92279
-0.77513
-0.383513
-0.301121
4.65962
-4.14589
0.122812
1.37492
3.50118
-0.456565
-5.94048
0.274002
-0.283186
-0.748942
-1.01123
-0.6142
0.655361
-0.536338
-1.52643
-0.00689017
2.15572
1.0696
-0.76216
4.71684
-0.362788
0.727786
0.135058
0.463498
-0.167558
-4.10467
4.51097
-11.0456
0.333047
1.59682
0.480267
1.4556
4.24213
-0.0378928
-0.536452
0.821661
-11.9002
0.0959184
2.55873
-1.29423
-0.126238
6.43125
4.63491
0.807252
19.6595
-17.9156
1.07585
2.9376
-1.19566
-0.54546
-1.57522
-0.295632
4.09523
0.0237544
6.45251
6.39383
3.61626
0.327802
-0.158329
-1.10497
-3.95201
13.2388
-3.87221
-2.2224
2.01102
15.906
1.5411
-0.0393898
0.414653
-3.4948
-0.118304
0.340349
-3.16624
1.34864
-4.33721
-0.143438
0.909365
0.452562
0.227984
-2.36825
1.08411
-3.51953
-0.141521
-0.597022
-1.97453
-2.7204
-2.13955
-0.505094
4.68999
-0.642907
-1.54622
1.49455
-1.45609
0.214331
-147.64
0.379692
0.314757
-5.18007
1.52402
-0.00152864
-1.68111
3.04484
-3.12402
-0.375697
-1.19151
-4.25718
2.14385
6.44063
1.00823
-0.234711
-2.62916
-3.34003
-0.737369
-0.882322
-0.843275
-0.391594
0.250113
-1.96768
-2.10758
-0.698842
-1.39945
0.0556813
0.124139
-0.825417
-1.24745
-0.918039
-0.76783
17.0149
-2.43756
1.53097
1.25376
8.38283
0.140328
0.307906
0.436717
1.12436
0.164343
3.3154
-1.40318
-0.876706
-2.84033
-1.26686
0.15266
2.8664
1.86249
1.35987
0.900875
-0.986813
-1.91644
-0.338148
1.55178
0.260841
0.177614
-3.41921
-0.506061
-1.52157
-0.0677481
-7.42269
3.5127
0.251681
-0.0201287
-3.09593
-1.54705
-0.172276
-14.3678
0.29281
2.83679
-0.708719
-0.0130046
1.5401
-0.365392
-7.51195
0.295036
6.79654
-8.21375
10.8279
-8.05401
0.674894
-1.08342
0.312295
-2.42018
-16.036
0.344558
-170.191
0.102771
0.882997
-5.64144
2.78972
-0.768477
1.18432
-2.89966
1.91188
-0.358166
-1.46273
-1.83396
1.16573
0.114966
0.92833
1.41729
1.82269
1.03555
0.464939
-2.14974
1.42816
-1.14612
-3.42104
-0.472662
151.434
-2.59609
0.0512638
-0.837612
2.88319
8.16854
0.429772
37.3682
12.2295
2.54067
0.366907
-0.355543
0.772868
2.9847
7.10094
-1.98802
1.79621
2.79886
-3.47618
4.94764
-166.792
-1.52585
-1.29592
-4.12059
-9.30692
-1.50815
0.32297
-0.304608
3.11582
-4.68106
-0.967657
-1.50479
1.863
-0.494937
0.0577269
1.18552
0.304109
-0.00929114
0.0300405
-8.74604
0.367884
0.810796
1.50122
1.51834
7.01628
0.16587
-1.48685
3.29918
0.626621
-1.06581
0.532247
0.0885524
-0.226862
2.92695
9.99841
0.838385
-2.13771
0.602059
-0.134857
4.08924
2.02516
-0.776443
0.512446
-0.43317
3.20243
-3.20545
0.914967
-0.87479
0.698265
-1.03218
-7.89423
0.796682
-0.838851
0.227858
-7.6505
1.36202
1.62913
4.31661
-2.0799
-11.6155
0.203081
0.412319
0.317086
0.236165
5.86464
-0.147294
0.706041
-0.198689
3.36546
-3.42653
-8.17445
-1.66325
-1.01917
2.52835
-0.293154
2.27665
-5.15596
-16.2292
6.71582
1.9627
5.5584
0.25256
-1.38937
0.650435
1.85574
7.05605
6.70722
0.224341
-3.94333
0.879832
1.16895
0.544831
-53.0917
-0.322731
0.13279
-9.5524
2.1424
-0.2031
16.9441
-0.161327
4.135
0.335999
1.61198
0.014777
1.4499
-0.836222
0.569382
0.206074
0.166452
0.680002
-0.371327
-0.338292
0.0204591
2.89478
1.7379
-0.813164
0.283576
0.865891
-1.02962
-1.47197
0.190752
2.1293
-2.01823
3.15987
6.8373
3.08264
0.569912
-1.03668
0.638391
-0.372125
3.45657
-1.40169
0.349509
3.73603
-1.37848
0.125685
1.44667
-3.55879
0.103614
2.31782
1.23176
0.295234
-0.999805
-1.62132
-0.511946
-2.68358
-1.21339
0.0200617
-2.12147
0.0700098
1.08146
-0.0161021
3.44354
-1.31869
-0.257822
0.659261
0.535652
-1.37557
0.187714
0.609718
0.74763
3.701
4.93946
-3.15396
0.285322
-3029.13
-1.27515
-0.808018
-0.109746
-1.18667
1.26059
0.471409
-1.05754
0.117648
-1.09267
0.414709
10.1682
0.746555
2.10009
3.12845
3.01643
1.35074
-1.40702
0.385517
-5.8231
-6.63042
6.30227
-9.53694
-0.417804
-0.767465
0.657182
-0.136718
0.963617
-0.900964
-0.464431
-0.478966
1.24418
-1.83137
3.61509
-0.468934
-0.844898
0.52672
0.68686
0.359204
-2.79986
-0.0456652
0.134388
-1.66238
0.706844
0.350887
-2.00551
-11.5729
-1.82929
0.925426
-0.563919
-0.305875
-3.88808
-0.775043
1.36185
0.628582
-306.435
3.28521
-0.428961
2.09221
0.150882
3.9387
-0.709182
-2.11207
-0.243148
0.744574
-0.483954
-1.03426
1.66361
0.171652
1.10853
-0.278265
-5.94278
15.6082
0.942641
-38.4314
-0.572173
0.200075
-0.46731
0.0890619
-0.138918
0.334425
-0.309117
-0.739588
-1.09446
0.269156
1.57569
0.240143
1.32605
-1.3024
-0.484538
0.23408
2.8348
1.3157
-5.88375
0.548273
0.562422
0.568906
-5.15398
0.96179
0.169393
-0.24797
-0.227643
56.0828
-0.656605
-0.470419
4.60353
38.683
-0.036531
-2.0278
0.19973
-0.0818462
1.96253
0.887868
-1.2787
-1.56485
0.787389
-0.95091
-0.254319
2.86457
0.89417
-1.75208
2.02888
0.201165
-0.799268
2.97772
-0.439687
0.024801
-0.0878129
0.102629
0.923654
0.371817
1.10488
0.374735
-4.66378
0.164197
9.50242
-3.60515
1.29841
1.06149
-0.0612058
1.64843
0.520798
3.56834
-2.04479
-0.127288
1.16429
-0.299579
0.234073
-0.758335
0.950178
-0.536151
0.902048
5.70523
0.942472
-1.22326
-1.48787
-1.22608
0.636674
-0.0736043
0.967775
0.270179
0.212245
2.99218
1.26306
0.538748
-0.983749
-0.661428
-0.743664
0.25375
8.50356
-18.9514
-1.02054
-0.445147
22.3624
2.13773
-6.24187
0.296462
0.0202096
0.831681
0.0904533
-0.236062
3.03549
-5.92649
0.739359
0.961773
0.0978383
0.412504
0.0819085
-0.153736
19.1184
-1.10639
-3.94588
-6.60584
-0.155187
1.91594
2.76338
0.330085
-0.505322
1.13299
0.180858
-0.626013
0.528561
8.57307
-2.99534
-0.00795535
-0.0278213
-0.761372
-1.47632
3.93387
-0.572699
-0.288788
1.01366
-0.849415
-1.61271
0.779727
3.24236
-0.518609
1.06547
-2.20838
-1.66657
-0.923063
-0.24731
1.56743
0.553649
-1.52234
0.615844
-0.0686532
-0.688214
0.0711286
0.485837
0.0163776
1.04128
-6.59466
-1.08198
-2.42131
0.170632
-5.41595
1.41854
-0.115253
-0.419532
-0.994619
0.373463
0.182165
5.30907
-1.62027
-0.332867
4.24979
-4.02728
0.778717
-1.74482
-0.399665
-5.83098
-0.383007
-0.0894643
0.710284
4.38578
-0.65605
0.140583
0.627178
0.891376
5.55817
0.148872
5.19111
-0.468473
-1.22433
1.18317
-1.46454
-0.0036219
-0.644244
-0.249346
-1.48596
-2.02663
-0.581338
0.516715
-0.265191
0.865601
0.128595
4.41366
-0.318094
-1.63745
-0.718942
1.40007
3.16601
2.10698
-5.49542
6.70325
-0.21259
-3.91701
0.135951
11.9017
5.60702
-1.8444
2.94659
-0.368551
-1.21972
4.33803
0.323894
-0.496346
6.36762
0.88597
-1.02935
4.10948
0.14433
1.50658
-0.992907
0.503772
3.03595
2.09579
18.6394
0.793578
0.0489366
0.867752
-0.667486
-3.64136
-1.75609
-0.0435429
21.9225
19.5322
2.17352
-2.8746
-1.75165
-2.61197
-1.22802
-0.546827
0.427403
2.59899
-2.58706
-6.9814
-1.59863
0.044384
1.1487
0.563223
-8.81761
-1.15419
0.394456
2.80871
-0.605499
-0.704354
-15.8989
0.248692
-0.697983
-0.647224
0.283738
12.4951
-0.109073
-1.14321
0.38431
-0.0770939
-1.24855
0.218416
0.0794677
0.132979
-0.0223292
-1.71388
-0.568848
-2.60457
-0.941622
0.583781
0.601065
0.240315
11.8511
1.85458
1553.64
98.1743
-0.615386
-3.66169
10.8295
-0.0402736
-6.87812
1.66499
-12.7244
0.0689359
-8.40262
0.24906
-6.0883
0.527427
5.11252
0.621666
-5.34205
0.418477
3.4231
365.889
2.40108
-0.227466
0.330245
1.35144
-2.01046
0.238978
2.69974
0.0458875
1.05836
1.20659
0.570159
-0.346253
-0.00291305
-0.809536
-3.72309
0.398857
0.608613
0.74708
0.538244
2.42985
16.8543
1.35956
2.10729
10.0259
-0.360882
-14.418
-0.664854
-0.579869
1.37691
0.103384
3.72003
-0.269247
-0.15954
-6.07139
1.38904
-0.208561
-2.59009
-1.35723
6.03183
-4.69777
3.97613
0.201629
-2.22782
14.215
1.14027
6.28224
-1.49427
1.59906
2.64463
-3.67668
0.689567
-1.50652
0.348268
-0.516401
-16.0153
-2.67462
9.9232
-1.41044
-0.3913
1.37691
0.280454
3.31977
-1.67448
1.48906
226.323
-0.340925
-1.5252
-0.530634
0.533554
-7.00687
-1.9938
-0.629194
-1.1344
1.29666
-0.344846
-0.679973
-1.48835
2.59301
-0.356437
1.07666
0.0855639
-1.12695
-9.28306
0.435888
-1.34887
0.517605
1.79114
-1.31494
5.60846
-2.27214
6.5105
3.01188
0.427474
1.03491
-0.962338
0.515037
-29.2086
0.527278
0.225514
1.26516
-0.422003
-1.54888
-0.315769
2.63193
0.0428901
1.25316
-0.247517
0.175365
-0.320662
-1.23388
1.70443
-0.539619
1.08298
4.23086
-0.0761207
-0.912381
-0.876328
1.54844
1.73691
-1.46446
1.72474
-0.610688
0.641297
-1.3511
0.101883
0.196513
0.0539555
0.000461687
1.55137
-0.471918
1.19546
3.97243
0.869755
-0.715694
8.10848
-0.29434
1.4046
0.504154
0.133884
-0.704659
1.19864
-7.5537
3.06631
-1.55217
-0.27182
0.524773
-0.248433
-84.6612
5.83761
3.51972
-67.9114
-2.11284
1.36264
2.2321
3.21592
1.1509
0.975864
-0.395106
-2.8579
1.29158
1.30382
0.0364166
-2.05004
0.116155
1.31112
1.58888
-0.511271
-1.12932
-2.83274
0.683571
-0.172559
-11.4359
0.249752
-1.47887
0.104304
-0.526498
39.5128
1.8905
75.4148
0.429526
-1.21891
0.552965
0.00646544
1.15286
3.13793
1.12017
0.149903
-1.9924
0.974919
0.369713
-3.31983
1.81871
-0.591038
1.72104
3.483
1.06256
1.25838
25.3909
33.5286
0.7943
-0.778196
3.24122
0.0409088
-0.137158
0.258868
3.55043
0.677162
-3.96902
0.00754933
0.197064
0.529913
0.201687
-1.02586
2.46664
-0.911342
-1.189
0.281895
6.59811
3.5266
0.188601
5.16354
-0.779015
1.43984
-6.62983
5.68676
-3.8454
-0.324755
1.10471
7.09464
-0.755268
9.79555
-1.31383
3.13223
0.53769
0.555651
-4.85958
3.62425
-0.937545
3.9542
1.77911
1.37763
0.667538
-7.88079
0.62229
2.98884
7.5531
-79.8903
-0.195881
-2.69194
-2.11362
163.089
0.0978334
-0.275949
0.341602
-22.0199
-0.38971
2.40901
-0.332196
-0.304786
-0.706737
-0.563295
-3.8623
-7.17889
1.07556
1.67617
-0.305969
3.6885
0.268715
1.47175
6.68682
-1.54204
2.72698
-1.56003
0.18079
0.307438
-1.0152
0.587278
2.0625
-0.445144
2.48075
1.1529
-0.58347
0.301269
2.24003
-0.0202524
3.15508
-0.75543
2.76142
-6.93975
21.9958
0.18697
0.442775
-4.98128
1.56731
0.676788
1.60593
5.22383
0.594221
0.868922
0.784075
-0.337689
-1.30296
-0.353336
-2.94273
0.585387
3.9578
2.73155
-9.34934
0.859429
1.81666
0.894991
-1.21758
-0.209104
0.916205
0.151728
0.0784689
0.175682
-2.05789
-6.03383
-0.0484395
0.314445
14.9425
10.7862
-0.389445
114.447
2.1677
-3.93759
-3.8305
1.0882
-0.636919
1.23396
0.938249
0.957736
0.653909
-1.31955
6.12176
-0.940006
1.29661
49.1568
-0.0915316
0.453106
-20.4304
-0.519
2.07342
1.65673
-1.41024
-5.89912
-32.9558
0.739981
0.125133
-0.871409
2.49254
0.638527
0.759964
3.00978
-0.0707092
-1.30645
1.16785
0.343422
-0.0186164
-0.586196
0.868923
-21.8279
0.200519
-1.54903
-0.298692
-1.92288
-1.01903
-0.688277
-0.244553
-2.00772
-0.00741062
5.6638
-0.658256
0.0909681
1.37349
-0.220293
0.950573
0.721455
-0.496653
1.57868
0.617216
0.0028883
-0.694203
-0.45571
-46.8716
1.14892
0.287121
-0.62524
2.32077
-556.099
-1.88908
4.97942
2.21715
-0.322312
-1.44153
-1.99816
1.08624
1.38775
-1.25138
-0.104984
-0.829054
-0.104451
3.40386
-6.59856
-10.7508
-0.259751
1.4286
0.521087
-0.240661
5.32085
-0.414677
-1.75994
-0.851854
-0.372354
0.822802
-0.346491
-0.173154
-4.14972
0.76426
-0.318408
-2.98209
-0.38796
-1.19848
0.826975
0.619147
0.156739
3.45107
0.556284
0.5099
0.659625
-2.36785
5.71502
0.0570231
0.46644
2.5544
148.258
-16.4398
1.27834
-0.900921
2.90178
0.730895
0.514945
0.0726206
-1.08236
2.39943
0.366045
0.0301976
0.974741
3.9041
-0.438412
0.510292
0.972639
1.8374
0.15488
-0.102989
2.1612
0.320079
8.82581
1.34216
-0.0570677
-6.71375
-2.17468
1.36407
-1161.49
0.181414
-0.253507
-0.870989
1.19924
1.10243
-0.304407
-1.06413
-0.64252
-0.471072
0.213028
0.489463
-1.84397
-1891.99
-3.5485
0.5112
0.365178
1.47649
-2.31215
-0.91187
0.0859538
2.12969
0.109481
24.0087
0.0899785
-2.45711
-0.548944
0.0977781
-1.55896
-0.0501126
35.5508
-23.4722
0.921204
1.79983
-2.37054
0.225193
-1.13147
0.583407
-3.20156
0.297605
-20.4282
-1.06496
0.700662
-1.47818
0.862383
-0.104708
-0.746928
-0.706782
2.40334
0.526474
3.72267
-0.490738
-0.19591
-0.751782
-0.043641
-0.735726
-2.12964
-1.00166
2.17667
0.846578
0.379984
0.253034
0.031004
-1.14341
0.199412
-0.172083
-1.40933
0.0524826
-0.242299
-4.22249
-0.215874
9.73861
0.672256
2.05517
-4.0829
3111.87
1.29166
-1.75177
-0.96271
0.917967
-0.612474
0.444362
-0.537266
-0.453696
-0.120165
-1.54899
-8.96476
0.867104
1.59599
0.344851
0.918119
3.2911
1.44388
-2.49422
-1.19599
3.58362
-4.0405
-1.1718
0.295198
-0.698637
1.30432
-2.85102
1.02438
0.243988
-1.25612
0.378067
-0.928582
-1.06185
-33.7264
2.03055
-0.756666
-1.52213
-0.755381
-2.45443
0.279422
-2.75107
-1.71415
-2.02051
7.78957
1.35282
1.62861
147.456
-31.642
0.182195
-5.7865
-0.711669
0.212442
-0.311585
23.1044
0.402446
-3.1009
-0.975018
-2.34977
-1.52908
-0.787265
0.377878
-0.489144
-4.20898
-0.68931
1.14563
-0.0907435
13.2754
0.844968
0.438987
10.9591
-0.241924
1.45835
-1.61344
0.228956
-6.06972
-0.982638
0.12653
-0.0651903
-0.376564
0.834421
-0.613045
-0.0379699
-0.717687
-0.368743
-1.12687
-0.940803
-0.849434
-9.14284
-2.72429
20.9144
13.3003
-3.23362
0.00161798
-4.1541
3.14613
0.640978
0.853806
-0.296201
-1.56508
-0.968997
-0.24667
-1.17297
-4.52274
-3.16559
-0.660992
3.27126
5.28881
0.164161
-0.626469
0.180055
0.895278
-0.205849
-1.18105
-3.06742
0.732877
0.594449
0.511402
-0.991574
1.5724
-0.828734
0.72197
1.91409
9.92313
1.15842
0.0128765
-3.20816
2.89894
0.254118
-2.87817
0.383056
-11.3205
1.26072
-1.65054
0.928954
0.0669561
-7.67464
0.384444
0.832984
3.82002
-1.40203
-2.17129
5.30934
-1.75097
0.206548
-1.47546
-7.08251
-0.566787
-1.98324
1.67252
-0.649284
-1.19805
-1.07333
-1.15655
0.520831
1.59699
0.360001
0.102763
-0.723436
0.607621
3.2472
-0.359496
0.68473
0.97809
5.8377
0.411446
-2.15356
0.639049
0.536182
1.22757
-7.02171
1.87556
84.9029
-3.07188
-1.01839
1.10666
-4.48994
-16.3909
-7.91806
1.33968
0.411377
5.84423
-1.71958
-6.50504
0.737892
0.177484
-4.6103
-0.749566
-2.11176
-1.32996
1.06888
-0.515727
31.744
-0.850903
0.428829
-3.15139
-0.625854
4.37848
-0.0339773
-1.62167
-1.2253
10.9553
0.533791
-0.656869
0.818731
-4.53058
1.67763
0.159051
38.5773
-0.235569
-0.157576
0.445125
0.0983824
0.432088
0.770529
2.58801
1.33773
-1.20956
-1.97356
0.0209512
1.60447
-8.3449
0.0670138
-0.529358
4.05512
-0.0694008
16.8187
-5.22639
-0.784031
1.93144
2.5171
0.346048
2.36575
-1.62226
-0.0559885
-1.43065
-3.8109
-2.268
0.214454
-6.15512
-0.121404
6.48817
-1.39852
-0.517789
-0.739224
0.426878
3.32953
-1.37597
-23.5404
-2.24706
-0.98978
30.1823
-0.131132
2.16607
-0.881743
1.37508
2.64453
1.07603
17.8735
1.48336
-1.51745
-0.809241
-1.55651
-0.0253378
-0.945496
0.132727
3.86845
0.719103
-0.726993
9.66939
-0.755566
2.55095
-0.173675
-0.736393
-5.17631
1.77274
0.988077
-0.545154
1.97659
1.02845
-0.515291
0.187928
-0.458079
-5.2784
-0.460216
-1.20526
-38.4847
1.67063
10.1508
-0.152153
7.0503
-0.0122491
-4.89502
-8.71894
-1.01634
-6.39514
1.31184
-0.127196
-10.5769
0.429146
-0.323041
-5.34237
-0.405547
-0.281395
0.637122
-1.4749
-3.13615
28.906
-0.798114
-2.00404
-2.962
-2.57987
-0.371762
0.717946
-0.838869
-1.29599
-0.19522
0.0550336
0.0100143
-3.33706
-0.161319
-6.19688
-2.12611
-1.05323
-1.54147
-0.626709
-0.705862
-20.3133
-0.353073
1.60189
2.20314
3.70363
2.18232
-0.260584
0.387414
0.101296
-1.96139
9.23905
-1.71678
-0.86343
53.0055
-0.249601
-1.14056
-0.617872
0.0321877
0.539249
0.416091
1.31992
1.09198
-0.986732
2.14585
-0.133587
-0.375019
-2.67255
-90.8244
0.594264
3.5778
1.79729
1.14063
-1.80281
-0.168959
-0.480003
1.69609
0.0506113
-6.70142
-4.15471
-0.393986
0.352421
-0.0144989
0.809117
0.0967416
0.834943
-0.681764
-1.65259
-0.322468
0.547204
-5.27863
-62.0341
-0.606823
0.294049
1.96609
0.709584
-2.371
0.980287
1.33804
0.768364
-0.711808
-0.629882
-80.745
0.359086
0.491769
-1.53653
0.268393
-0.99578
0.868406
17.7694
-0.51998
-0.361045
-6.38065
0.359399
-0.00582247
7.33179
-2.79236
0.926431
21.6072
0.946731
0.558918
-10.6192
-1.21897
-0.125205
-1.42486
2.58186
0.228624
0.12748
0.411393
0.169847
-3.32473
0.505874
1.01415
-0.821322
0.658599
-0.237282
-125.674
0.664053
-1.43849
-0.625688
0.64625
10.064
5.62774
-0.820661
0.410472
1.00122
-2.63091
-2.06623
0.596328
-2.21323
2.0633
0.314547
0.912344
0.00296088
-62.2524
-0.0119089
5.81223
1.71291
1.79825
0.723711
0.595297
-1.79584
-0.897953
-0.626839
3.43744
-0.489497
5.8522
-0.010067
-7.27087
0.232884
-9.94462
-1.65748
3.85272
20.1589
0.876855
-1.41324
-0.389932
2.83454
-0.303972
-0.027384
6.75346
3.36642
1.10725
-134.334
3.87739
-1.86892
0.512991
4.58872
-0.362922
4.4
-3.07708
-0.224859
-0.477438
-3.85641
0.494326
-0.610463
0.0912256
-2.17132
-0.555782
-0.148145
0.400998
-0.0484243
1.52924
-2.89861
-0.80206
-2.55482
0.542183
0.774316
-0.313707
-1.42193
-0.816616
-0.301385
-0.241437
0.575841
0.973695
-1.31684
-0.00209636
-0.498112
-0.693957
0.494115
0.566985
22.1618
-0.19238
-96.9927
-0.0691176
3.78616
-1.39508
0.773425
-4.37257
6.66825
-6.72801
-0.42186
-2.62187
1.3397
-2.57963
6.98563
-1.6306
-11.6551
-0.0546193
-0.964909
3.62255
-0.617187
-0.776591
-9.77752
-1.80738
3.62626
-0.354824
-0.0705813
-1.50355
-0.0709745
9.99996
18.4527
0.0133349
2.15411
-2.37228
-2.682
-0.489473
-1.25365
0.217723
-0.153062
-0.151518
2.76194
6.71597
-1.93771
9.26037
0.768308
-0.179424
1.52151
-0.690716
-0.657044
5.65808
-0.570501
-46.8742
2.10314
1.56823
1.68916
0.47504
-1.99916
-0.61508
0.53719
-3.3479
0.718859
-4.3056
0.334319
-10.0486
-4.46188
-0.13772
1.15558
4.39239
0.926992
0.579117
2.499
1.12799
0.105651
0.426802
-0.909585
-0.245192
-0.223922
35.9809
0.863485
-10.6024
1.73629
-1.96413
-0.184187
0.942491
-1.62512
0.169857
-2.15555
-1.67145
-1.41184
-8.90791
-0.309439
-5.83012
-0.163681
0.184548
-3.10141
-0.921856
-0.570547
-2.24403
2.80187
20.7131
-0.625519
-0.926249
0.157867
-0.287441
6.90941
-2.60361
1.12236
0.16504
0.296285
-4.83288
1.63661
-1.07971
-7.37387
17.694
-0.599288
-7.74667
0.468545
1.33415
-1.34103
0.698757
1.26334
-0.724947
0.417643
-0.891235
1.74903
-1.19893
0.2285
-3.96279
-1.12416
-0.291009
28.4007
7.06388
0.234199
1.46336
-3.4128
-0.164036
0.874833
0.433527
1.12174
-1.18956
-0.169726
-0.117989
2.43519
-2.06911
6.10437
9.50964
2.77646
0.49918
0.629378
-0.257004
-0.996086
-0.592879
-1.14671
0.815051
14.8245
-0.990356
1.65748
-0.13113
0.532295
0.91781
-0.7571
-1.89886
0.921455
2.88166
2.67155
-2.70605
2.71098
4.53641
1.17063
-2.5627
-1.28374
-0.260737
-0.75208
0.203688
0.0604685
-0.344312
0.665442
-0.978744
1.37819
48.0637
0.555845
2.0872
1.17497
0.10888
-0.63425
-0.0413125
-1.91482
-0.309901
-0.0566501
0.611096
0.0598342
2.35508
-1.15762
1.12662
1.07098
-48.6784
-0.297284
-4.45341
0.588253
1.59067
4.84967
-0.0930612
-0.235403
0.029287
0.519936
-4.20693
-1.55602
1.80702
0.406934
-0.785903
0.423277
-1.0479
0.381591
4.97499
-1.05842
-0.422373
-1.23081
0.830076
1.36886
3.72381
-0.515679
-0.569383
0.217053
1.89282
-0.333081
1.76175
4.26314
-10.4612
-0.0212474
1.07466
0.282211
-2.59916
1.36992
0.216561
-0.359648
3.63055
-1.46538
0.977255
39.0125
-3.00131
-2.04095
-0.96333
-1.06047
-0.35613
4.86971
-21.8399
8.83148
2.47209
13.4412
-0.46256
-0.563737
-0.395071
0.988358
0.0926765
-0.790004
-1.07841
0.0108003
-1.77895
1.80601
-1.68947
-17.6891
-0.407809
-0.255213
-1.47317
0.296014
-0.395482
43.8355
0.375137
10.2927
-3.73418
-5.60922
0.168353
-0.104164
0.012385
0.082457
2.35686
-0.125186
-1.34759
-0.673629
0.209122
-1.15554
-1.02453
-0.740049
-0.839056
-1.70677
-0.613624
0.071385
0.565138
-0.0634605
-1.24078
-2.40531
-4.70933
-13.5242
0.699389
-0.238811
-2.13513
-6.3534
15.8112
-0.095494
-2.4383
-1.78194
-0.101483
5.07412
-1.19255
-1.99827
-0.167329
1.42312
-7.20751
0.769336
0.579064
-0.131123
-0.553815
-0.141118
-2.63009
0.557333
0.266639
0.132473
-1.16776
1.80573
5.65894
-0.597157
0.457572
2.59598
0.621886
-0.0893237
-0.543578
0.988678
1.59239
-0.245301
8.89923
0.724109
0.492463
-0.459384
-1.4402
1.62324
-1.13376
-0.999817
-4.79897
-15.0125
0.650156
-0.140307
1.54168
0.133311
0.753612
0.953738
21.1807
-1.76788
0.771288
0.113431
0.0373826
-0.764402
-0.499339
3.02509
-6.38379
0.0596207
0.356171
-0.742356
4.77577
0.20655
0.0198267
0.446732
1.61065
-1.29272
1.8572
0.077883
0.502837
-0.0395365
-0.810589
0.0937684
0.231195
2.66758
0.869595
0.340089
-12.9956
2.82962
-2.65048
-0.709231
36.8175
5.21864
-1.19632
-1.79152
-18.7422
-3.80021
0.375011
-0.338511
-1.24461
2.35359
3.02946
39.6347
0.172471
8.27635
0.596253
-2.37495
-1.86492
0.349717
-1.71484
-0.0761037
32.2873
2.80547
0.051204
1.46239
0.206512
1.79685
0.903441
-0.0503834
-0.192694
-1.26945
0.291904
2.31767
-1.61787
-5.22916
0.705131
0.815195
6.73651
-0.195835
-0.616987
47.4842
0.00272422
1.31833
2.32628
3.58178
-0.123464
2.65075
-0.0155613
-2.72385
1.01423
-18.7512
-6.8049
5.56291
-0.00878421
0.78131
-0.767072
2.00754
27.4197
-1.38858
0.917341
3.23276
-2.05799
-1.33998
0.297121
3.57102
-0.606369
0.520996
4.50104
-0.497951
-0.383949
-3.04634
-0.569232
0.498067
0.251896
-0.29171
-0.865853
-0.45134
1.58502
0.183992
6.79438
-1.11347
-8.07495
-0.0817561
-1.68146
11.6056
1.409
0.601816
-0.481828
0.369387
0.711616
0.278579
-2.84596
-2.27244
2.8996
7.00111
0.220501
0.521242
1.22219
-0.389847
-1.56162
2.49517
2.69964
-0.0276778
48.3106
-0.656308
0.00869206
0.160381
1.50378
3.05761
0.95105
6.59946
0.227593
0.27202
2.43349
138.164
-2.29565
-0.748921
-0.977175
-0.595365
-1.12939
0.442602
-0.330766
0.435911
2.60905
-3.69961
4.09156
0.164718
-3.87716
-4.76379
-2.3351
1.98371
-1.63413
-6.04261
1.35524
-0.449672
0.677149
-0.465628
2.20822
-0.917358
-1.17738
0.425892
1.93714
0.00612633
0.786259
2.10294
1.56127
-4.86945
1.56677
7.66592
-4.11541
-0.661817
-2.15723
-0.518325
-0.400422
-0.830612
4.14613
-1.11116
0.507299
-1.17611
-1.64232
-3.18623
-0.760464
-0.0910902
1.77674
-0.621988
3.31715
-2.61868
1.23934
-0.584757
8.35388
-0.123049
-0.30445
52.5865
0.0568954
0.862839
0.319705
0.688039
-0.267809
-2.82836
4.06901
2.48497
0.247635
0.250829
1.09031
-0.232171
-0.225817
-0.32821
-0.384977
1.04621
2.34577
-0.613093
1.45347
7.29483
-4.56122
-21.2076
0.156218
0.105375
-0.747789
-1.13205
-0.0207977
0.715085
-0.293022
1.44276
1.87906
0.114865
16.4994
22.5916
-0.270787
-1.40685
9.73174
-2.25077
1.10431
0.274402
0.547787
2.52064
0.015118
-0.491669
-0.776072
0.224475
3.40922
-3.58521
0.0214732
-0.724338
-0.126664
0.00483871
-2.31785
-0.170929
1.2025
0.363557
-2.36141
0.681264
3.61454
0.72215
-17.8036
-0.836866
-5.05451
1.2265
-1.0436
1.9592
-0.859389
0.32654
-7.52876
0.325374
-0.197392
-2.30191
2.1762
-0.813492
-1.80288
-1.89605
-0.297949
-0.845756
0.295555
0.305822
-0.533453
5.71332
0.667525
0.00834942
-0.303234
-0.748525
-0.19269
0.294564
0.130858
-7.77855
-0.359396
-0.425104
-0.745931
-1.84194
-0.123988
1.70526
-1.2885
13.7012
0.276885
0.265174
0.871014
7.30471
2.19549
-1.13225
-1.47541
63.7979
3.05135
-0.0105654
-3.81631
0.458701
2.00112
-0.521385
-0.731313
0.416704
-0.311296
-0.481312
0.559239
1.1483
0.781219
-0.576628
0.556799
0.588076
-12.4087
-0.464154
5.51039
-0.741212
-6.24584
2.4496
0.47356
1.323
0.494279
-773.517
3.34739
-1.08039
-0.632947
-2.9411
0.980673
2.62762
1.01298
0.124135
-75.2311
2.55842
-1.03839
-1.20153
-0.0558252
-1.6874
20.1488
-0.911231
1.21752
-88.4867
-0.206842
2.18473
-4.33912
-3.44798
18.4083
0.0845888
-1.36988
-9.60199
3.44984
-0.8017
-1.96542
0.0268878
1.39469
0.958355
-0.221004
0.418227
2.28093
-0.325305
-3.1371
0.164632
0.427199
0.289382
-0.917672
-0.076291
0.813977
-8.99443
0.38551
7.16096
-0.57963
-0.605277
0.897752
1.70081
-1.65889
2.27068
-0.375546
1.09059
0.0110488
-0.285448
-0.281161
-0.627563
-0.0741812
-2.02912
-0.529187
0.323604
0.261831
0.335202
2.12527
5.58671
-21.9545
-3.99533
3.33702
2.33698
9.04042
0.717263
0.102042
0.371654
3.01624
0.844235
0.238281
-0.785708
1.96552
-0.130604
2.09075
-3.29317
0.127254
9.7546
-7.90067
-4.27834
2.42456
-0.534447
0.0086638
-0.157248
1.40964
-1.5086
10.7652
0.812819
-0.774586
-0.16517
-11.9328
0.486251
-1.3153
2.86942
2.48006
3.82585
3.47442
-0.451089
4.12659
-1.25453
-0.784009
-0.00359205
0.127413
-0.254266
0.500387
-1.16175
1.41218
-0.115004
0.0584322
26.036
2.86187
0.32139
4.3195
4.70659
5.99645
0.215682
0.45106
-1.3217
0.730336
-1.68275
0.547312
5.63431
33.6642
1.53835
-0.223775
-0.561145
0.243321
2.60245
-5.57768
3.45855
-1.01148
0.991478
2.59272
-0.362815
-0.326662
-4.86425
0.462119
0.777015
-1.16882
1.83507
-0.717866
0.176348
0.969617
-0.854979
-39.0711
1.86319
-0.974306
0.469467
5.90257
-0.672983
0.056024
-1.01022
0.471885
1.41836
-1.06103
0.737281
-0.140736
-2.22026
-2.0711
-0.406995
-1.57646
-0.50906
0.132839
-0.294267
-0.81586
-2.22271
-2.74654
0.0412434
-17.807
0.0929329
4.40412
-0.382771
0.367337
-0.145625
-1.27512
4.53083
-0.44904
1.53196
-0.118464
1.17815
23.459
1.16416
-5.2016
0.627612
-11.3192
0.730808
32.5914
-0.0668775
0.388151
-0.4337
2.02643
-0.351681
-8.32103
-0.178803
1.27159
0.501857
0.84594
-1.78715
4.81319
-0.234297
-21.0479
-4.71908
0.509833
0.768099
-2.13701
-4.41205
19.4127
0.661908
-0.118186
5.32063
-1.3095
-1.4842
1.12609
1.88965
-1.23936
2.47741
-3.03885
70.0715
2.13572
0.804143
1.76896
-12.3756
1.21726
-1.23382
-0.556851
12.7698
3.33969
-0.135953
-3.65152
-0.554121
0.82179
-0.139162
-1.91849
-0.639682
0.305097
-5.45583
1.22586
1.73325
1.45232
-4.16978
-1.16864
-1.486
-1.77052
0.326331
-0.383
0.699444
-8.89475
0.486234
-0.0938798
8.93406
-2.36347
-4.2291
-4.62423
-0.0275402
-0.258922
0.56551
0.326795
1.60791
2.95062
-2.30824
1.66334
-44.5787
0.549869
0.136819
-0.77271
-26.1683
1.33745
38.3707
0.253454
0.658149
-0.0709939
-0.244285
-2.05604
-0.559471
-0.0552844
-0.532466
1.57782
-1.61293
-0.537527
0.28494
0.175582
1.70211
7.11668
-0.518401
-1.55898
-0.414339
-0.793957
-0.385954
1.10592
-1.18682
-0.308644
0.520178
-0.438988
1.00293
0.48831
0.547039
-0.965716
0.474011
3.96847
-0.0511818
-0.583858
2.51287
1.10634
1.55466
0.81174
-8.01525
4.91319
0.951744
-2.12138
0.221482
-2.82027
0.0179633
-250.964
1.22873
0.817064
-1.12809
-0.874963
-0.4922
-0.997984
5.17303
1.31595
0.67588
-0.383672
-2.14864
-2.29565
8.81738
6.59593
0.701425
2.95167
-0.568559
-5.00288
-2.17872
-0.328489
-9.60214
-0.289866
-0.393575
3.69178
-1.00491
0.517421
-0.936308
-79.5296
0.426112
2.76157
0.21433
-0.870216
-0.819454
-1.5785
10.3079
1.29271
13.7749
-0.224984
-1.41737
0.242751
0.520315
0.804188
0.549226
-7.97528
11.0001
-0.305844
-2.01329
-9.96147
-6.04395
-0.0864852
1.33324
2.15831
0.264481
1.81249
0.435296
0.423006
-5.99962
8.94711
-0.333531
1.66968
-1.04172
0.221773
-0.25385
-0.587896
6.77883
-0.833944
-17.2063
-1.56634
0.400919
0.825197
-0.364684
-0.633078
-1.34655
4.81457
2.72363
0.0118527
0.568989
2.11679
-1.83308
2.54082
45.9293
-0.593384
0.935152
9.39982
0.881892
-7.91981
-32.6649
-0.069497
-8.63917
0.0996925
2.19247
55.2935
1.0786
0.839636
-0.335267
-3.54648
-1.18603
1.96927
3.77697
1.13648
-2.56796
1.89123
-0.0251856
-1.63012
2.14272
0.132872
-4.21391
0.255491
-0.223642
-1.19906
-0.354526
0.269279
12.0859
-0.230865
1.83405
-14.2376
0.319487
-1.45295
1.15885
0.200648
-0.116008
5.98356
-4.10365
0.764376
-1.00903
0.83864
-0.755411
8.59584
-1.34823
-0.353337
-14.7554
0.985269
-0.55284
0.629376
-0.0521745
-1.26529
-0.584689
3.29697
0.397489
-2.07882
10.2355
-2.74242
-0.619155
0.922858
-0.15111
-3.14451
0.438646
0.408928
-1.41271
0.580856
0.22986
-3.00823
1.64069
0.933467
-20.5046
-0.329709
0.372032
6.84759
-0.775121
-1.18822
-1.86743
-2.04549
-0.282622
-0.222003
1.66581
-0.957228
0.122819
-7.03745
1.76572
-0.89129
-2.71043
1.98524
0.250095
-0.530637
5.05186
0.238121
-0.20746
-0.43102
15.2585
-0.625845
-0.107243
-2.21736
0.0951168
-0.875618
-1.13839
-1.54809
-0.82289
0.362631
-3.25414
-9.62729
-3.94499
0.196648
5.62585
-0.05242
5.61247
-3.42866
2.56566
-0.826465
0.646274
2.18898
-0.027248
-2.08777
1.02414
0.890913
-1.0054
-0.159663
-3.90783
0.597486
-6.89007
3.69799
1.50486
-1.99069
-12.0808
1.14169
-2.25716
0.691509
-105.082
-1.98661
0.0404689
0.0244799
2.41913
2.0941
-0.384464
-3.47
0.128657
-0.811231
5.14092
0.290708
-0.120213
6.88628
-0.424239
-0.0381491
-1.38567
0.523668
-1.8613
0.149811
-4.2321
-1.92344
3.14064
0.601995
-0.182754
-0.699131
-4.56708
0.558456
2.34944
3.20491
0.886226
-0.518324
1.54582
-1.17442
0.519076
0.325259
-0.646471
0.839752
-4.98346
0.362645
-0.646257
-0.176374
-0.624558
-0.687571
0.936596
0.960688
-0.638435
1.49494
-2.74999
6.8507
-1.96839
-0.0243075
0.246649
0.292797
-1.38661
-4.59478
1.55873
-20.1707
-1.34056
0.650498
0.951316
1.17021
-1.8231
-1.30214
-1.58676
8.60957
2.51262
0.310805
-0.709308
7.65458
-1.31957
0.453612
-5.89921
-1.09061
-273.434
4.3427
-0.0799782
0.440523
0.486757
-0.044326
0.08708
-1.07177
-10.8446
-2.75568
0.0977579
-0.302678
2.53372
-0.348917
0.747156
0.100779
-0.534106
0.0813206
-2.03315
0.694733
-1.37436
1.03694
1.19697
0.274338
5.05047
-3.20135
1.86352
-40.0723
-0.090933
2.83193
-1.3554
1.42949
0.772482
0.0841398
0.867478
-10.5722
-0.460527
-1.81399
0.707786
-8.88665
8.7522
0.652052
-0.246199
2.06673
1.04355
-2.46091
0.0346928
0.872755
-7.50077
-1.6649
0.425691
-1.58151
-2.30977
-1.52291
1.31409
2.54231
1.56109
0.524365
0.475616
1.44287
12.977
-0.115627
-9.70104
-0.291102
-2.04078
-0.451825
0.222521
0.100623
4.54134
-0.765073
3.04167
0.32879
-0.706523
15.0506
-3.41932
-48.4051
3.59159
0.306164
0.747933
-36.3032
0.575139
0.328682
-2.96353
-1.23338
3.13187
1.47583
1.3107
-3.97162
6.77036
-0.389207
0.0872599
-0.959239
0.498125
1.89309
-2.71111
-0.9941
-3.76196
1.04463
-0.306268
1.53717
-0.233458
5.20251
-0.602385
-0.311073
-27.6826
1.1827
-3.75715
-0.780652
-0.895718
-8.10594
1.53635
-0.745537
0.767035
-0.809259
1.74311
1.06057
0.290194
-0.163657
-3.82772
0.226925
-2.34012
-0.545535
-10.073
-5.04569
0.48892
1.7432
0.0781833
0.738491
-0.179798
0.536844
-1.86824
9.29077
0.951707
0.434686
0.846734
1.31584
1.45625
-1.5495
-1.57872
1.71589
1.9151
0.841021
1.22627
0.180501
0.788611
0.153848
-6.53831
0.447967
-0.498343
0.935057
-1.15959
-0.11129
-5.93907
0.0969936
0.312985
0.872814
-0.427865
-1.2469
2.80073
-0.311951
0.30411
-3.41065
-0.816039
4.56462
2.59384
-1.13935
-1.48144
-0.688332
0.0262671
-3.61282
2.5299
853.344
2.11524
1.49217
-1.2397
-0.121357
-2.11421
1.26555
0.350185
-0.417118
3.13938
-6.45258
1.15886
1.07084
-1.00892
-2.14034
-3.28629
-0.786299
-0.422711
-1.08797
2.37815
-0.490214
-0.0837774
-0.00103219
-2.15021
-0.230043
1.44302
-0.868015
0.383094
-0.386248
-7.0447
-0.0456134
-10.1627
0.276927
0.0771674
-0.318123
0.582226
0.0197386
2.45316
0.0125566
-0.295788
-1.26603
-6.37086
-1.74062
-0.370486
-0.3236
-6.17828
0.908741
-1.64071
2.3864
-1.46681
-0.177755
0.174499
-1.16423
-8.18032
-0.555555
-3.01127
1.71427
0.885842
-1.96228
-2.72315
0.613113
0.251913
-0.943906
2.7256
-0.187173
0.134951
-1.01358
4.16339
0.302441
-0.599611
1.42138
-0.822344
-1.52216
-1.08483
1.8211
-0.521032
0.0121345
-0.51109
-0.256998
0.491486
0.586384
-1.09065
0.357665
0.574192
-0.176331
4.37601
-0.802603
2.17
-0.0107705
5.55207
-0.610617
-0.885984
-13.1771
1.1491
-0.242794
0.791873
4.12985
-0.501175
1.43014
-2.9107
-0.769701
0.260854
-0.5954
-1.47072
4.38942
-0.613098
0.273336
-0.988935
-0.244065
2.86448
1.26045
1.38694
-0.882289
1.16318
0.685621
-0.245299
-10.6494
0.517092
-1.57887
0.765215
-0.592117
1.03035
-2.58314
-0.384395
-0.300968
-5.85049
10.3395
-2.64705
0.564042
-3.6522
2.78427
0.354161
0.596883
0.498281
3.5613
2.55911
-0.997174
-18.2187
0.698651
1.30794
0.638623
-0.0842432
-6.4346
-0.888292
-0.274048
1.00421
0.142742
7.66763
0.634344
-0.340326
6.52496
9.22877
-0.442691
4.67245
33.1125
-379.787
0.314836
3.13787
0.689104
1.1553
0.100532
-0.344558
1.74579
-0.124055
22.9823
-0.556251
-0.45385
-0.369868
0.506516
-0.543512
-1.54556
-1.75827
8.75391
1.86111
2.76279
-0.300931
-2.05238
-1.30114
0.088676
-2.56137
-1.97262
4.29012
-2.21121
1.14482
-1.44349
-0.127995
0.685205
0.955729
-9.64132
-1.04313
0.460168
0.5728
1.06335
3.86276
-0.649047
-1.75218
-1.00479
-1.2462
1.81109
-0.371562
-0.315409
0.681105
-3.85535
-0.684677
0.585487
-0.0493022
-0.590875
-6.51679
-0.854801
-3.04745
2.3515
0.480922
0.568377
-0.903877
-0.235595
-1.17939
0.270373
-563.146
-145.419
-0.568692
-4.101
1.32149
-0.862757
0.906259
3.7386
0.0884695
0.90198
-0.656254
-1.6491
0.441245
-0.545
0.0677138
2.5575
-0.271388
0.622856
5.68455
-0.905939
-1.7143
-2.50048
-0.433405
-0.629386
0.255325
-0.342099
-1.08106
-1.08809
-1.06689
0.214251
-0.804417
0.541971
0.0230293
1.84502
0.443217
0.227689
-1.02042
-1.07421
0.465029
3.66251
-0.7379
7.75162
-0.122391
9.80407
1.59176
0.094216
-1.0581
1.45375
0.454528
0.294802
-0.545087
-1.18119
-2.46829
-1.62386
-2.6169
-0.649766
1.10441
-0.117173
-1.59457
0.128623
0.262309
-8.3957
-0.723778
-0.576138
-7.58869
2.52372
-0.836449
-5.43768
-2.21799
-0.0418686
0.534928
0.0685265
-0.957282
-0.273913
-1.52903
2.38214
1.35558
-1.15757
-62.5458
-1.012
-3.52204
0.722325
0.0307939
1.29557
2.88352
0.585732
-25.5422
0.755216
-3.18443
0.537326
1.69736
-98.9188
0.162879
-0.0818754
-0.606501
0.388555
-1.22841
4.83114
-0.454336
-3.97978
-0.0588078
-15.5195
-0.59249
4.01899
-0.244804
0.399014
-0.562248
2.26848
0.397588
-12.3461
0.592621
-0.689926
-26.0812
-0.824718
-24.9924
0.704125
-5.5598
-0.256153
0.10469
-26.4793
-0.446367
24.798
0.131206
-0.611499
-1.38397
1.10089
-114.693
-3.40756
-20.3542
-0.12737
1.37749
0.559853
1.36965
-0.505969
-0.191096
1.77747
0.271688
-1.66214
0.317066
-1.88154
0.561499
-0.418569
0.0183664
-3.78911
0.859695
-0.7769
-1.9085
-4.41183
2.95361
1.83774
-1.4374
-0.311511
1.76088
0.147601
-0.114513
-4.59822
1.44978
-0.315626
-0.29015
-4.38732
-3.81389
0.111843
-0.065674
-1.13478
3.42275
-0.453561
0.580685
-0.922468
-0.00245774
4.66311
0.412026
5.00532
-0.733907
-0.535945
0.908726
1.95213
-1.08306
-5.14477
-0.557174
-0.29925
-0.00333204
-2.0099
-0.417249
-1.56444
-3.98623
-3.69325
-18.1946
-1.95465
-0.567517
9.03552
1.35429
-0.240161
2.82385
-0.848158
0.00992419
-8.93447
-2.56321
0.4522
-0.287041
-0.337605
-0.0515185
-2.78473
-0.825561
-0.895916
0.122576
1.64589
0.239978
-0.71164
-0.1748
-3.09621
-0.951239
-1.64346
-1.52654
-0.505915
-0.829037
-1.28597
0.204321
-0.494584
-1.44616
-1.25772
0.665273
2.5012
2.72629
-2.06806
-1.15404
-0.111897
-0.810146
0.598069
1.55418
-0.340173
1.02155
0.973628
0.443412
0.206888
-1.38625
1.22553
0.350913
-0.43646
0.605078
0.270889
-6.49505
1.02949
-0.34055
0.315234
0.325819
-3.78192
-0.983719
-0.511295
0.426763
0.514531
-0.360267
-0.626356
-0.228951
0.331248
-0.635516
3.06136
12.7448
0.223407
1.83927
-12.4865
2.25866
0.300381
-0.825096
-2.0972
0.934891
1.32457
2.58828
0.451889
-1.07007
0.179703
0.279587
0.298866
-0.750085
0.078531
0.344535
0.391357
0.998677
-0.320264
1.77599
-1.28821
0.846969
0.15117
2.14094
-0.0334327
18.1903
0.58385
-6.4601
1.12957
-0.580302
-0.615699
0.972635
0.380105
-0.924653
0.213573
-0.438195
1.1107
-4.25963
-0.23536
0.444538
0.0686717
-2.11958
-0.103756
-0.288892
-0.469399
-0.7024
1.5468
-0.442893
0.540367
-1.18776
0.722958
2.15843
-4.30105
2.30693
-1.08882
0.111569
1.56821
26.6347
-0.504149
-0.264355
-0.434441
-9.38831
-0.940657
5.00049
1.08493
2.43672
-0.972608
3.40226
1.97633
2.5073
-0.77247
7.65167
9.3695
-0.0423276
1.13088
1.10077
-0.0133417
-2.2271
0.169927
73.3333
1.59773
0.174575
-1.58252
1.06941
0.462548
-1.95497
-0.0834363
4.32213
1.06808
-0.080365
-5.99207
2.10756
2.6922
-0.928906
-1.66594
-0.330427
-4.85086
-6.58641
0.622499
-0.157541
-0.766406
3.33835
-0.172611
0.732572
-0.404922
38.8736
5.08618
1.53686
-2.20923
-0.264199
-0.608187
-0.300176
3.61755
-2.49848
5.2326
-3.66051
0.0788238
-0.271764
20.3339
7.57999
-0.47656
0.549154
-0.333279
-4.03547
0.21107
0.252544
0.0654876
6.18439
-0.279575
-0.0650724
-12.7749
-5.14105
-0.847594
3.70985
2.72223
2.12457
3.36719
0.448191
0.399903
-5.7565
1.14184
0.170257
-0.869571
2.73264
0.442118
-0.328114
-0.740975
0.782509
-2.46601
0.861822
0.139915
0.207399
4.43818
0.537182
-0.449892
-34.9166
-0.574911
-0.0104478
-0.785711
1.58631
0.106886
0.939825
-1.60502
0.313848
1.46609
-0.285605
-415.419
-1.5941
0.931809
2.3974
0.6335
3.9098
5.29003
-2.10894
1.45998
-0.141694
-1.09681
0.417956
-14.2543
-2.33415
0.370278
-0.730591
0.310374
-4.60461
-0.763493
0.0632231
-0.15064
0.571037
-0.402358
-2.22483
-2.16982
-9.70221
-0.357948
-7.76658
-0.279378
-0.211066
-0.240985
1.18959
0.982089
-4.84749
4.57012
-0.411318
-0.967565
0.0765449
-0.355105
1.17656
0.0170591
-1.64075
0.441838
2.26948
-0.133822
-1.10998
-1.7599
0.642887
-0.431129
-2.14602
0.639553
-20.7067
1.18543
0.885818
-18.2481
0.89975
0.703486
0.666699
-0.287859
-1.62932
0.296794
-1.93711
1.96948
-0.700516
-1.2071
1.44772
-6.68716
1.25578
-1.71607
1.18996
-5.08029
-0.0985958
-2.67801
-0.714154
0.0176377
-0.966539
1.31355
2.24393
-0.253477
0.729385
1.45445
1.09205
-0.0938316
0.429567
-0.87845
4.24625
-1.84439
-5.36473
3.82001
0.279223
0.160643
-0.184112
-1.05008
0.113742
0.937769
-0.488076
-0.714155
-0.101794
1.58116
-5.74923
-2.35312
0.652685
1.76298
2.71431
-0.64219
-0.669885
2.12013
-1.16724
-2.60205
0.469763
-5.27499
0.145819
-0.449032
-0.633728
0.45668
-0.949447
-0.221987
-0.18963
1.49473
-3.2984
1.60782
0.831634
0.137183
3.15408
-0.848903
-0.804305
-0.960381
3.43922
4.82543
0.862647
-0.0478118
-2.85713
1.91995
2.74541
-0.212393
-0.604164
-2.11639
1.15282
-1.09073
9.22872
-0.667531
-2.77601
1.72114
1.36788
-1.98777
-0.0787526
1.69525
-5.08473
-0.0736213
-0.356565
-1.32945
1.40453
-0.888896
2.56495
-2.49043
-6.4962
-0.267499
0.65285
2.05326
-1.97434
10.0109
0.570199
0.959482
1.1902
-1.59013
0.229771
-0.445823
0.914493
1.03942
2.81795
-4.43466
1.20505
0.644442
1.95187
5.9351
-2.17375
0.22705
0.43564
-0.579621
-1.26547
5.40263
1.89743
0.302017
-1.04216
-2.77733
-0.511266
-0.0657322
-0.555581
-0.111688
-177.429
12.1005
-0.504843
1.22912
-14.6301
-5.22798
9.59565
-0.347351
-0.940939
0.887178
-5.32266
-1.34067
-0.90809
1.23184
0.546527
1.3619
-0.500623
0.85311
0.334028
2.1495
0.93337
1.61934
3.43047
0.888158
0.876559
0.53482
0.876503
0.14182
-0.733276
1.2567
0.571017
1.4064
0.131087
0.197103
-0.0613729
-1.99232
5.8291
0.411753
-1.92001
-3.77477
-0.0827058
0.162844
0.929213
2.0251
-0.985744
1.29905
-1.10118
0.616723
0.0120863
-0.620622
-0.466882
0.407065
0.196112
-11.9373
-0.0691617
-0.473882
0.540679
-0.109816
0.0396162
-0.273397
-1.49735
-0.979732
-1.76481
-0.693161
-42.2981
-0.107804
0.89168
-3.7066
0.831682
5.61338
-6.08007
-3.12008
0.486546
-1.43649
-1.88132
1.0633
0.359242
-0.0787706
0.740281
-0.92071
5.1745
-0.689015
0.554011
-3.79724
0.298186
-0.454864
11.1538
0.3469
-0.452864
-0.94337
0.160998
-2.03592
0.266656
-1.18083
0.268716
-1.16969
-0.119626
1.9511
-0.388511
-0.342708
-1.97941
0.893768
-2.40164
1.50338
-5.25431
1.07293
1.4415
-0.152932
2.97856
3.61437
-3.66097
2.72057
3.67171
0.774717
-0.0773547
-1.63651
0.682362
6.64168
-0.850881
-0.368543
-0.43672
6.66291
-0.252497
-5.67024
-0.647149
-3.29587
-0.380956
1.75896
-0.646486
0.150339
0.301969
0.456773
2.82382
1.21171
-0.259644
-1.54646
-0.360622
12.1864
-4.05431
-0.059465
-0.088876
-0.531034
-0.535983
-0.719601
-0.0573016
4.3867
-531.052
0.910388
-0.42573
-1.08351
1.13071
-2.05751
0.280657
6.34226
0.38231
0.276229
0.983603
-0.503228
1.4688
-1.31531
-0.0147292
0.649106
-2.91513
0.601865
-12.1982
-0.974189
-1.23229
0.85877
1.11265
-2.75499
-2.08627
1.12456
-3.40595
1.07778
2.71967
6.3269
-1.19662
-6.50749
0.958262
1.19394
-2.83678
1.143
-0.270483
-0.119778
3.91602
-0.0563529
-0.571116
-2.24432
0.798484
-0.782101
-0.0601865
-1.82723
1.91352
-1.21645
-1.55172
-2.32603
-19.7
-0.927302
8.76696
-1.93976
1.24995
-0.338421
-1.05534
1.23128
2.01948
-0.281575
-1.45741
1.44153
-0.715645
-4.05626
0.838447
-0.298712
0.375777
-0.664894
2.64576
0.354042
34.5959
0.807339
-1.86348
-3.9958
-3.99696
1.20887
-5.56359
-1.25149
10.9221
-2.31215
-1.66489
-1.22333
1.38703
-1.2077
6.23385
-5.94944
-1.33978
-5.59124
-0.269923
-1.68598
1.96674
-0.264307
0.0342809
58.3028
0.23505
-0.479856
0.566639
0.770961
0.66831
1.18766
-248.267
0.0182403
-1.67174
1.09335
2.37938
0.168003
0.996743
-0.0488239
2.82284
1.79495
-12.7706
-0.439595
-1.82472
0.0441174
-4.43794
-3.61668
-0.0650627
0.322633
-0.103647
1.59856
0.123164
-3.39337
1.01024
-11.5887
5.36347
3.806
0.264422
7.1087
1.43377
0.855875
10.9337
0.16976
-15.9177
39.1357
6.39652
2.38391
0.0829816
-0.592308
2.46129
1.71555
-0.249808
1.33803
-0.846038
-18.5419
0.798272
8.4839
-3.74006
-0.193514
0.394828
-1.91379
0.298594
0.014643
1.01088
-5.0616
-0.592262
0.098469
-0.300366
1.88298
-1.01797
0.644003
-3.63324
-0.949524
1.31526
0.809668
-1.05056
-1.99979
-0.0985435
0.467281
-0.501793
0.0189127
0.133692
-1.47291
-31.1383
-0.424928
0.268204
-3.81465
-45.2662
-0.485122
0.0851086
0.461236
-5.14099
-0.888644
-2.50095
-0.0754085
-10.835
1.11181
-0.291625
0.76123
-1.29965
3.20236
-0.193217
0.00187743
-6.2879
-2.18026
-2.87911
0.891183
-1.66379
0.706076
-0.98644
0.528336
-3.88485
0.255434
-1.00851
5.64913
-0.451407
0.965551
-1.50283
0.790032
-1.38426
-24.6984
-2.72305
-0.141708
-2.44506
-9.35704
-23.7671
66.4807
-0.224841
2.15725
-0.026524
0.0922626
-1.15242
-0.260483
-0.533143
0.337066
-0.0644012
0.45316
0.0609426
0.306191
0.310912
0.320335
2.74586
-0.0314512
-8.6351
9.53624
-0.0194058
1.45906
-0.594667
2.00452
-1.10244
0.211972
-12.613
-0.200304
0.159167
-0.46698
0.883114
2.11717
-0.297425
7.01726
-0.638081
0.0286847
1.89267
-1.54891
-4.51052
-0.0105592
-3.91739
-16.4959
2.31855
-1.20324
2.49349
-1.72993
-2.18419
0.478493
0.0894105
-0.882196
-11.8065
0.554082
0.424198
-0.288868
3.20519
-0.391526
0.650462
-1.51568
-0.968391
2.27756
0.565208
-0.139236
0.0910945
0.626336
-1.07105
1.83013
-0.306319
0.621043
-1.47245
1.14
9.46475
0.2109
-1.96627
0.126427
1.14406
0.470712
-0.355449
0.584219
-1.48716
-0.806411
-2.17696
1.33254
-3.3408
1.78204
15.9957
-52.758
-0.583446
2.83024
9.17355
-0.882529
1.91103
-1.04948
-0.0744823
0.331299
-1.62114
2.10124
0.100516
0.166219
-0.552443
-0.25702
-27.6188
-17.9648
-1.07881
1.11137
4.54824
-1.53979
-0.537978
0.00616581
0.640454
1.56303
0.952735
-5.27388
-0.127149
0.359405
-0.128567
-1.14605
-0.994394
1.05565
0.28369
-0.105528
-0.661769
-0.490066
0.747996
6.36095
-4.91272
0.173892
1.07759
-0.235846
1.22764
3.12208
0.59255
-0.776076
-5.96228
5.98286
1.22384
0.692673
1.11472
-2.93402
1.28203
-0.370447
-0.390295
-0.413492
0.752919
-0.597537
5.76723
0.0816625
0.22247
-0.215797
0.278588
-7.34477
1.19974
5.76327
-1.0812
-0.158286
10.1045
-0.995826
-1.10514
-0.0807878
0.531476
-0.0630713
-0.617056
20.2571
-0.159582
1.44268
-0.21568
-1.05182
3.92015
4.89462
-1.65289
1.6112
-0.87093
-0.896096
-0.69504
0.386669
0.173037
-0.0193175
-0.412612
-0.206236
-1.55232
1.50806
0.566551
1.30095
-0.309468
0.86746
0.0267112
2.88819
-2.84137
-0.35382
-2.13731
2.61326
-1.51424
-0.429081
-0.142563
-1.0911
0.57721
0.166673
-0.60461
2.26627
-0.228858
6.44008
0.580064
-3.12772
0.327643
-27.0388
-14.5018
0.38058
0.411916
2.01987
-2.34931
0.487339
0.818017
-2.10785
-3.87545
5.48449
4.10997
16.9933
0.109098
1.41887
-0.135281
0.877179
0.162448
-0.612955
-0.43636
0.128477
-0.933609
-7.54683
-2.7933
6.20153
7.24821
-3.2638
-0.617471
0.139981
-3.07959
0.649853
-0.926743
-0.238318
-0.219419
-0.373129
0.124019
0.0808132
1.67667
-2.79103
-2.57131
0.930429
28.8726
0.537879
0.267411
-0.378581
0.334925
0.52961
24.5334
0.331853
-0.058134
0.421551
0.475535
-1.40124
0.891564
-12.9996
-0.0208322
0.313302
0.502088
8.25175
19.356
-0.0710017
0.396555
-1.82222
2.8142
-0.797631
-0.802132
-0.285221
12.8204
4.42555
-0.466984
0.388203
25.1909
4.91243
-0.350069
-0.566487
-2.74977
-0.0981141
1.71364
1.05564
0.0814525
0.912481
-1.04862
0.0792461
-4.61499
0.122863
-1.45579
-6.7926
-0.445408
-0.584895
-0.402106
-1.09495
-2.27525
0.0637711
-2.86672
0.0264393
-6.31438
-23.4442
1.84662
-1.61821
0.573638
0.905529
-0.282353
-1.9447
0.280468
-0.303395
-0.431184
-2.3545
-3.85607
-0.183167
32.7314
0.678369
-0.439922
6.36165
-0.82196
-1.30753
-1.31709
-1.10793
-0.231677
-1.09007
-0.581991
-0.0812976
-1.24844
-1.33479
-5.12353
1.80636
-0.211788
2.03805
3.27873
4.52524
1.53846
0.0739117
-0.156542
0.297472
-4.2109
1.01507
-0.151144
0.294886
-1.11835
-1.37561
-24.117
14.4498
-1759.63
0.182876
1.35715
-0.287363
1.91163
-18.1057
-0.706423
-0.426521
1.01996
0.0175183
-0.509704
0.374153
-0.613829
23.3913
2.87514
-0.165393
4.65181
0.0918205
4.2178
-2.02051
-0.325086
0.0502709
-1.20285
0.0218512
2.96854
0.272944
0.1768
-0.148172
-32.0405
-0.98509
0.127688
-0.73641
16.9806
5.65371
-1.13413
1.03418
1.28311
-1.38644
-1.65831
0.267622
-9.7654
4.5464
-0.314629
-0.301292
-0.344626
0.442274
2.54859
2.88705
-5.63505
-0.212083
-0.245225
0.945243
0.862563
-2.80268
2.57212
-0.424456
-0.147173
0.0152935
0.481184
-0.876995
-3.34418
0.450831
3.03062
-0.489019
-1.02847
2.99747
-1.67
-0.47771
-0.0728715
-0.014574
0.813603
-1.18269
0.194305
-2.58649
-0.278953
0.923598
0.146271
-1.63212
0.444157
0.0611092
0.0331926
0.279228
-0.0360204
1.60358
1.07928
-1.34635
0.0415966
-0.761164
0.713235
-0.547502
-0.190616
-1.97379
0.356762
-2.88062
-0.0980596
2.58569
24.6711
30.9869
-0.783627
125.809
0.311539
1.31484
-0.551577
0.731501
0.332861
-0.747594
0.117515
0.160287
-0.676378
-1.81925
-0.0344725
0.400102
0.524062
1.24018
0.883024
5.46204
-1.06562
1.45979
-0.306135
-0.650707
4.62097
-0.436459
-3.65132
-0.713749
0.0573744
-1.2871
3.8748
4.60787
2.5378
-1.53029
3.03771
-1.54329
9.62546
0.356156
-2.72761
-0.261845
0.491306
0.0677547
0.821537
0.552667
0.153595
-0.118196
0.00801317
-0.740544
-1.40263
0.29442
0.478104
-1.79399
1.1555
1.24933
0.161181
-5.31919
-15.9014
-1.52342
-2.25449
0.201754
-0.908243
2.53958
-1.0551
-0.77924
0.79687
1.98327
-1.02655
0.155582
4.774
-0.163509
2.21161
-9.7699
-0.756426
0.0682464
-0.279301
0.29247
1.93183
-1.324
1.31072
0.630966
-0.438087
-0.0521005
0.308367
-1.036
-0.0512233
-1.14576
-2.48997
-0.331138
0.0877512
1.66653
3.76912
-0.86073
0.669343
-19.207
19.6029
-69.026
0.465032
-8.36084
-1.1376
0.761008
-3.73787
-5.80516
2.82071
-4.31427
-8.85129
-2.4745
0.820944
-0.626987
3.08615
-0.206741
4.52274
-2.14981
-0.807588
-0.170957
-0.0763776
0.330131
-0.322349
5.73623
-0.180547
-0.116732
-0.130122
1.1729
0.0458334
2.36308
0.192843
1.37661
-0.439931
-2.15152
2.35421
-3.01088
-4.59622
0.0116321
85.1599
1.5816
2.92757
1.13833
-2.24123
-0.0569756
-0.466122
-1.48061
1.52668
-4.17729
1.39116
0.400625
0.000574709
0.0295331
-0.777825
-0.557634
-0.0336653
-0.182012
0.223932
36.1638
-0.250984
498.735
2.08997
-2.66013
-1.29443
3.46317
-0.551876
-0.27375
1.48959
-0.0280814
-0.265185
1.93945
-0.154423
-1.00726
0.691009
0.742712
-1.41925
1.06283
-2.26483
-1.2936
3.16704
-6.04161
-0.68004
2.46263
0.0118365
-3.22166
-0.237073
-1.06761
-0.48757
0.412164
3.44872
0.859176
-6.4999
0.0283787
8.04574
-5.29365
-0.059075
-6.73899
-6.59677
0.978138
0.451475
11.0505
-1.54155
0.64757
-0.884995
-0.752576
-31.5832
1.08694
0.760976
-0.114781
-7.43996
0.580196
0.727247
0.0261713
11.4733
6.77431
-1.73907
-5.12115
5.45926
0.652435
-1.5272
5.509
-1.27825
-0.838733
1.65603
-3.8195
-0.707195
0.528763
2.16615
45.357
0.894214
3.06439
-0.102856
-0.527002
-0.564252
0.768611
-0.184565
3.58326
-10.0762
-4.19296
20.5788
-0.750266
-2.24428
-52.8727
-0.389446
-0.0774344
0.0166309
0.739826
-0.33623
9.71268
0.238818
0.257113
0.664
-0.171449
-0.893709
-0.107482
0.602422
-0.481555
2.36331
0.643517
0.749049
-3.9452
-2.31067
2.12662
-1.77208
1.33961
0.722382
1.46108
0.679131
0.319395
0.241072
-2.70265
1.50029
-7.35076
-0.119592
-0.740098
0.356464
0.382531
0.604123
0.386304
-3.35882
19.247
0.279571
4.50913
0.785665
-13.855
1.13702
-0.926813
0.888951
-0.735285
0.95205
0.82294
0.00670122
0.460659
-0.258044
-0.395863
-0.0572096
0.0835277
0.264838
-2.07509
-0.235536
-2.85497
1.58633
-0.774467
1.32649
-3.8927
0.628044
0.650908
-3.03474
-3.19874
-4.7495
0.0640447
-0.319268
13.1552
-13.1545
-6.61942
18.7216
1.33794
0.437263
-0.772575
-0.0253304
-0.678899
-1.02643
-1.82518
-4.23079
1.23224
0.299234
0.942208
125.322
0.124572
1.26862
-0.349985
4.82727
2.88016
0.282172
5.1445
0.419934
-5.09088
0.350952
-0.844374
0.289247
7.35509
0.54618
-8.90674
1.48783
0.346956
0.503662
1.12678
-7.92023
-2.12176
0.0903073
-0.0732044
0.971346
0.106662
2.79139
-0.922353
-0.169979
-0.136492
2.37945
22.0596
-7.43846
-0.0746517
-4.55603
1.4759
-7.64505
-0.0284063
3.65962
-0.402738
159.984
0.194499
104.7
-0.482245
0.487103
0.0956995
0.330371
1.00896
0.37784
0.111482
-0.567862
6.00457
9.69808
2.77624
-1.17718
-0.149085
-0.797498
-0.0617974
-0.780987
0.605504
1.35151
0.574103
-5.8159
22.7254
0.0582295
-1.58895
-2.98035
-2.93969
-0.40528
0.434282
0.34311
-0.729174
-0.178967
-8.5274
-0.15711
1.75735
0.0157817
-3.23373
-0.132676
2.19692
-1.00521
1.08212
-0.414663
0.717212
0.661565
0.176275
-2.54377
-0.980739
3.6371
-4.45611
-0.458365
0.838776
0.169769
1.53438
0.536606
-0.231651
0.737727
0.550813
-0.0726452
0.29534
-5.83623
0.604487
0.534492
2.49132
0.66748
0.172336
3.50651
-0.456266
-10.3996
12.6896
-0.184329
-5.50579
-2.52881
-0.594999
-1.59535
-3.12848
-0.940686
-161.881
-0.290992
-2.80824
0.750463
-2.23503
2.11078
-3.09213
0.253728
1.37458
-3.73675
0.847875
1.1487
-2.87082
0.0515167
0.643491
4.04791
0.969341
-0.870488
-1.22506
2.01855
-0.0779247
-0.581975
0.105322
-0.488795
0.211672
2.69635
5.02126
-0.450207
-1.25971
0.683592
12.6435
-0.504013
-0.748959
-2.27476
-0.288507
-2.83599
-1.18823
-1.89622
0.691808
-0.0768532
0.934744
0.679528
1.0409
-0.589657
2.48703
-0.97796
-0.83766
-0.332085
2.27967
-1.3852
-0.234371
0.325451
-2.08465
1.44496
-5.54307
0.320955
2.22994
2.01766
-106.873
-1.72338
-0.643091
87.4414
0.781122
0.332934
0.728818
-0.33942
1.42379
0.848294
10.538
2.1906
-0.969761
-0.201446
1.22885
1.2824
0.350062
-4.67072
-0.672934
0.827724
5.1661
-14.1186
0.165747
-0.324937
-2.96515
2.78402
-0.024779
0.0155328
-0.71644
-0.629861
-0.368055
1.20835
1.53124
-1.54618
0.293639
-68.8963
1.57291
-0.0342886
-1.67159
-0.751549
-0.34113
2.84956
-0.478013
0.538061
-0.772924
3.31244
4.04355
-0.652375
2.4151
-0.648778
0.243977
4.08684
0.0769336
0.412109
-0.0777224
-0.148064
-0.125438
-0.972741
-27.2291
-0.0322852
2.64381
4.20285
-1.36879
-0.658689
-0.327866
25.1507
-0.339779
-1.07605
-1.0636
-1.57848
1.66569
-2.88331
1.30612
-0.00494566
2.21535
0.832833
-0.424971
-0.672846
2.0283
-85.4339
-0.56211
1.1937
0.137276
0.388514
1.94496
-3.6158
0.513646
0.712078
0.805319
11.453
2.97303
1.08431
0.207744
2.41097
-1.74777
-0.219544
20.6103
2.7089
-0.795723
0.81866
0.541142
-1.69248
0.62204
2.0547
0.489256
1.77372
-0.7605
-1.7589
0.625064
-1.62773
-0.284425
-1.54253
-0.311779
1.41633
-0.599039
0.846762
-1.02507
1.83129
0.533383
0.410714
-0.363671
-1.60203
0.0868721
-2.35848
-7.99979
2.39211
1.79314
-0.1943
-4.69629
0.875849
-10.488
-0.518092
0.46291
-10.247
-8.19694
-0.432775
-0.820091
-1.75821
-0.0990612
28.2273
-2.30221
-4.81342
-2.19727
-0.749107
2.77763
0.451898
-0.210598
-0.107333
-0.479643
-13.0596
-2.21489
-0.732992
-3.66468
-0.0315718
-0.0336671
-2.38651
-0.275851
-17.151
0.412572
0.131204
-1.00038
-1.37033
-0.142492
-0.0375241
2.24155
-3.21609
-0.918041
2.3627
275.821
1.29526
2.10535
0.264375
1.27318
-1.54035
-1.52672
0.747147
2.28657
1.49568
6.75762
0.753472
-0.358451
17.0501
0.333667
-3.28334
0.101056
-1.4986
-1.3979
-0.281042
0.450141
-1.534
1.38231
1.22753
0.380837
-0.524311
-1.56109
0.235808
-3.47511
1.18049
-1.02048
0.183142
-0.104418
1.47221
0.584597
1.13411
-1.13482
-0.606713
-0.159005
0.971369
0.821039
0.107255
6.55097
0.5587
-0.586796
0.433354
-1.82787
-1.65405
-0.430197
-2.26307
-0.250367
0.877607
-0.472494
3.33391
-0.634653
12.2979
0.588768
15.3301
-0.633672
-6.65116
-0.806507
-0.173614
