0.42949
1.38078
-0.436852
1.48816
-1.48173
3.26964
-0.254268
1.18005
-0.121014
0.228385
1.84695
-0.338875
0.324517
-2.34285
-1.11634
0.20152
-1.43379
22.2629
0.202182
-0.87497
0.666822
0.950787
-3.51957
-1.19642
-2.79039
1.55406
0.194595
-2.75233
4.89481
-2.77078
4.24434
2.14058
-0.218539
-0.0680567
0.64499
-2.1849
-0.0341832
0.379246
0.17288
0.115767
-0.384808
0.4898
0.27642
0.668582
1.474
-18.9121
-0.277311
16.7353
1.78092
-2.2543
1.97039
-1.49831
-0.88804
0.247785
-2.87334
-0.230706
0.717652
3.94488
-0.171027
4.00737
-1.3795
-1.13042
-1.24187
4.20498
-0.982048
-0.950281
-0.638144
0.276086
0.738845
0.205364
1.29313
0.273395
0.480915
0.11131
0.00907783
-3.70034
-1.18782
4.27534
-1.80678
0.56688
7.2687
-0.119477
0.241844
0.961124
18.0045
-0.496993
0.972884
5.10335
-5.35764
-21.8816
0.478416
-0.354963
1.20348
-6.72191
1.22477
-0.00397938
-3.3269
8.86959
-0.0578892
-1.5539
-2.1198
-0.981093
-6.46187
-26.3671
-0.135639
0.974497
-1.30708
1.34206
0.0498751
-0.105412
-1.7393
0.0823685
-4.40316
-4.12341
-1.93506
2.50475
33.9455
1.05331
-8.70575
0.780406
0.738762
3.55159
-0.0374543
-0.166106
-0.703681
-3.28377
0.572961
3.78896
-0.355287
0.1827
-1.32387
-0.240242
-1.35573
-9.7895
3.4281
4.43394
0.247849
1.64195
0.0907744
2.11627
0.590065
0.0836845
-0.984318
-0.899394
3.56298
0.482629
0.204177
3.82352
0.811487
4.51318
0.0486415
0.876623
-1.367
4.25056
1.42293
7.38917
7.61601
0.212805
0.788139
-1.31083
0.297019
-2.11535
-0.310156
-0.686587
2.44641
-1.78824
17.4892
-1.10962
-4.49045
0.197549
0.749057
-0.116937
-4.35557
-0.611497
1.33607
0.489876
-0.941975
-4.31962
1.84581
0.70988
0.767277
-1.01736
7.22306
-1.09572
-1.07764
-0.473603
0.296289
2.78792
-26.4853
-0.0591627
-1.42313
2.95527
0.991486
-0.0383758
0.260457
-0.114112
0.50828
-0.30767
0.855218
-0.150573
-1.76787
-0.0850802
1.26643
0.201641
-0.887738
-0.535242
-0.0897198
1.56685
-0.272498
-3.93446
0.473281
0.23625
0.447888
4.18572
4.07423
-0.590638
0.344367
0.610227
-0.420374
1.21457
0.193798
2.07769
-0.401852
-3.24634
-0.472481
-0.305936
-1.15496
1.42198
-1.1569
-4.15817
4.06906
-0.55197
-2.26688
-2.20179
1.76369
15.3669
6.95688
2.95163
2.05503
-0.413618
-0.827585
-12.1115
-0.596902
0.551688
0.552679
-0.989587
-0.303994
1.16116
-3.00706
-0.802178
-3.39216
-0.711735
17.7162
-15.3833
-0.934948
0.613861
-2.55084
-0.300264
-0.913714
-0.185482
1.81247
-0.588309
0.189492
1.15921
4.76914
-3.865
0.354081
0.762869
0.571822
-7.31792
2.42556
1.22098
-2.77984
3.72228
6.17631
-1.6305
-0.601133
0.292355
-2.3768
1.14047
0.0404795
1.54805
0.0075085
0.972067
1.57565
7.27066
5.13334
0.470553
1.1696
-4.18977
-2.8269
-2.22886
-0.721862
-0.533324
-0.0583833
0.209672
-1.15081
0.831368
-0.103782
-5.25027
0.940981
-3.25243
-8.0819
1.14812
0.81473
22.9555
-0.402453
-0.890528
4.60292
-0.230479
-64.6398
-267.958
-0.331368
0.269021
-1.29796
0.0312978
0.892596
0.0442233
0.699858
-1.16718
-0.929823
-1.18514
0.122911
0.12117
2.66602
1.3192
0.0327618
0.212872
-0.331851
25.6098
-0.982574
0.322562
-4.47066
0.898515
-0.344556
-0.437045
0.141843
9.79646
1.27781
1.46271
-0.0747899
0.193088
0.969393
3.90321
-84.2762
-0.310964
-4.13663
2.98676
1.15973
1.75978
-0.0966276
-2.62508
-0.374588
-0.20989
88.7993
0.0725457
-14.8333
1.56495
0.327785
-4.38217
0.362038
3.56475
-0.0819709
-34.9593
-0.812222
0.277298
1.46596
-14.9526
5.29011
-0.447567
0.22844
13.4586
-0.860586
-0.47021
-10.4524
-1.08824
3.16365
13.7453
-1.55085
-2.3944
-0.624919
-0.640108
-0.265492
0.0698231
-1.28701
0.0678932
0.221672
-5.85186
0.339841
-27.6243
3.02013
-2.29545
0.951718
-1.61941
0.228852
0.655578
-0.00748809
0.984132
0.156212
0.146776
-0.51669
-138.646
-1.71993
-0.578652
0.674091
-0.174886
0.443564
0.0709072
-0.436208
-2.13951
0.690238
0.0647803
-3.49683
-0.257031
5.06845
10.3514
-1.03001
2.12718
0.653691
-1.69233
9.08783
1.78181
0.0817632
2.36936
-0.616339
5.11617
3.94975
-0.322884
0.307851
-0.149287
-0.71251
0.875625
0.699073
0.977657
-0.416607
0.248606
-25.5872
0.10857
0.765704
-2.89608
-2.02756
-0.685111
0.698358
0.296437
0.243297
5.15423
-1.86086
0.700315
-0.243474
-4.94569
52.7018
0.487688
-2.79725
1.00726
2.43467
-3.4774
-0.651723
37.2831
2.28721
0.786642
-0.59163
-0.37309
1.1822
2.66166
1.80023
-0.876809
-0.211966
0.347191
0.192178
1.21987
1.3624
-2.59957
0.772374
0.487115
-5.07446
1.33862
1.42641
-0.61991
-1.05265
0.222551
-2.02301
0.852636
0.974226
0.286622
0.39435
0.394764
0.961035
-1.20707
1.4725
2.72447
1.72159
7.56918
-1.83155
0.915276
-0.155595
-21.4319
-0.64926
-1.4731
-1.11341
0.893077
-0.340242
1.63545
-2.35883
-1.00005
-0.710741
-0.0529143
1.30562
-5.66845
-0.308527
-0.303075
0.322455
3.22053
0.776372
-0.509031
0.605284
0.380964
-3.95162
-36.9222
-0.645523
-0.0502614
-1.25971
-0.134199
3.11314
-1.29482
0.498879
-2.10635
0.335498
1.44086
3.88639
-1.37189
2.25711
0.719626
-1.87063
-0.445145
-0.126978
4.31445
0.471853
2.16133
0.00174941
0.0639468
2.39793
-0.0565856
-0.509597
-0.00699228
0.0842512
0.38866
-0.158615
1.32968
0.393585
-0.477292
-0.212219
-0.515572
0.955871
-1.2653
68.527
11.427
-1.20443
0.637353
-0.87597
-1.93114
0.194861
-35.1103
0.363883
0.561645
-0.137965
-5.67637
-2.05963
-0.475225
0.94914
1.45329
1.27314
-0.521297
-0.765766
-0.5529
0.767509
-0.859695
2.35708
0.420363
10.0633
0.634802
0.294353
2.26297
0.630052
-0.388851
-1.76276
-3.86466
-7.09893
0.329018
14.2111
-0.408229
1.00921
-0.270238
-0.0402912
1.03465
-0.177819
0.0203984
1.05137
3.4964
18.6423
0.247628
0.956076
0.860318
0.00542513
0.210456
7.86172
-1.14538
2.16486
0.0625373
-0.754278
2.54898
-1.02895
-0.637292
-1.02431
4.30406
-0.61084
4.83893
5.30108
-8.38024
-0.00789329
-1.80871
0.581248
0.822538
1.97245
1.41929
0.563375
0.625486
-2.79394
-0.791864
-0.684967
1.2843
0.341869
-0.335948
0.652109
13.0486
-5.19407
-0.640207
1.31505
1.38293
-0.664259
-1.11831
1.08989
-0.420852
0.50249
0.585846
1.83287
0.609114
-1.02905
0.245687
1.50693
0.299757
-1.93926
0.459427
15.4705
-0.265763
17.9179
-2.13536
0.513176
0.0535568
-8.01802
-0.443374
-1.72397
-0.270744
1.75916
-0.665334
1.67316
-0.32802
-0.082269
-2.33734
3.40101
1.64315
-0.0010724
0.371705
0.278587
-0.812365
-2.66415
-0.496668
-2.51794
-0.780304
0.753664
6.59359
-2.54437
-3.21094
5.19997
-0.853109
0.816637
0.102958
-0.74482
0.37276
-0.142631
-1.17084
-5.82262
0.755741
-0.78705
-0.211511
-0.265268
2.0847
0.130816
0.823442
-4.15385
1.37329
-0.472341
-6.96294
-1.2927
-0.643606
0.22515
3.15924
-0.427052
-0.660359
-0.791294
0.305185
-2.70276
1.41187
0.659405
-3.45873
1.30117
2.43131
-2.43931
10.1489
0.538378
-0.804576
1.54412
1.67975
0.79675
-2.01666
1.18806
0.699562
0.208261
-0.634321
0.409191
-1.02319
-0.434523
-2.16048
0.0840645
-1.21791
0.952586
0.977068
-1.34463
2.72745
0.0252499
-0.0372287
-0.673782
0.590555
1.6754
0.225926
2.83418
0.207978
0.356947
-0.706246
1.66404
0.742268
-0.249055
4.98156
-9.14828
0.78574
-1.58678
-1.11875
0.408895
-1.18893
1.0927
-6.26617
-1.00203
0.34555
-0.337945
-2.09212
-1.63619
6.69826
-0.558679
-136.949
-31.8493
0.373756
35.8379
-0.708762
-0.272243
1.42575
0.148831
-0.818625
-1.1674
3.92173
-10.3314
0.337793
-9.8036
-0.468344
3.20925
-0.306262
-0.297278
-0.947504
-2.56657
0.410106
0.0865147
6.26397
-2.42942
-2.11355
-0.192346
1.99831
-1.55666
6.54891
0.722409
2.53751
-3.88163
-1.47056
0.0979487
2.59931
-0.85531
0.134677
4.81855
0.396395
-57.7935
0.359091
1.67064
-1.08462
-2.65935
0.476671
1.04625
23.2908
10.1725
0.587104
8.60416
0.215687
-4.60175
-0.414005
-0.705398
0.376894
1.05451
0.270291
-1.36865
0.677543
1.78117
-1.53457
0.0267684
1.01778
-0.0759088
-5.03658
-0.834466
0.572822
-1.14883
-0.450282
-0.541724
0.829312
0.226743
0.053616
-9.14594
0.305511
1.49879
-0.590633
-0.0145075
-908.366
0.475155
5.10033
-4.75254
0.631582
12.7496
-0.725398
-1.24557
0.948042
2.23595
1.97651
-0.302195
-3.00153
-0.165696
-0.586393
-0.382832
-96.1531
3.71475
-0.995795
-0.826492
-2.22526
0.305981
0.331374
-1.48747
0.100384
-1.76349
-1.07742
3.63133
-0.841367
0.015534
0.390374
-0.866204
0.577141
0.0318236
-1.10549
0.45554
-4.14736
-3.59103
-22.1784
0.194991
0.225793
-0.900302
-3.99095
0.429653
-4.78128
29.3736
-3.10792
-0.294358
1.3321
-1.2548
-3.43141
-4.08392
0.232313
-3.27206
-3.05424
-0.992674
-0.739492
0.137516
0.181486
-4.29955
-1.41724
1.05641
0.824608
-1.55814
-15.442
0.565118
-1.64874
-0.315426
-0.503998
0.210832
0.613571
-3.21473
3.38723
1.90751
3.58428
-4.03576
-2.77177
0.0394332
2.56976
-0.576389
57.5792
2.53057
-4.10652
-12.1271
-1.70931
1.65361
0.0503934
0.216907
1.79709
-1.62289
-0.0233301
-37.7144
-0.449633
-0.84833
0.0602558
1.18461
0.565016
-0.923388
0.271353
0.346244
0.00708745
-0.257815
0.109365
-1.18898
0.103545
-0.439476
1.00135
-3.33476
-2.20985
0.899407
0.0949232
-3.79827
-0.17613
-1.41754
-0.0314312
-0.173172
0.281794
0.371946
-9.24736
-5.90391
0.239256
1.64065
-21.7033
0.308604
1.21427
1.19493
1.37114
-0.89719
0.365441
1.40527
-0.0126644
0.560995
0.0524036
-5.79525
0.375703
-2.75808
1.52849
-3.28677
-0.245536
1.04383
0.660476
0.610799
13.5319
-1.53871
0.633653
-0.31944
-0.0538743
-0.341043
-4.93878
-0.105114
1.21591
-4.28335
0.0497215
-0.732428
12.9984
0.149555
0.157903
-0.786705
-0.737931
0.366319
0.506022
-0.176602
0.629649
1.62527
-0.954219
-1.00908
-1.44235
-4.17841
1.26089
2.10432
1.23365
1.59208
2.2836
0.306632
0.252592
-0.684645
-0.363015
0.465833
0.116023
-0.7417
34.1166
-0.285696
5.226
0.00252979
0.197323
-0.753499
0.565371
2.53508
0.668729
-36.3264
0.238801
0.76239
-0.234381
0.998157
-0.00339244
0.595214
-6.04444
-1.14974
-0.238635
86.8208
-0.543147
0.0756542
-0.534419
1.40364
-0.934046
-2.51025
0.806688
-1.26739
4.59342
1.27217
-1.27097
-0.117016
0.158826
-1.72809
-0.548459
-2.18437
0.0229938
-2.775
-0.440345
5.35109
-2.07102
-1.98514
-8.73457
-0.184806
-0.396288
-2.62862
-5.0195
-1.45234
-0.483819
-7.57142
0.150706
-0.753869
-1.37956
-0.0374025
1.18894
-0.256977
1.14604
0.399264
-0.036386
-1.61974
-5.67109
0.802017
-0.341298
0.899807
0.383079
0.221208
0.598053
9.15671
-0.331894
-5.10121
4.424
1.54621
-0.777014
-7.03547
-0.304678
-13.0515
-4.60229
-0.526975
-1.23705
-6.2825
-0.20767
-0.382491
-1.56511
-0.278187
-0.313724
-5.52275
-5.0688
-0.516586
-2.66596
-0.203879
171.327
-0.449222
2.57073
-0.0495914
3.81736
0.358785
-0.806581
23.3287
1.97277
-0.656489
0.134178
-0.407167
-1.17956
-1.6658
0.741418
3.2731
0.0224921
-1.86191
0.472671
1.52503
-11.8439
0.566
1.26555
0.448685
-17.8995
0.084338
-0.427638
0.611424
-2.18718
-0.421867
-2.87835
2.19734
-1.02584
1.00842
0.173637
-1.58774
-1.43872
-1.25928
-0.267132
0.118505
0.613177
0.702446
-2.9679
-0.405388
-10.5588
0.154508
-2.8843
9.02745
-0.147951
-0.168651
0.72506
-0.0612232
1.28374
-3.47668
1.60304
4.22227
-0.171329
1.91109
8.98469
-0.76144
-0.578963
4.54698
-21.486
0.289557
0.0938458
-16.3973
4.12784
15.9322
-0.198803
1.4212
0.584209
0.465952
1.22497
9.58204
-0.111222
300.711
-0.178346
-7.35896
0.26372
-4.08959
-13.8725
0.810111
0.726496
-0.216032
0.737506
-0.657175
1.75099
0.32019
0.108104
-1.4368
1.17885
-1.21697
0.298245
3.97272
-2.96411
-1.8244
-1.11812
1.61319
-1.96507
-59.2287
1.7768
-0.164032
1.09327
-0.165739
1.41685
-0.0183679
0.330667
1.65093
1.4684
-3.77215
-1.27696
-0.444276
-1.91128
5.13938
-0.840934
-1.78455
-0.036803
2.65792
0.838246
-0.611884
-4.24223
-0.506479
-0.663627
-85.9271
0.299721
-0.102319
9.46657
-1.87924
0.125452
-0.499219
12.0326
-1.94911
0.050221
0.178739
-7.50357
0.785634
-0.133876
-1.63664
-0.911928
2.29175
-0.733713
-3.2612
-53.661
0.813045
0.53663
0.999411
-0.0660126
-5.87867
0.815464
0.288372
1.793
2.66241
-0.59474
0.0458624
-0.0844404
-45.044
-0.260594
6.42556
0.353287
-1.74292
-0.130063
-0.332917
0.697104
0.815507
2.13745
-0.613857
0.137709
-3.22939
-0.243022
-1.66331
-1.12979
-0.993685
-45.9156
-0.28523
-0.789272
1.2912
19.2417
0.495917
0.88615
-2.61655
-0.725466
-1.06988
0.559144
0.968105
-6.2693
-0.025387
1.70106
22.5118
2.0858
-7.15938
-0.277255
0.875871
0.0473669
-0.933058
2.01067
1.22899
-1.44187
0.0692551
-0.418426
-2.55785
0.339382
0.78521
2.76239
0.898281
0.4569
0.648614
0.998306
0.855934
2.15308
0.751268
-0.406653
4.77933
-0.269754
-0.347856
-0.813972
0.250064
0.375496
0.10785
-61.9455
-2.17787
0.161927
-7.0705
2.45263
2.07917
11.0784
1.06408
0.561296
1.16997
-2.79583
-0.234155
0.357864
0.778753
2.9634
-0.188664
13.3381
-0.588056
-0.0660009
-0.0823758
-6.90212
4.46044
-13.5399
0.947106
-162.408
1.03595
0.352087
1.84709
-2.81692
-0.294391
-0.962216
-1.45122
-1.82304
-0.785281
-1.78454
45.6078
1.82845
0.458443
-0.827471
0.930121
4.39447
-1.31091
4.03049
1.64204
2.22606
-7.83666
1.51326
0.904938
-0.48949
-0.575843
0.365975
0.487001
-7.30599
-2.18679
-1.63401
-3.02878
2.40251
0.0923007
0.224523
1.08899
-0.42434
-0.467187
-1.17446
1.96331
4.97871
-0.385778
0.415352
-1.29624
4.6939
-0.703094
-0.121848
-0.9339
3.068
-0.346769
-1.44763
-1.59739
-1.10212
0.283864
2.33324
-0.659014
0.275613
1.08651
3.18884
1.83931
-0.13431
1.66835
0.660366
0.0494796
-0.157182
1.74676
0.387917
-0.0639427
-3.80378
-0.402001
-8.06851
0.573826
-1.07842
0.537915
0.755722
-0.111931
-0.0201565
0.765712
0.558868
1.61972
32.3689
0.614152
-1.97125
0.599116
0.6073
-0.184309
0.744215
-2.75611
0.52095
1.5192
-3.04896
0.665575
2.05713
0.0179758
0.184503
-0.0381524
0.843246
-0.219025
-0.979651
-5.72137
0.29115
-5.34319
0.714113
-0.990097
0.175479
1.42426
-3881.94
0.455755
0.39872
21.7978
-3.03004
-3.87478
0.0270959
-0.933826
0.317359
-0.613393
-3.2293
31.1364
-0.2264
-0.246683
-2.49406
0.0769762
-3.40006
-2.40273
4.23622
1.32631
-10.0874
1.52433
0.087114
0.337688
0.260241
0.663081
-0.635633
0.138637
-2.97316
-0.461916
3.31234
0.953116
-12.2357
-7.39845
0.567594
-0.498797
1.72767
-1.4323
29.2272
-2.8497
-0.0517243
-1.05322
-0.797821
-1.10013
0.335283
1.88096
1.42693
1.50091
0.574407
0.580688
20.2003
-1.77974
0.656023
9.69233
0.355458
0.295803
4.51821
-1.19595
0.368568
-0.461814
1.32737
-0.196013
-0.160642
0.0424601
-0.0103241
0.602958
-2.37437
-1.83697
-1.7639
0.334322
0.305111
0.0803737
1.8756
-0.837866
0.0145763
-1.6382
3.69336
-3.55508
-0.115581
-2.31068
-0.710829
15.3816
-2.93587
-0.555148
1.31135
4.68023
-0.0148516
0.0381879
0.887882
1.3696
-0.926264
-0.210059
0.0137756
-1.62891
0.0648801
-4.06374
1.21031
1.58874
1.38794
-2.0686
0.92028
-2.06717
0.77706
-3.27038
0.156778
-1.29976
0.634875
0.375517
3.14435
-1.57396
0.181922
-1.84229
0.607459
-21.4693
-0.232429
-0.69797
-0.860939
-0.725104
-0.547332
16.5181
3.52628
-1.35978
-1.40471
0.209023
-16.2044
0.0202546
-0.0890357
-0.065908
-0.455022
-0.670467
-4.02968
3.711
-6.19816
0.362405
0.686782
0.217683
-0.3454
0.832225
0.0138905
-1.07737
-0.753188
-0.704782
-0.492381
0.954656
0.148563
2.78997
4.0372
-1.66177
2.57713
-0.153448
-8.03555
1.12201
1.24765
0.103913
-8.22183
0.0920047
-0.793608
0.458903
-2.70314
0.388657
-4.36868
-1.8409
-0.662336
0.480963
-1.64208
0.144635
0.0145411
0.266608
-0.414134
0.112964
-0.227747
1.14542
-0.00605782
1.5047
0.386116
-2.83811
-1.66622
-0.610208
3.09235
-11.6414
-110.757
-13.3391
-0.878268
-0.21825
-1.21628
0.00698137
0.647053
0.783911
4.04098
-0.0481756
3.73085
3.25804
-0.910767
6.79086
-0.0638907
-1.03121
-0.910462
13.8773
-0.139403
4.5598
0.492195
-1.32254
1.09057
-2.54901
0.12126
3.55482
-0.498267
-1.08496
-6.85892
0.32801
-0.45395
-0.352601
2.10546
-10.7154
-0.219173
-0.617614
-0.87692
-1.30364
-5.39607
1.6195
0.900494
4.26086
0.140956
-0.249974
0.185256
1.65611
1.36551
0.757358
-2.00567
-1.17995
0.517331
-0.13041
1.94387
1.1402
-0.676847
-5.20056
-4.8808
1.51037
0.299467
-1.6271
-0.972128
-1.56885
0.53953
3.61566
-0.029212
-0.185049
19.6117
1.5596
-4.06961
1.01961
0.134914
-0.517737
-85.8936
1.77629
0.24811
-3.03025
-0.794864
-19.0334
-0.616053
-0.850043
0.659072
8.08173
-0.176076
0.950191
0.339523
5.50321
-0.321161
0.214794
0.762429
-0.593691
-2.22813
1.84891
-0.679068
-3.58614
13.8011
-1.08515
-0.354305
-1.28537
-129.854
0.686392
-0.0743439
4.27377
2.86009
0.198146
-0.763335
-8.18297
2.28259
-0.149554
-2.87334
1.63207
-0.185121
1.06926
-2.896
-3.27072
0.626821
-4.18064
2.12173
0.621961
-1.80689
-0.16813
0.324073
0.153572
-0.790648
0.370254
-0.294242
0.0194935
3.71887
0.771908
5.52405
-0.753506
-0.379281
-0.609408
5.03187
-0.874391
-1.73247
14.1322
2.8448
0.217816
4.52124
1.89882
4.34591
3.96362
0.298613
0.0263413
0.905966
3.55507
-4.25909
2.52503
-9.10974
1.07606
-0.393346
-0.170722
7.83621
-1.91052
-1.26819
5.42138
-0.0829195
-0.416541
-1.84062
10.231
0.41548
-0.389104
-0.105178
-0.299469
0.919532
7.26851
0.156206
-0.193294
-1.58954
-0.540775
-0.913019
-38.3875
-1.31313
0.289304
2.5801
495.392
-1.30766
0.238441
0.0767554
-0.944027
-5.16137
152.054
0.733757
1.46313
-0.30166
-6.73105
0.723052
0.308909
0.248669
-0.283486
0.70306
-0.3182
-0.00999358
-10.0039
-0.559064
-0.979764
-21.6319
-1.23234
-5.17612
2.93037
9.36923
-2.72948
-1.20513
-0.732995
0.952168
-1.21744
12.1862
-0.857207
1.11871
1.45479
1.67991
-0.334795
0.70836
-0.0498813
5.74953
0.133555
-1.53798
-0.0687273
2.36727
0.811934
-0.500726
0.173212
16.3211
-0.585578
0.585716
1.13804
2.39129
-0.933963
0.809632
0.725558
-5.35401
1.74598
-6.04708
-0.889988
-0.54949
-3.95768
1.54094
0.777365
1.28534
1.13781
0.118551
1.37272
-1.32799
42.0908
-0.370921
-1.85828
3.18051
-0.451639
1.68864
-4.46267
-2.13823
0.381076
-4.50036
-0.114828
-0.0925576
-1.94725
0.836729
-1.76069
-0.406015
-0.483065
-0.671409
-3.73592
-1.65242
0.314117
-0.512996
-0.664521
3.61184
-7.66153
0.592463
0.377248
0.168881
1.03299
-0.375302
-2.44914
-0.28619
0.951605
-2.92401
0.46085
1.63098
-3.9126
-1.32266
0.894124
0.198431
-8.2953
0.800784
-0.151042
-10.1385
-7.25281
-4.62025
3.92703
2.72156
-0.133303
1.48062
-0.0311353
-1.71542
-2.36474
-1.76866
-0.0223143
-0.195853
0.483645
0.514183
1.3774
0.23109
1.26474
-71.28
0.604773
-0.153518
13.8372
-0.950728
-0.497774
-0.945671
1.57966
0.136564
-1.018
-0.0380046
-1.05077
0.469805
2.94449
-3.06796
0.559894
0.264765
-0.479762
-0.676101
-0.11928
-1.45825
1.88013
-0.191164
-0.678718
-0.799158
0.278021
-1.4621
1.74122
3.05277
0.495909
-0.81352
-1.68863
0.0254098
-1.07495
-0.920414
0.0674815
0.0779454
0.247302
-0.164008
15.3513
0.558192
1.31101
-0.678813
-0.502446
0.888685
0.407192
2.03563
1.80555
1.68542
1.73166
1.82098
0.0769485
-3.37911
0.316824
2.03207
0.289518
2.1581
0.798396
0.151955
2.14638
0.117084
-1.2921
-6.15414
-0.0462844
0.22803
1.99246
-2.20821
23.2167
1.04164
1.68576
1.06619
0.223226
-0.276484
4.9388
0.131466
0.0650657
-1.64954
-0.8162
0.622034
-1.1821
-2.22978
0.48151
-0.0516256
2.48559
-0.175358
-55.7969
-33.9814
0.818195
-0.364534
-0.168135
-0.519626
0.46497
0.0581543
-1.15501
0.281081
1.46126
0.428771
-0.309351
1.27971
-0.500301
0.67586
0.14802
-0.62742
0.39579
1.13135
-0.714522
-0.809226
1.13224
-1.12776
-0.279663
1.58034
-0.852072
-2.50364
-5.2023
-0.724249
-1.85796
0.924996
0.703227
0.757812
0.834056
1.436
0.0510037
-0.127659
2.30627
1.6856
-0.0918479
1.48991
1.02044
2.32625
0.602575
-1.55583
17.9907
0.131948
12.8881
0.0449832
24.2054
-0.362618
-1.09172
-0.00525512
-2.66285
-1.76057
-63.8397
-2.51632
8.10999
0.625431
-0.12176
0.892609
2.22741
0.16069
3.81729
-1.72749
-1.99523
0.00473665
-42.4027
-0.697629
0.0321383
-0.327111
0.46086
-1.28254
0.525749
4.45495
1.28075
-0.798287
-0.461599
-2.07841
1.53342
0.233559
-1.78651
-1.4191
-2.0058
0.240174
-0.687923
-2.45795
-0.45052
0.958397
17.8336
-9.10507
-0.797305
-0.661422
-11.8636
-0.832893
-0.0435623
0.257549
-0.196833
-0.630885
0.0980496
-0.653081
-0.0528963
0.237978
1.16536
-1.55088
-1.10944
-0.208758
-0.409011
-0.296932
0.244594
3.04701
3.66568
9.46058
3.37781
-1.24997
3.91066
-1.41031
5.4736
-1.15705
-0.515009
0.316037
1.32609
-9.80048
-2.03066
-2.26015
-0.487718
-3.79564
1.26925
-1.01233
0.910033
-2.24113
0.167803
4.79152
-3.38969
-0.205522
-0.667336
1.2487
2.41158
5.97048
1.36626
1.56703
14.7494
-1.39338
-2.28406
0.11661
1.00864
0.292071
-0.643766
-3.99056
-0.173439
2.77141
-0.179781
-1.11586
7.49792
0.339228
-1.18006
1.10887
-0.7494
-0.915831
7.62331
0.651663
0.209102
1.99551
-0.0778766
1.23135
-28.7939
-1.16012
-0.10055
-0.461705
-0.216701
-148.15
-0.385909
-0.110086
-4.5045
19.6464
0.739119
1.24053
-12.3265
3.42405
-5.51701
-0.0544327
0.039525
0.348932
1.70449
-1.96545
0.114334
-20.52
-2.95391
-8.15332
0.979726
-0.25668
-1.0322
-0.626622
2.15002
-2.61349
1.97634
2.03737
-1.99641
-0.743557
0.138979
-0.0375018
-0.774695
-0.270491
-0.706538
-0.468403
380.78
-0.0471193
-0.225807
-10.2803
-1.49182
-0.799848
-1.02982
11.2483
1.92463
-0.310679
-0.255054
-0.183596
0.744347
2051.55
5.22393
-2.05781
-0.34344
7.04482
-0.141444
0.854379
1.30924
0.317559
1.45497
-3.3258
3.35221
2.57382
-5.75309
-0.474385
0.126303
0.0393608
0.615761
-0.852669
0.560496
0.55888
13.8482
0.233731
-0.576366
4.15001
-2.58843
-0.876786
0.210821
1.44304
2.27373
0.25852
0.764091
0.576415
-1.59774
5.16238
-0.897766
5.92547
2.41801
-0.0805113
3.98393
2.82917
1.04096
1.64471
-0.934149
-0.402209
-0.780494
1.75419
-9.94898
-1.47907
2.01041
-0.276636
-0.421673
0.546778
0.289843
-0.690711
-6.9911
2.78502
1.22185
1.20615
-8.10472
-0.22513
0.224969
-1.66622
0.998567
0.602151
-3.32294
0.66651
4.4924
-2.48835
-12.2715
-0.54501
-0.282567
-1.03781
0.691769
-6.83146
-2.1015
9.14957
-0.422093
0.263693
-0.223727
-4.18869
-2.04097
0.412425
1.87828
0.87566
9.33115
2.3137
0.620784
0.346973
0.550218
-5.26764
-0.406741
0.1865
14.297
-0.428878
0.366024
-4.48407
-0.727107
2.30485
3.28012
-0.184473
0.10133
15.3142
0.00629182
1.03717
-1.67357
-0.588659
2.16282
60.7848
0.407445
0.339323
-6.90333
-1.02815
57.6092
0.244528
0.278732
0.00160074
-4.10478
-0.542569
-6.02173
-7.5602
-2.69213
1.3498
-2.85284
0.0184752
-1.15019
-0.0427434
-1.48467
0.78767
-0.0827768
-13.9634
0.46612
-0.0385158
2.80111
-1.1578
-28.1394
-1.18629
-0.105922
1.70629
0.849881
-1.10464
-0.396868
3.97488
0.105912
0.0381996
-2.21081
-0.381066
0.757791
-3.05268
4.65392
1.34215
-0.345054
-1.21619
0.269533
-1.07657
153.917
-1.04864
-0.629069
-1.14756
0.349064
-1.34434
-26.2071
-0.416836
0.479484
-0.254349
1.12464
0.36535
0.321704
0.803365
0.603491
0.797226
1.88216
-1.75498
-0.806769
-10.5809
0.0205324
-1.26218
-2.52334
-0.0284119
0.488125
3.76843
-0.385555
-0.316934
15.6449
0.61558
-0.954975
-1.31044
1.89103
37.8264
-73.6934
0.45409
0.609148
-0.998734
26.1436
2.06234
-1.18438
-0.921118
-0.879987
0.00619068
1.87551
0.697751
-23.3472
-0.702096
-6.26198
-1.16852
-1.53782
0.762035
-0.551655
0.0518313
-0.734358
1.39671
-3.71532
0.514292
1.29532
-3.30796
0.665385
-0.503332
-0.530446
151.396
1.46618
2.96012
1.06873
5.75671
1.6649
0.0308578
2.31869
-0.417681
-0.30506
4.24193
-0.563706
-1.97984
0.325364
139.754
-0.962962
-4.45181
24.0274
0.11721
1.23959
-4.0214
1.40043
0.189115
-5.01883
4.03754
-0.583274
0.888266
-0.484394
-5.30769
0.824719
-1.86317
11.3895
1.23802
-0.232238
-0.397879
-0.281174
1.07142
-0.264507
-115.203
1.31665
-1.33797
0.536655
-5.72215
17.598
-0.765462
-3.47001
-1.28806
-0.0866602
-0.801452
-42.4646
-1.86511
-1.08547
-0.750093
0.421552
0.341014
2.25348
2.43877
-0.697342
-0.024522
-9.18606
-0.659439
0.0713697
-17.8559
24.8934
0.00131153
19.0148
-0.272781
-0.179984
14.0745
32.1224
1.31199
-0.0845786
1.37632
-0.148566
0.583784
17.7436
-8.1858
2.03078
34.9641
0.00183401
-3.65375
-0.419078
57.2233
0.173148
-1.75066
-3.17917
0.945524
1.74805
0.147327
-0.232883
0.165995
5.10606
0.421096
-0.0292996
-10.6697
0.405641
-0.391703
14.5764
0.100236
1.41043
0.0310919
-0.830793
0.774158
0.0387679
1.88344
-1.69581
1.05354
0.814349
-0.145264
2.12639
13.9272
1.13354
-0.56518
-0.462425
0.874147
-1.90374
-1.30823
0.853902
40.566
0.235619
-2.64753
-0.295571
1.9414
0.0704265
2.1151
-1.92936
-2.03636
-19.9622
46.3288
2.31644
-0.765892
-1.8003
0.0284931
0.991209
0.119783
-9.19168
3.84734
-0.46432
-0.928269
-0.547834
1.1334
-2.179
4.44865
0.284847
-0.597091
11.4338
38.7279
0.35936
-50.0387
18.2686
-0.525396
-0.885262
-7.82165
-1.74746
0.793472
-1.30281
0.2968
0.739929
-0.866228
0.520702
-0.324109
0.380814
-2176.24
-3.85344
-8.62558
0.26802
-0.0184266
-10.5697
-0.361879
3.54826
-0.722228
0.0634551
-0.282423
-1.48685
2.30986
0.684059
0.222368
1.96495
-1.24995
-0.729304
-1.40013
3.46807
0.393989
1.23625
-0.94172
-0.478202
-6.8224
-0.0829127
7.54037
-1.55232
-0.937915
1.31038
-0.36659
-1.43652
-0.630914
-23.0032
0.0246929
0.452509
-2.80292
0.434446
1.81084
-6.18796
0.616452
0.00385259
0.0505801
-1.12872
-1.40482
0.609377
0.973005
1.0906
0.847517
-0.553751
1.13048
0.00515347
0.89493
2.4256
-0.196554
-1.56645
-7.86438
0.756481
3.11139
1.74728
-0.306471
0.909144
0.00746393
-2.18121
-159.303
-1.14844
-0.10147
2.71139
-0.259764
-0.348575
9.11623
1.27466
1.58342
0.158866
1.22482
-0.525529
1.6002
0.539424
1.48687
0.443376
1.41319
1.12692
7.36174
-0.483545
5.59375
-1.55808
-0.340175
-0.256964
-1.08632
1.3321
-1.01535
-0.790059
2.09601
7.58428
-0.452511
-0.47192
0.857081
-0.465239
-3.29584
3.61923
0.0684968
-0.654141
0.991353
-0.334418
-0.14562
0.0886199
0.554009
-2.26514
0.831486
0.101162
-1.64144
0.862207
1.33501
-11.394
0.521746
-0.624216
0.100045
2.00777
-0.986446
-1.27703
1.82253
-2.09458
-1.44124
-1.01258
1.04444
-0.784087
1.61698
-0.461616
0.152361
-1.0004
0.95576
-1.79011
-0.353393
-0.823271
13.0851
5.15701
-1.25058
0.177385
-1.86795
1.68793
3.22023
11.1568
7.5077
-2.39599
-2.16079
0.824284
-2.57154
-2.19482
0.295629
-5.90987
127.986
-0.433356
-0.729247
-1.42455
0.831102
-0.802141
1.09918
-1.13581
2.74814
0.871828
-1.19591
-0.872912
1.23432
-0.285112
-0.446552
0.614111
2.36843
6.86917
1.26234
-1.47703
-2.94026
1.07801
0.386407
-1.87655
-22.0437
-0.3732
-2.16313
2.80106
-0.41695
-2.3518
0.072693
0.329787
0.350945
0.114932
-1.18019
0.978011
-0.268855
5.61622
-0.439145
-0.321542
0.352055
3.51888
0.165673
-1.73254
-0.561718
-2.04324
0.672073
0.306662
-2.48247
0.432952
-2.2293
0.404784
0.194127
2.55403
-1.43488
2.60741
-1.46346
-4.0008
-0.529762
1.01381
-3.29074
0.271751
86.7995
-0.519881
-0.00570806
0.325143
0.696988
-1.13731
1.26388
-0.400726
-2.37164
6.49068
4.32602
10.4259
4.53249
0.499071
6.56228
-3.32835
45.952
-1.93515
3.39681
0.543544
-0.0959632
-1.14839
1.18718
-7.60871
2.75267
2.26591
6.0189
0.379418
-3.46317
-1.40361
-1.57899
0.503134
1.86624
-0.153838
0.250686
0.516537
2.30309
2.65751
1.67321
-14.0135
13.8493
0.158887
-1.73325
0.653843
3.5755
4.62553
1.42908
1.23951
2.3637
-0.885328
0.501608
-0.598141
3.58435
0.45059
6.83833
0.599015
-0.433885
0.623647
1.34243
0.0625788
1.57451
2.24718
-0.987396
2.15945
0.256683
5.84102
1.47469
-1.32363
0.274892
-3.67365
8.3812
0.51913
-2.14446
0.552083
-8.9976
-0.339896
-0.285554
0.285426
2.11502
-0.0256841
1.93039
-2.44083
0.070574
0.0639554
0.726265
-4.19031
-1.32766
-0.479904
-0.736178
-1.79598
-0.261686
11.2815
-2.97048
-0.993387
-3.7352
50.857
-53.2939
-17.2214
-0.16162
-2.55301
-0.426364
1.14932
-3.29488
-1.08318
1.75219
-0.571351
-1.75658
-0.149585
-0.39227
-0.748382
0.70533
-5.07492
1.17802
-0.132658
-2.23345
-0.518149
1.13286
-2.77391
1.00683
-0.225055
-0.43347
0.367412
-0.749291
-0.84637
-0.162511
-0.7682
-1.61624
-0.618919
-0.371741
-0.000858003
-0.258369
3.29448
0.546342
0.122746
-4.21853
-0.183442
18.4606
0.110181
-0.565637
1.15298
2.99607
0.15771
1.81289
1.58948
-4.72031
0.175017
-4.30023
-7.08239
0.694189
-0.509341
-0.936343
1.37214
-0.573735
0.378796
2.62644
-1.19178
-183.477
-0.986896
-2.06103
0.697404
-0.724828
-0.256488
-0.24975
-1.26213
-35.3264
9.14124
0.539873
1.89273
1.55096
-1.25152
0.734466
0.833281
-0.730697
-1.04751
-0.192897
0.0790761
-1.06489
-0.244878
-0.617381
-0.445581
0.789301
1.83373
0.269535
0.0666271
-1.12919
0.795407
-0.809794
0.313884
2.07972
0.302644
-0.62822
-7.14083
-0.994152
0.110558
2.6671
-0.293332
2.56486
0.0624887
5.20951
-1.5281
-0.0686251
-7.16356
-2.41012
1.30356
0.320351
-0.557343
-4.16124
-0.634388
0.0292152
2.77223
-0.985048
-0.190729
-0.498484
0.241693
-0.0947316
0.34369
-0.02289
-1.62526
-0.866569
0.0783947
2.52739
-0.0819076
-8.35285
0.178604
-1.17729
-3.14493
0.612254
11.3697
2.61516
-1.84007
4.56316
0.294853
3.34651
0.243611
0.339967
0.458013
-0.0630805
-0.0156464
0.509993
2.53137
5.31168
-0.687641
1.18884
8.64424
0.86673
1.55088
1.20573
0.142062
1.17628
2.05331
0.69629
-0.0748982
2.26489
2.14049
0.869859
-0.521919
-3.07497
-0.318451
-0.430431
-16.9276
-1.62939
1.80143
-7.78363
-0.915161
-4.78698
0.181777
-0.50076
-67.2816
0.620785
0.235261
8.85748
-2.05021
-0.671333
1.25645
-2.46743
-0.232037
-0.180619
0.830812
0.423888
0.818447
0.702501
-1.86906
2.1417
-5.87331
-0.0888943
3.82983
-1.33758
0.0274183
-27.3601
0.0362009
0.00375491
0.915412
-4.83439
-7.70993
-3.87059
-0.0677582
0.132002
-0.37323
3.42799
-0.697517
-2.12
0.1281
0.322542
-0.540042
1.36924
0.905582
-0.39797
-0.500856
3.17065
3.0805
0.0992862
2.39837
-1.11357
-0.544918
-1.33039
-0.103211
-0.397667
-1.73489
-1.8764
0.599767
0.568482
0.580993
-1.18922
-0.317766
-4.25525
0.393655
0.155999
-1.09903
0.134895
0.0545499
-1.25592
0.191613
-0.21156
0.586771
0.56753
0.567964
0.549862
1.64038
1.5053
0.09514
0.0113537
-1.95039
-0.744736
4.37547
-16.933
-3.57103
1.5664
-0.621747
-2.1885
0.0861827
-0.758926
0.191076
1.11765
-0.753079
-2.02974
-0.736282
0.0990624
-3.90912
-3.77018
-2.59572
0.880582
0.155096
0.42157
2.71728
-10.2192
0.157556
-0.115885
-0.143121
0.208676
-5.00167
-10.2875
0.981475
0.259377
-0.838127
-1.05892
-0.00932014
0.429268
-0.964256
-0.625719
0.190103
-1.39424
0.636305
3.55612
-1.04795
-2.94026
-0.662734
0.925862
-83.3592
4.77409
2.93875
0.0738174
0.513887
1.98304
-0.317181
1.73105
-0.387351
4.52077
-7.2556
-8.38965
-0.663684
0.460498
0.890148
-0.589706
-2.42291
-0.98569
-1.00068
0.0823766
-0.108597
6.1673
0.139733
-0.0670825
1.5537
5.99664
1.78932
1.14715
0.415285
0.570424
-3.75771
-0.588243
-0.836559
-1.2631
0.10634
0.748055
1.74057
0.895675
-0.333428
-0.595391
1.74188
2.21376
-3.35746
-1.25903
2.0479
-0.373667
-0.687808
-0.0923128
3.38422
-0.42821
-1.03034
1.32458
-0.556306
-0.0300767
-2.60143
-0.857614
2.12734
-0.574118
1.23135
-2.31413
2.91698
-5.00604
-5.38252
3.78681
-0.946096
-5.95913
-0.412662
-2.06848
-0.45635
-3.35313
-1.02995
0.284556
-1.27452
1.95757
6.16522
-0.344975
0.647826
-1.63135
0.0977597
-2.93118
-2.86262
-0.429652
-7.40951
-0.81744
-3.13069
-2.96188
-0.624754
-0.0248357
3.32224
1.1911
-5.22637
0.0597807
2.63355
-2.95406
5.1257
-2.40423
1.29448
-2.25541
0.646802
-0.365513
-0.1715
-7.22085
0.326372
-6.38659
-0.950357
-1.91825
-1.45056
-8.52874
-6.99313
-3.34728
-0.66666
-0.675581
-12.8562
1.87277
-0.144309
-23.9591
969.317
0.793743
-1.07529
-0.356242
-6.89111
-6.36558
-1.52705
-1.31155
-3.6027
0.983692
-7.75972
-2.99693
0.0225323
0.0543334
-0.494865
0.346743
-0.206915
7.67012
-2.38383
-2.06995
1.51408
0.689233
-0.561989
-11.5804
1.57518
0.754682
1.23455
-1.18689
0.553339
-2.8315
-3.27991
1.1942
4.95375
-1.29738
0.233942
47.981
-4.349
-0.746373
-1.09218
-0.148795
3.24435
1.1724
-12.8659
-1.05494
8.23224
5.42988
-1.14511
-1.94713
0.215329
1.19584
-0.968236
1.26601
1.9962
-15.5325
1.33508
-2.026
0.396349
-1.02682
-1.12381
-1.27492
-0.215787
0.0958808
-0.814821
1.52767
1.60555
-0.213761
1.18025
2.70063
1.41585
-1.37358
6.39559
2.26581
3.55679
-8.85232
0.0440333
0.873889
-0.134057
0.122698
0.724805
7.70378
-0.979931
-0.153136
0.421687
0.275825
0.513054
-0.803294
0.593508
3.19142
-9.32263
0.510821
12.3038
-0.611219
0.832267
-1.04927
0.0513214
1.00494
1.1419
1.11518
-1.32857
-1.24743
-0.959727
0.750373
-0.866074
0.396157
-3.69165
2.86978
0.426682
0.230378
-9.26432
-0.365956
-0.510803
0.0686351
0.298636
1.52412
-1.32331
-14.7629
-0.24119
-0.225555
0.657013
3.63672
-1.60216
-0.74431
-8.89782
5.58337
-1.78751
0.0104676
1.43896
-2.71167
1.80435
-0.160048
-0.454072
-0.826233
2.20364
3.52564
-1.21946
-0.382039
-0.36366
0.135021
1.11656
4.23992
-2.28687
-1.26096
1.19206
4.80512
-0.812132
0.523299
-2.78987
0.1581
0.601761
-2.22878
24.1229
4.6124
1.19825
-0.538208
-0.52498
0.706252
0.195258
0.910766
0.383326
1.748
-0.289364
2.04241
-2.91435
-0.850368
-10.8703
5.14121
0.34049
-0.678609
1.1189
-51.0535
5.96754
-0.559811
-0.894283
-1.10944
0.341647
-1.79209
-0.108537
8.69246
-1.06296
9.04152
2.27063
-15.2713
3.91527
0.386183
1.82491
0.346873
0.754599
-0.621873
-1.54756
-2.40491
-1.0452
1.27179
0.796829
0.248319
-0.401405
0.890576
0.67019
-0.411161
-0.750097
0.315975
0.348077
0.509949
-0.541057
5.31165
0.609753
-2.81331
-0.0110786
-3.70659
-0.96773
-2.8846
0.450758
3.75075
1.05005
-3.97599
-0.940841
-0.484536
2.13373
0.0225572
-2.68879
-0.1025
-2.04126
-1.34507
0.739192
2.08091
-0.202723
-6.74019
0.679667
-0.258342
-0.119309
1.33856
0.705091
0.0611108
0.377209
74.8907
0.752347
-2.14701
-1.26476
-0.170881
-2.35483
-3.14631
-3.96217
-1.31096
0.399518
3.28786
0.439757
-1.55152
0.757631
-0.204083
2.26404
-0.506547
1.75519
1.22144
0.905941
-0.441456
-1.20934
-0.867802
-0.298809
0.350905
7.20652
-0.211327
-0.569908
-0.461338
0.0627957
0.483624
-1.58878
-0.822632
-4.62742
-1.20927
0.512578
0.640024
-20.1377
-0.323255
-10.992
-1.60429
0.525681
-0.770406
-1.32556
-0.270217
-6.72934
0.356725
-0.223702
0.387253
-2.61188
-1.45617
1.10339
0.761016
-4.66139
-2.46516
-0.424798
2.33405
1.05783
0.296312
-2.74239
-0.769433
-9.68287
0.473107
-5.46613
0.138914
1.02586
-1.01121
0.659009
-15.1241
10.5439
0.0697025
-0.217912
1.73214
-0.794462
-0.0769413
-2.37241
-0.453917
-2.23554
-4.34525
-2.36668
0.227944
1.32495
0.278533
0.296714
-1.41106
0.211711
0.787605
-0.403786
0.154703
0.302804
1.08525
-1.64065
-0.102884
0.777462
-11.8055
-0.999324
0.825342
0.256138
0.623886
0.464701
-4.37626
-0.931796
-12.8809
0.449568
0.269385
0.293114
-0.0615234
-1.16693
-1.29206
0.00548737
-0.352099
-0.382504
0.544042
-0.627589
1.60822
0.615848
0.921432
2.40996
5.20866
0.121438
-0.106827
0.683246
-0.702938
-1.41923
-1.28065
-1.58422
0.259933
0.489738
0.256991
-1.38576
-0.0303228
-5.65862
5.72582
1.10963
0.435286
-21.7495
-0.531903
-0.0317916
-0.248114
1.65582
0.531339
-0.381483
1.28795
-0.883193
0.339415
-5.41027
-2.76019
-1.08034
-0.8557
-0.295275
5.34362
-0.0619739
1.37166
8.61675
1.57935
1.00509
0.0132436
-0.63183
5.40983
1.33698
-0.14929
-1.83511
9.60541
5.91675
-4.51897
-0.33084
-0.306469
1.76016
3.20922
-1.74446
-1.05906
-0.706586
34.8112
1.01375
0.165801
0.593016
0.88439
0.253966
-1.43229
-5.28075
-1.99
0.67091
1.06218
0.581265
-0.992406
1.06393
-10.378
1.02173
-0.563173
-0.508742
1.82552
-1.1787
-0.764388
-0.111212
0.724554
-0.11881
3.40351
-0.24946
0.909981
-1.1241
0.80479
-2.3308
-0.604621
0.108583
-1.19151
0.42476
-3.17969
0.0679825
-0.167656
0.271693
13.3165
0.0437751
2.90153
-0.375947
0.0692354
0.71402
0.475772
0.298137
1.08355
-2.30112
2.20781
1.27642
-0.972423
2.71486
0.211368
-4.90203
3.13849
-0.730593
-0.00845724
0.125037
-3.30687
-0.944282
-0.439287
-1.82327
-0.403186
-1.93803
-49.4602
9.53599
-1.1316
-3.46564
1.9868
4.83253
1.50147
2.22203
-4.04429
-0.179631
0.550606
0.359958
7.5774
-0.216757
-1.06388
-1.11317
-0.102223
-82.7104
0.342596
2.12475
2.01118
-6.41171
40.5003
1.65208
1.70404
-2.10801
0.489476
-0.39692
0.398488
0.82704
-0.493201
-5.1136
0.279796
-0.476965
2.64136
5.40336
12.6782
0.923796
17.7734
-1.00849
-17.4083
1.57245
-0.27044
-0.35197
1.56923
10.798
3.69023
-2.78633
-0.95927
-0.476553
-2.62852
-1.65801
-1.9772
-0.207982
-1.68405
-0.444918
0.532985
-0.000789915
3.30695
-1.21357
1.37845
-0.911521
-5.63154
20.2111
0.0699661
-4.18324
0.266772
0.45036
142.54
4.33686
-0.331549
-0.317779
3.19413
1.42548
0.0860674
0.46331
-1.24513
-0.818614
-1.06362
0.267492
-0.770105
-1.67243
5.36994
-4.61112
5.69083
3.15177
-2.37344
-0.378152
-3.0136
0.532818
0.190756
6.94747
-0.949571
-1.95845
-1.22433
0.337404
-0.165223
-13.9965
10.1678
10.6766
3.9584
-0.774455
-0.203003
-3.01465
0.386052
0.970776
-1.52397
-0.701026
0.727391
0.468857
9.2093
-0.86362
-26.471
0.0342606
-0.816996
-0.199456
-1.34734
4.13244
-0.665081
20.1796
0.366018
2.10539
1.63665
-1.88072
0.935217
0.245635
0.574912
0.522002
-1.50259
5.51381
-0.600011
0.633121
-6.47755
3.55031
-1.29338
0.274162
-0.771679
-0.865259
0.869598
1.78571
1.53408
-0.387186
7.54914
8.56522
0.428624
1.03499
0.192899
0.289506
0.638616
7.76782
-2.93786
2.01076
-1.55017
-0.0396386
0.214126
1.08848
-1.25649
-0.70789
2.464
0.475745
-2.39141
-0.823
2.31762
-2.61058
4812.14
100.499
1.04589
4.16812
-1.23836
0.347008
1.58696
1.03159
0.370609
-2.71285
-11.4978
-1.01617
2.02779
1.54894
0.560057
0.787254
0.0735086
-1.06275
-0.622942
-0.170011
0.298013
-1.47019
1.29351
5.18021
7.64256
0.248963
-1.35489
-0.125868
1.4422
0.0776914
-2.07947
0.695723
-0.696376
0.557096
-0.530515
3.61533
-0.874703
40.4721
1.56395
-0.223399
0.260387
-0.495249
0.404309
-0.300306
0.623795
-1.20631
-6.05075
-0.662109
2.97253
-0.235181
-1.07718
-0.475106
2.93082
0.783144
0.793978
14.1201
0.246116
-0.430923
-0.910382
1.02936
-7.9976
0.317619
1.48045
0.511375
-2.4105
6.8736
-0.677772
0.0418221
-0.570552
1.25578
-0.094507
0.223153
0.688061
0.704554
-15.8897
-2.28773
0.462228
-2.52301
-1.13877
1.61171
0.689578
1.65312
-0.699886
-0.559775
1.65332
0.656099
-0.0124071
1.793
0.253504
-0.519456
-1.39447
0.740593
-0.0704734
-1.31847
0.234235
-1.56169
0.597773
6.23942
0.75339
0.874823
-0.93776
-0.249677
-1.81238
0.477702
-55.886
0.658744
-1.34365
0.932788
1.53373
7.90643
1.35212
-2.42281
4.12669
-0.485639
6.4373
1.68489
-1.34686
-6.15017
-114.111
-14.3427
-1.09468
-1.29928
-146.529
0.713094
4.76903
-3.56456
0.363786
-0.249413
0.509579
0.356707
17.2362
-2.1463
-2.77325
3.40174
0.554549
1.64019
0.259753
16.5064
2.22281
0.234466
0.104451
1.23148
-35.0498
-0.307726
0.690105
-0.961714
-0.0731364
-0.411945
-0.172737
3.87309
1.65049
0.250014
-1.77476
-1.89594
0.0452596
-22.2558
-20.5158
3.51525
5.49353
-1.16144
-1.26702
1.43167
-8.87428
-0.611557
3.0689
0.860465
-3.8668
-3.95349
-0.420014
0.931699
0.456735
1.22832
0.25959
-0.3179
0.153756
0.943816
-1.24063
-7.73116
-0.861385
0.999541
0.531522
-0.0834769
0.205685
-0.436109
-5.47035
0.131624
1.01725
4.26494
3.1922
9.49019
0.380154
2.78249
-2.25454
2.91711
-2.15017
-0.520633
-6.27843
-2.69297
5.21329
-0.0574236
17.0429
0.412574
-2.06482
-6.69525
-0.049948
-0.312956
0.691985
-4.14953
1.76392
1.33969
-0.224529
-0.448556
0.692614
-0.11239
0.186975
1.28585
-2.04941
0.513209
-0.593708
-1.65411
0.991527
0.517019
3.86783
-0.430627
1.15472
0.409067
2.14597
-0.411867
-1.78296
15.5831
5.38585
0.363914
-3.00895
-4.15542
-1.76263
-1.37623
0.29922
-0.637273
0.520888
-2.7487
2.36092
0.0428468
-0.318104
-1.9598
-0.212104
-0.55288
-15.425
-0.23202
-1.27579
0.167827
-2.42009
1.14769
-3.79889
-2.47262
-2.36065
-0.0264586
0.288697
-0.286158
-1.18376
226.44
-0.620756
-0.480415
1.02356
-5.31857
0.857559
0.795707
-1.1522
-0.557297
-2.55872
-1.38275
6.18468
-1.26547
-1.68053
0.746077
-1.0671
-0.0515433
1.07485
8.06783
-0.707363
-0.888078
4.48524
4.65296
-2.10431
-0.202357
-1.55879
0.903431
2.97528
-1.11653
2.39615
3.44326
-4.98284
10.0205
6.77557
-0.701468
0.481387
-1.126
-4.64307
-0.627131
-0.178963
0.854408
9.07929
0.256453
-0.664238
1.38818
-0.8564
0.706363
0.864314
-3.17614
-3.76883
0.206857
-0.482496
1.24114
-3.96174
1.01427
2.47381
2.98019
-0.874809
2.02729
-0.17911
0.461663
-8.16103
-2.61338
-1.43803
-20.948
1.89618
1.86617
1.2775
-128.347
0.695372
0.195966
-1.3446
1.48108
0.3879
-0.491288
14.897
-0.345877
-0.0826382
-7.59594
-0.184848
0.279461
-0.142477
4.0168
7.64984
0.311943
1.10287
-0.177994
-0.186959
-0.111523
9.50108
3.4369
17.3223
-0.0297592
-0.301396
6.9464
-11.7011
2.37149
-11.7133
-2.61227
2.03899
-0.572852
0.435505
-0.506938
0.398125
0.371522
4.63555
2.73105
-1.634
-1.29596
-2.04666
1.88409
-4.01246
1.18261
-1.07863
-0.205426
-0.318309
0.79323
-0.722047
2.67602
-5.36472
-0.0147629
0.0929648
12.7524
-1.22621
0.389363
-0.378298
-12.6225
-3.45235
-10.1264
-0.32937
1.59987
-0.613813
0.880415
0.564198
-14.2953
-0.531253
-0.072082
-0.0401802
-1.25179
1.95079
0.0617462
-3.2679
0.87426
-1.11551
-6.63181
0.244314
2.31551
52.8576
-0.482985
0.0909541
-3.34618
-3.4687
0.832233
1.39051
-4.23998
-0.207748
-1.0329
0.69423
-2.75002
-1.43528
-0.224685
-0.359561
-1.16701
-0.218272
-0.796908
-0.556447
-0.738439
0.434791
0.350753
-17.2849
0.285511
7.06638
-0.00421777
2.51208
-0.068636
0.525824
0.913899
-0.94913
-5.18274
9.55212
-0.493415
0.234706
-4.43375
0.185474
-0.635137
0.720219
0.589196
-0.990135
1.17287
-1.39292
1.68579
25.7746
1.78521
-2.63177
-1.11168
1.09659
0.456357
1.98287
0.65489
0.567251
-1.32927
-2.65088
-0.877269
-0.00824745
1.1481
-10.2071
-0.893809
1.12218
-1.05241
-0.376189
-9.98155
-0.594822
-0.952701
-0.0206506
0.304406
2.80449
0.339718
0.318402
-2.68231
0.0107194
-0.824223
-0.00966991
-0.62905
0.709075
0.237672
-0.840188
-55.1258
-0.46207
-6.69831
0.272747
-0.621487
-0.0461051
-0.322873
0.668547
0.672918
1.70467
0.240958
0.350027
-0.661843
-0.233626
-1.58949
0.112502
-0.437437
-38.3149
40.744
-1.75153
-0.21091
0.384899
0.561394
-0.559702
-0.638989
2.31518
1.20912
-0.144976
-44.4539
-3.06223
-1.46978
0.773864
7.18517
-2.52662
1.9564
0.880604
2.24566
-19.6582
-1.1439
-0.639121
-0.881753
3.011
-3.25961
-0.295033
-2.00306
0.738493
-2.88186
-0.40572
-0.199598
-1.80653
0.984814
-9.73642
3.03545
-1.78832
0.28507
4.01524
2.20331
-1.32798
0.24476
1.01629
0.809831
-5.06147
-0.201512
-1.06201
-0.544501
2.25513
1.1714
-1.34702
6.26896
-0.288052
0.637661
9.2041
-1.02219
-0.505078
-1.44711
0.379587
1.93809
-3.40168
0.928152
0.353149
-1.22634
-4.74456
-2.03709
-0.720513
1.30921
-12.1408
-1.14791
1.95565
12.5559
-0.697753
0.706118
43.7029
-9.66549
-0.168588
2.43588
0.322157
-1.10015
0.596324
-0.36038
5.41695
-5.5245
1.08985
0.0070866
5.86117
0.567748
0.059099
0.719145
-0.543586
-2.94804
-0.685093
-2.28277
-1.26041
-0.625108
2.44692
2.17071
-1.22452
2.45653
-0.259442
-0.401172
-0.474673
1.73231
-0.288665
-5.99039
-0.425151
1.41498
-0.423673
-0.264725
0.666621
-0.102061
-0.603912
-0.000574499
0.0687223
-2.13065
-0.0317343
1.44523
0.789442
-1.49612
2.14517
0.48562
-0.144371
-0.824987
-0.131208
-3.96475
0.425323
2.51254
-0.819965
0.323653
-0.630148
-4.45753
-0.145604
0.477475
-4.16458
1.58602
-1.71148
1.14759
-1.31533
3.22757
2.87242
-5.89828
-2.58989
-2.53312
-1.24737
1.23612
0.18143
0.0979221
-1.00061
-0.148857
0.287626
0.732212
1.73588
-0.30534
0.768111
0.26917
-0.150367
0.687733
-0.333724
0.952192
0.250119
-4.40491
-0.0529055
0.258895
1.25065
0.212395
0.0142543
-2.90772
-0.00605144
0.834311
-0.507409
0.741998
-1.10176
0.640447
-0.0801656
-1.93544
-1.06256
14.4569
-2.1965
1.82257
4.84876
-0.480488
0.516184
86.5192
0.55366
-1.18469
7.2395
2.14432
-0.311089
0.410605
-0.698066
0.297103
-0.419564
4.05564
6.53511
-2.70869
-0.207792
0.0672283
-0.920442
0.255696
1.2774
0.55172
-1.96994
8.86427
-0.561216
0.325398
-1.65877
1.26549
0.596592
-0.107861
0.180076
-0.525561
-0.608931
-1.06455
-15.2372
-0.174042
0.0759048
17.5455
0.267904
-12.8853
-0.157819
0.70714
2.68492
-0.468718
-1.02888
-1.82741
1.03422
-0.249849
5.62419
1.81192
0.533949
-1.70178
-0.682889
0.461885
0.150418
1.7649
2.80286
0.598407
1.4466
-0.419031
-2.49647
-7.63318
-2.31724
0.202042
1.28301
-1.54829
75.2233
2.43511
-0.590966
0.74743
0.457648
-0.229335
0.257392
-2.03581
-33.0297
-0.918472
0.848835
0.118597
11.6324
-2.72853
-1.15333
5.16029
0.707374
1.44728
-0.999694
0.0260253
-3.31163
0.223939
-3.79488
0.651047
-0.906923
4.0175
0.639253
17.531
-0.497115
0.852513
-0.227707
1.73343
-0.187557
-4.38004
0.139617
0.220655
2.81423
6.67058
0.193897
-0.83465
4.52326
-5.36874
5.96549
-0.728058
7.68832
-0.507006
-0.0571406
3.94259
-4.04847
116.207
3.16831
4.44127
0.0306703
-1.10364
-0.40833
-3.147
2.66908
0.0233396
-0.898748
1.31877
-0.550059
0.425595
-3.37739
-1.61024
-52.0106
-0.415167
-0.20707
-0.597485
-2.77581
-0.68228
0.0616143
-13.0511
-1.25136
-0.13769
-12.5656
0.30115
0.737573
0.0798934
0.9052
-0.0381362
-0.0149657
1.60299
-2.34019
-1.95783
-0.133769
13.4799
-1.29124
0.706179
-0.501327
4.50676
1.02338
0.158422
0.432592
0.764123
0.413474
2.7602
-0.518253
0.624228
0.0896274
0.595
1.66866
-1.31281
-0.148519
-4.4433
-5.19823
-0.218313
-1.19235
-15.4738
-0.254803
-0.584904
-0.399878
0.907716
-2.4297
-0.152502
0.567629
-0.143378
-0.785174
-4.0922
1.83361
0.755969
-0.188909
-1.83889
1.64864
0.283388
0.99732
-0.455036
2.03892
3.05338
-5.93252
-1.44139
0.265521
1.08038
-1.29012
-1.76703
-4.31847
0.170546
-1.32132
0.81549
-1.46286
-10.0446
-18.6105
-12.4467
-0.506718
0.206962
-5.37795
2.4365
-10.8382
1.2952
1.34355
-0.460338
-1.76957
0.502043
0.187234
2.23289
-0.397454
5.4809
-0.36236
-2.27305
-0.595032
-1.53178
-0.271946
7.99992
0.187004
-0.446042
-0.132319
1.81343
-1.5276
2.04221
2.15104
-0.672538
1.40247
0.810416
1.02001
1.94035
-2.5062
-0.911035
-35.1593
-0.319535
-4.09378
10.615
0.870116
0.416239
0.136674
-10.4718
-0.384426
-0.125626
-1.1003
0.929872
0.511147
2.07086
0.21327
0.731713
-1.51693
1.8462
-1.39246
0.701333
0.135114
2.01489
-1.56081
1.26103
-0.523371
-2.37207
1.20475
2.16396
-0.806857
-6.51163
0.302473
0.379891
1.81339
-0.968426
0.460862
-1.25575
-1.9151
-0.227406
0.87823
0.219714
-2.49646
1.45868
-15.4589
-0.437846
-0.221446
-1.36272
14.9922
2.95097
1.2677
0.0252671
1.47113
2.60213
1.66259
-1.35667
-0.444711
-0.726374
0.120449
-0.285919
3.0469
-4.53327
4.00247
13.1636
-3.45918
0.0152829
-5.3938
17.7547
-2.53592
6.43357
2.56884
0.259368
-1.3587
-6.27108
-1.03211
-10.3415
1.59411
-0.761552
0.710722
0.122831
-0.313086
3.92094
4.7481
-3.666
-39.479
-2.91851
-0.203046
0.258952
40.5851
-0.326176
-1.40822
-2.89274
0.319723
-1.17257
-1.60075
-0.0118932
-1.08115
-2.02461
-1.14056
-1.55062
-0.898471
0.072559
-0.941019
-0.205581
-3.51573
0.797608
0.43973
-0.793759
0.984688
-5.20685
0.616485
-0.768424
-0.517923
0.244057
11.8364
-4.56103
-2.37858
5.36812
37.9614
-1.22793
8.08259
-1.81861
-0.32851
2.20353
-0.91827
-0.523239
0.204788
3.7968
-1.1271
-14.0485
6.26253
1.71213
-0.437041
2.91343
0.428383
-0.923186
1.7252
0.532156
0.0697057
-3.09616
0.19101
2.06517
-0.841433
-1.54882
0.0477912
1.59937
-0.828831
0.50947
0.5816
-5.28259
0.482265
0.235265
-0.981325
-0.34884
10.0178
-0.0501225
-3.88783
-2.08176
0.268225
0.895825
-1.49318
-0.467754
3.85683
-26.0984
0.028579
-4.68056
-0.637088
-0.150495
0.288281
0.151372
1.92005
0.764324
-6.02571
-1.65579
0.730043
-0.692767
9.19086
0.0447472
-2.89488
2.53032
0.934011
-1.82781
1.38915
2.22343
-2.48235
-1.70266
0.0311296
-3.14419
-0.34325
0.54379
-0.841951
-0.446628
0.0756139
-2.67267
0.573995
-0.621928
5.52617
-2.34566
0.473808
0.865066
-1.17969
-1.46627
0.231028
-4.3309
0.608123
-1.20239
-2.57365
0.211383
58.5694
-5.296
-3.31061
1.29408
3.95317
-0.709652
-1.03469
0.375561
0.464084
-0.201287
0.328897
0.13668
-0.175258
1.85663
-18.8821
7.40619
0.0028842
1.02667
1.38236
-1.66817
-0.891622
-0.695371
0.126134
-0.88649
0.0221448
0.710275
1.21018
-3.49656
-0.276756
-0.87217
-1.99539
-0.686924
-1.52062
0.1122
-0.231133
172.882
-0.219757
0.45559
-0.813026
1.41103
-1.41002
-0.20259
0.241478
3.15792
1.82739
1.20478
-0.119972
0.0844911
2.56225
4.63169
-1.80161
0.542276
2.55672
-1.27193
-1.93832
-1.9894
0.0121915
-1.68864
0.404996
0.124593
-1.48909
1.54785
1.56094
-2.35959
-5.94481
0.547638
1.75984
-0.493736
-1.67465
-0.116857
1.92394
-1.0797
-0.184983
0.199125
1.59491
0.414017
-0.557363
-6.72798
6.28101
-0.64443
2.28621
-1.25776
1.25309
-0.978738
1.64774
0.570329
-3.39368
-15.8335
3.07104
-1.63307
0.485032
1.27869
-0.83049
0.244031
5.92647
0.639155
3.95674
1.20942
1.47289
0.634125
-2.94025
-0.180779
-1.17047
0.820731
-10.3544
3.2947
2.04277
-1.51087
-1.17391
-0.277179
-2.02867
0.512792
-2.22709
-4.67746
-0.953812
-1.34893
-0.774894
8.18227
1.51807
-2.44224
7.01999
0.796499
-0.371674
-0.322663
2.56808
2.83623
2.03901
-1.50694
0.626429
0.0537826
0.553764
-0.935887
-0.268298
7.65447
-2.5233
0.672736
1.78307
-9.45725
-14.4891
3.04606
-0.556389
1.92256
-0.578391
0.511954
-0.342617
0.268335
-0.543968
-0.0736596
-0.904047
-1.9959
-0.265227
0.0739231
-4.60618
-1.78115
0.143389
-1.30036
-0.116141
0.510188
0.186038
2.47525
0.332962
1.10691
-0.534624
0.641103
0.081507
-3.00198
0.153255
-0.420556
-3.91745
0.335526
0.985438
3.43185
1.15971
-0.210941
0.624942
9.1628
1.04059
-0.278987
0.405124
0.042497
-0.529963
0.297291
0.751385
0.086848
-0.880424
0.0782081
0.319228
-1.13146
-2.62014
0.367916
-0.0738866
-1.30534
0.55134
-0.713747
4.56837
1.1804
-0.273527
-1.88663
-0.0914414
-7.58676
-0.569604
-2.04626
-0.300445
-34.8943
0.448949
0.110574
-0.901173
0.254355
4.26732
-0.108267
-0.91338
0.321776
-2.41229
0.815966
-0.477872
-0.575173
3.26673
-2.82293
-1.09728
-1.35535
-1.5072
2.95314
-0.259097
2.7449
1.11133
-3.45723
17.8841
-0.0823654
0.568542
6.56575
-0.147025
-0.609011
-16.5037
0.243717
-49.8307
-0.828989
0.0872145
0.579109
-0.085185
0.682665
-0.341856
0.870673
0.939842
0.745203
-62.6208
2.29394
-1.30327
-0.315359
3.67435
1.40825
2.16473
-0.267121
-4.82886
1.57034
0.570932
3.79075
1.32938
0.667773
0.0257019
0.12142
1.09126
-2.52363
-8.41952
-0.816802
0.163164
-0.0733259
-0.94895
4.34013
-1.64203
0.283013
-1.77357
2.69664
0.736383
-1.07994
3.78073
1.19995
-0.133187
3.45164
-0.0901927
0.357354
11.7903
1.96906
0.374639
-1.03748
-0.665636
2.40421
0.375719
-0.517635
4.06991
-0.128599
0.585307
0.1031
-6.63921
-27.0115
-0.597604
-0.298951
1.24309
4.74079
-1.17683
-0.251763
-0.984284
-3.99805
2.02329
-0.401001
-0.48225
1.02354
-0.100443
-0.179133
-0.465316
-0.136086
-0.0732106
7.39723
0.75849
0.966096
1.3968
-0.00411435
-0.611635
7.11675
0.0261727
-1.26304
62.9793
-0.295406
1.35828
0.895268
0.0259519
81.375
1.02975
14.6006
0.732918
1.04205
1.32342
-0.517601
0.215182
-5.34636
-0.133057
-4.39478
0.981637
-0.424625
-6.6679
0.379426
0.409891
-1.18254
0.193999
0.154152
0.882635
-0.771708
0.924704
-1.35056
-0.262644
0.212539
0.143201
5.87441
0.75977
-54.2285
1.28284
-15.024
4.06314
1.36626
-0.219431
8.27174
-5.1591
-28.1282
-5.67008
-28.0407
10.823
0.555083
-0.362403
10.101
-0.126354
-0.474703
0.454013
0.0738331
-1.02377
1.43768
13.5597
8.03153
0.895162
0.48616
-1.52113
1.22292
1.71073
0.66052
-0.795942
1.81821
-5.0166
1.9075
4.61145
-1.09239
-4.62577
10.5982
0.397607
-0.0808889
0.191014
-2.05734
-0.0783686
1.39297
-3.49632
-0.0304553
-0.154747
1.58766
-0.402063
-0.524072
0.638603
-2.94532
0.0715172
0.969965
-0.915247
1.1491
2.83898
-3.14276
-7.5805
-4.25833
-52.7721
-0.514633
-6.10052
0.495045
-0.297698
-2.70894
0.387955
26.4323
-1.31243
1.28601
-0.709821
0.392688
-0.0163635
-0.79717
-0.859399
1.26538
-1.51543
0.059174
-19.2906
-0.0492169
-3.13896
0.593511
2.02571
-0.0112824
0.127871
-0.977095
0.312751
-0.222779
1.31027
1.36278
0.252519
-1.50525
1.22745
4.0883
2.37006
0.604191
33.6631
0.0381679
0.268709
1.32358
-0.0843149
3.61691
-2.78627
0.429462
-4.66208
-0.86812
-12.6212
-0.501568
-6.8516
-0.0287151
41.4706
92.711
-11.7369
-3.61884
-0.800832
-5.70352
-0.244395
1.37709
3.45027
0.619706
0.104162
-6.01704
0.0456461
1.1728
0.155576
-1.00616
0.175965
-1.07045
0.89993
-2.52198
-4.1391
0.898128
0.585307
0.982031
-0.445005
6.93446
0.185203
1.63214
-0.184515
0.15021
-3.55936
0.51323
-0.0909528
3.07689
-3.64251
-10.0392
0.924287
-2.45365
-0.979815
4.44564
2.12211
-1.93123
-1.33897
-0.820229
-0.362472
0.263415
1.98716
0.0899815
1.19778
-0.562036
2.10286
3.82581
7.55776
-0.597848
1.66112
-10.4011
-2.52776
-2.54603
-1.94564
-4.74472
8.62895
-52.3557
1.465
0.0716225
-1.52793
-26.9883
2.69845
0.481949
0.103542
-0.501057
-8.64187
-0.0525301
0.224356
-0.28076
0.217793
7.94785
0.265234
2.96502
7.12703
-0.366122
-0.600188
-0.453726
-2.38725
0.733491
0.749711
-1.56502
-0.128058
-1.22354
-0.235327
-0.803568
-1.10705
-0.416323
-2.08869
-0.305601
0.953318
-0.856487
-0.315522
-3.16949
-0.507164
-0.862329
-2.72301
4.07247
-0.0120856
0.592984
-0.398491
-0.203071
-2.78207
11.2071
0.757924
-0.0424176
0.307948
-0.0897475
-1.39171
-0.570176
0.235074
-0.00519072
0.130984
-1.29778
-1.29223
-0.398611
11.9874
-2.59128
0.27661
-0.429377
0.585253
-1.17844
-2.30447
0.797658
-1.56186
-0.449359
0.968191
0.316763
2.95625
2.30714
-2.99875
-2.9015
0.299088
-0.758657
10.0989
0.237899
-1.02453
-1.01308
3.65643
-0.252602
0.0173545
-1.0094
-0.636609
-1.64755
0.293649
0.0470267
-42.2741
-0.226902
-2.30837
0.226448
-1.12062
-1.74069
-0.0403825
0.0943292
5.73557
1.60479
1.02904
-3.62415
-0.378966
-12.4121
-0.14666
1.44913
0.580131
1.61224
1.75127
-0.648298
0.382038
0.876836
10.0976
-0.495005
-5.39285
-1.224
0.650784
0.419397
-1.12694
11.8482
1.00605
4.66805
-0.526324
-0.578418
-3.84667
1.85875
608.433
1.61651
-4.31866
39.3669
-1.23598
-4.68493
-1.70362
-2.7262
-0.373186
-0.738983
1.05171
18.0525
-5.10358
0.0691923
-1.77774
1.44227
-0.505158
-1.54692
-1.63022
0.130272
-2.13758
0.341571
2.44082
-1.05408
2.28512
-0.395958
2.1074
-0.187772
-1.40908
-1.35612
-0.521562
3.64374
1.37807
-5.06599
0.0505278
0.592776
0.227688
-0.521274
0.336495
-3.8869
-0.628214
-1.3657
-1.20021
-0.68185
-1.61095
-0.481269
-0.215476
0.324144
0.705123
-1.50817
2.32668
2.10159
1.52052
1.91877
1.18415
5.2805
2.65815
-0.426951
0.126242
-1.59552
1.25371
0.130703
4.02246
-3.06823
14.8332
-2.18158
-2.01377
-1.05901
-0.344788
-8.23143
2.49706
0.587706
1.28803
0.895526
-1.00271
-0.66656
17.862
0.354896
-0.308399
-13.8444
-0.0937993
-5.63648
-3.18756
0.886111
1.75264
-0.479781
0.718506
-0.209806
0.429315
-2.43847
1.33159
-0.391835
1.20146
-0.200601
7.39022
1.39339
0.442524
1.72006
1.45845
-2.96441
0.746943
0.790864
2.52542
1.70048
4.24379
0.99704
0.0646065
1.90827
1.10176
1.86981
-2.60717
-0.255197
1.09302
-4.46823
3.88774
0.444001
-0.293348
-7.99713
-1.0939
7.0944
1.61621
-1.95217
2.09016
-0.368057
-1.50175
0.496481
0.391135
0.13912
-0.506785
0.611133
1.32751
203.354
-2.8796
0.842754
2.51923
0.378105
1.58126
14.0715
-1.68975
0.927189
7.94247
1.05091
2.26228
3.00423
3.71701
-0.618397
-3.93728
0.278784
0.359717
0.166579
0.948571
0.345616
-0.210764
-1.90036
-5.3212
0.0402541
-1.55424
-0.426727
-1.17748
1.01192
28.8085
4.75415
-8.11294
-7.00185
-0.478097
-0.382691
0.50539
11.3218
-0.12671
-2.26857
-0.163531
0.666609
-143.8
-0.662227
-1.4245
-6.27886
-17.462
-2.18722
0.860482
-1.65424
-1.00294
-3.12056
0.849517
0.907348
-2.47507
-0.0325318
1.93763
1.48013
-0.666271
-1.16524
0.892227
-0.381095
-0.394249
3.44952
-2.30111
1.05376
0.786921
0.918306
1.39621
-0.287167
0.123474
2.67728
-0.133215
-1.23432
-1.81725
0.707249
-5.85288
3.28376
-1.24398
0.824758
-2.61008
3.48333
-0.102805
0.49989
2.91897
-0.29207
-0.832451
-46.8864
0.375656
1.52311
0.3149
0.455264
65.2369
-1.64643
1.12884
-0.328784
2.91271
-0.537413
0.611724
-0.723676
-0.712527
0.123025
0.0629119
-1.17358
0.148137
-0.446286
-2.5931
2.61152
0.187778
14.7966
20.3161
-0.0190223
-0.353352
-0.165214
0.641299
-0.356529
-9.41058
-1.55801
0.00349974
-6.12331
21.4696
-1.30734
-0.477029
-0.998962
0.292059
-1.60396
1.757
-0.154452
-3.33348
-1.894
1.69643
-0.96051
-1.99553
2.1053
0.392721
-7.40619
1.60537
-0.946852
0.322276
-5.06121
1.407
-2.08955
0.0261657
-0.968674
-0.363255
-0.26635
1.40117
-10.6298
-2.65021
-0.116271
0.391717
-1.32317
-1.5738
-0.268382
-0.854321
-0.292841
0.302368
-0.045006
-0.202546
-0.0688
1.57159
-0.28409
0.757067
1.37425
-1.43268
-3.22242
2.09822
0.163393
-2.79436
0.858788
0.395117
-0.543826
-3.49783
5.91683
-0.10539
6.8785
-2.14792
10.8447
2.11526
0.086944
-0.805772
13.8718
3.48971
390.742
-1.18216
-1.78285
0.900694
-15.5678
6208.23
1.21685
2.10386
0.716277
0.231139
0.715634
-0.832819
-0.192148
0.0452017
0.740935
-2.01198
1.59961
-1.25124
-1.6438
-0.896256
4.48775
6.65822
4.2484
-0.345999
-3.73991
-0.312062
-0.464803
423.518
0.540237
-14.5797
0.660426
-0.393737
11.6412
0.566101
1.78548
10.946
-13.2275
1.12687
0.155661
1.43527
0.0566949
2.79667
0.20643
-1.58299
2.71145
-1.10283
-0.782946
-0.529607
-0.140831
0.899996
2.26224
1.10821
0.930421
-0.233194
1.29961
0.689358
-13.3736
1.4318
1.19366
1.06765
2.01022
0.668034
0.906335
-5.12322
1.02972
2.77809
1.67003
-0.753354
1.16871
-3.08707
3.35793
-0.125684
1.71577
0.820224
-0.152513
3.01517
1.61803
0.044954
5.50904
-0.600984
0.274209
0.157336
-1.04989
-0.444821
1.59739
6.17722
-0.111914
-4.39359
-2.02882
1.19167
-3.1188
0.181743
0.677281
-0.936635
9.13802
-3.46766
-6.96782
-1.84957
-4.00528
1.70567
-2.50183
-0.295215
-0.882922
0.771716
-125.946
1.70605
0.439802
-1.59458
-1.86895
-1.77457
-0.187059
1.63564
-1.89032
0.685069
0.211051
-0.421515
0.126912
0.232515
-5.48929
-210.201
6.75761
-0.179103
-2.92841
-1.55695
-0.216678
0.324936
-0.690158
-0.206281
-0.529536
0.754724
1.43711
2.87146
-37.2881
9.25185
-0.650528
-2.41316
7.45439
-0.409611
0.136065
-0.438975
0.580694
-0.134758
4.17047
-60.0979
-1.81034
1.84768
-7.26623
-15.0068
1.50646
0.200622
0.321736
-2.18552
2.69864
-0.599716
-0.861587
0.807224
-2.08577
0.355287
0.637756
0.33143
-0.141286
-6.79902
6.53422
1.37536
-0.522731
-0.0264045
0.459842
-0.448776
1.07505
0.268526
-0.47136
-1.31925
0.204244
0.318099
16.9763
0.623371
0.0132626
0.179766
1.84558
0.210406
0.0339791
-1.41821
1.49103
-0.0243414
0.774012
-0.879181
0.00206881
-0.00614912
16.7516
15.3841
-0.277316
-1.12962
-1.23343
2.26035
-1.34125
-0.54467
-0.757185
0.565752
0.561303
1.5699
-0.384945
-30.645
-1.09751
-0.283332
-0.20801
2.06984
2.74714
-0.289509
1.05745
5.27135
-0.629617
-2.2305
-0.703249
4.21352
2.71936
-2.64661
-2.78447
0.142559
7.39309
-0.488184
-0.509463
-1.92317
1.02496
1.50402
-0.28258
0.315489
-0.357061
-1.05013
-1.52087
0.138512
-3.38472
-0.351692
0.195795
-0.779807
2.8773
0.820754
5.29381
1.03326
0.988464
2.12046
-2.15866
-0.0172949
8.93495
-0.665278
9.47001
1.90761
-5.252
-1.49748
-0.17541
-0.89458
-1.29155
0.105061
0.872114
-7.51944
3.2071
-0.149031
-4.30579
-3.02849
-1.41623
1.68097
0.921168
2.62704
0.184509
1.0464
-5.79333
0.895005
-2.64398
0.272469
-1.14925
2.3804
0.676257
-0.791878
0.38271
-0.35171
0.486355
0.955965
-0.346934
-4.00708
0.282991
-2.12566
15.371
4.17593
2.22809
-0.651821
2.18481
0.88998
-0.582278
-1.25661
-0.999352
-0.856331
-0.13317
0.0989996
-2.1485
0.453564
1.35116
-3.40386
1.24638
-0.216737
-4.82186
-0.517905
-0.0700333
-0.536189
-2.3081
-0.9052
-0.940531
1.45052
57.6408
1.42197
1.06576
0.549186
-1.54269
-2.30906
0.404288
-0.452261
0.457818
5.60726
1.41221
0.191449
-1.10164
0.07647
-0.929331
-2.73579
0.67039
0.277345
0.17506
-0.641853
8.06623
4.41955
0.423433
0.657628
0.429372
1.17007
-0.427219
-0.482524
-0.885398
-0.286351
2.70962
0.820506
0.635648
-8.124
-0.520768
-0.168743
3.97071
-0.263754
-0.244874
-4.76711
0.919898
-0.726631
-11.2185
0.737586
-5.10091
0.757242
1.22872
1.51712
-0.316398
1.22763
1.65597
-0.548012
-2.26491
-3.29805
-0.867663
-0.452113
8.57005
-0.313385
2.80602
-0.179192
-176.331
-0.0936625
-1.69758
-0.347853
0.772153
-34.3461
1.94445
-0.459454
-2.76435
1.75728
0.885984
-0.272061
0.0871912
-0.27622
0.0519309
292.195
-0.953768
-0.368082
-3.05976
35.6813
2.10202
1.69002
2.86084
7.97205
-6.49205
-1.18311
-7.59994
1.19937
15.388
3.94732
-0.0751851
-1.78826
0.611351
-11.2418
0.464947
0.558754
0.79591
-0.0836226
-0.694203
4.1509
-0.310299
-0.198012
0.585989
-1.16706
-1.62175
1.59068
-1.91521
0.760039
-5.61425
-7.51501
0.0654353
0.83868
0.250673
-4.38123
-2.01594
0.485146
-0.614423
1.44372
-1.38487
-0.0910414
8.10604
0.125201
0.895886
-2.08971
2.80705
2.04836
-2.75568
-18.0191
0.201679
-0.677741
-0.317941
-1.58429
-0.774544
-2.03943
-0.547101
0.82326
1.68145
-3.00624
0.577005
-0.0419877
0.380729
-0.327298
-0.337857
0.646472
2.67847
-1.16532
-1.48977
0.235871
-3.38401
-0.447905
-5.2865
3.32662
-0.00822434
-2.35
0.323301
-1.67153
1.05894
4.52971
-1.56545
-0.316505
1.70247
0.212348
-2.06546
-0.818262
-0.826583
-0.866653
0.716795
1.14203
1.19714
-2.2999
-3.98079
3.96766
1.26567
0.727983
0.673371
-0.63889
0.319793
1.18849
-0.713501
-2.40845
13.1218
-4.68691
0.741827
1.18946
2.46371
-0.133035
-3.33627
-7.15916
11.4755
-0.193102
2.41299
6.27762
47.0128
-0.659565
-1.82542
4.87813
2.03599
-0.700255
7.56326
-0.68714
0.133827
-0.298533
5.7863
0.220923
0.7646
1.42384
0.570412
2.55712
-0.409072
0.352826
1.98596
2.98212
0.13711
-0.265272
-2.20843
1.31656
0.267079
0.123678
2.2413
1.44444
-3.90695
-4.14238
1.67463
1.53205
0.833119
-0.0880334
0.177886
0.0939292
2.84425
-1.04557
2.6335
-7.52936
-0.264359
1.34982
0.0383019
0.0865561
-21.5598
9.82724
-0.0250608
-0.193928
-0.0275488
-0.221555
-1.68894
4.38861
-0.609827
2.68882
0.0845415
-0.72254
-0.570848
-0.182378
-1.59754
-1.92509
2.60675
0.326097
1.01231
-6.98813
0.0959414
-0.895743
1.51927
2.83385
0.0735819
-1.62085
-0.328879
-8.09371
0.281223
-0.102592
-5.0789
-6.9285
4.34583
1.86567
0.243412
0.686811
-0.639337
1.34105
-0.0951295
0.22624
2.01195
-9.80645
0.481328
-0.232409
0.978765
3.13193
-0.070229
2.32698
0.223077
9.86562
-0.112587
-0.888694
-2.67357
-2.11849
0.790298
-0.652593
0.244066
-1.85735
1.43408
1.66577
-1.70376
-4.55362
0.714203
1.12524
-0.285492
0.872654
2.13
-15.8768
0.412857
0.127003
1.859
0.249789
0.560499
2.86342
1.537
4.26387
3.07363
-0.425083
-0.872273
0.5931
-1.01104
0.151559
-12.1793
-0.5881
-2.09279
-0.480989
0.273401
-0.704563
0.0365994
1.09924
-22.6372
-1.47117
-7.75009
0.111459
-8.24608
-3.01183
0.543934
0.701794
-1.54264
-0.949325
24.2194
-0.194267
11.4243
-3.85766
1.4312
1.96534
0.605562
-1.85116
1.81138
0.360082
0.197473
2.27613
-0.141136
-0.117959
-0.281372
-1.4599
3.32321
2.99766
-0.265517
-4.61988
0.384424
-0.475586
-0.93456
-0.171438
0.297074
6.30101
-1.59172
1.91268
0.142435
-0.384221
-0.300916
3.18528
-0.413558
-1.55289
-0.277441
1.4754
0.203459
5.11916
1.63089
0.248242
1.15256
0.0712822
2.46144
11.428
3.24841
-0.289745
-2.40159
8.80327
0.0959983
0.0555802
-1.48619
0.259155
-4.04383
-1.72902
1.05929
3.44349
0.306949
-5.33746
-0.0454317
0.194187
0.732741
1.54939
0.738923
1.65742
3.7973
-11.1013
-0.204211
-5.79606
-0.748941
-1.5281
-3.56446
-1.43958
-1.3079
0.480776
-0.354217
0.915137
-0.788317
1.56523
-0.419344
0.522376
-11.0962
1.28131
-0.36669
6.11204
0.2277
-4.29516
-8.22826
-0.979104
-0.490176
-3.19765
0.595876
3.30184
-0.190613
0.807695
-3.90998
-2.58734
-1.35808
0.520403
-0.952498
-1.96198
-1.41329
2.46111
11.7758
0.937105
-0.540854
1.36136
-0.432611
-1.62334
24.1589
0.541571
0.0637987
0.0970902
-0.978888
-0.185015
-3.79424
-1.05637
0.582925
-2.84005
1.06105
0.0208018
1.0902
0.398273
2.76785
-1.55714
0.494613
-0.36507
0.00375264
-3.47683
-2.30564
9.64716
1.75919
-0.53677
0.162374
-2.81618
0.783399
-1.60557
2.84506
0.202363
2.72706
1.07379
0.158486
3.01912
-0.188966
0.218841
1.71792
-35.82
-0.568351
-1.62416
84.6514
0.216038
-1.46494
1.62528
2.83616
0.431358
-1.42833
0.336275
-0.70762
0.134981
5.84565
-0.00381512
-1.69473
-2.94218
1.10353
-2.23115
-0.0430326
1.25041
-0.802183
-1.53346
3.25977
-15.3109
0.916895
2.80304
-0.0641575
0.0886944
2.59284
-0.128338
-51.0384
4.90836
-1.53916
0.189313
-1.11398
-0.412178
6.24007
4.92872
-1.71448
0.628989
-1.03408
-0.190862
-0.144182
0.224405
-2.12588
0.197821
-6.86841
2.97452
1502.95
0.0468729
-0.619
-7.67036
-0.170244
12.6347
0.421895
0.116386
-5.80473
7.93572
1.66304
0.433687
-3.59209
-0.32914
-1.06589
2.04949
-0.49877
-0.27083
-2.2979
-0.87236
-0.0157614
-5.93082
4.99289
0.46647
8.83855
0.386566
0.192823
1.75411
5.79135
0.368197
-0.245657
1.58779
-3.00105
-0.301184
3.488
-1.38219
-1.80082
0.93027
0.118055
1.0829
-3.53512
-0.150681
0.715372
-0.17116
-0.304318
-0.421282
-0.0696221
-1.11909
-0.866889
-2.63355
2.59839
2.01562
-0.22361
-1.83596
1.74187
0.0934415
4.95502
2.01992
2.80674
-0.986782
-0.47637
0.604372
-0.801388
0.582087
1.66789
-0.0714051
-5.44693
0.522243
-2.11763
-2.02072
-5.70092
4.97964
-0.354668
-2.15216
-0.157916
0.861502
0.835432
-0.279065
0.221969
-0.844877
0.245985
0.0600442
4.5894
-2.91316
-0.146624
0.132527
-0.311954
0.00972594
16.6078
5.69913
-0.7398
-0.40691
0.393639
-0.0598981
0.895631
0.4287
0.345718
0.118806
0.309615
-7.50596
-0.244149
-1.01723
0.0935774
-3.69447
-5.51505
-0.569098
-1.76414
0.0536808
-5.47248
0.616596
0.762309
-6.9638
-7.40567
0.281501
-0.833601
-0.555923
-3.8575
0.285167
-1.35923
-0.410692
1.00989
-7.16807
-0.543621
4.31564
-2.82341
0.0602126
0.219382
0.470493
-0.895257
1.04896
-7.95061
5.88694
-1.32417
-4.66357
0.973965
-0.0989447
0.586679
0.017133
-1.18061
-7.06109
1.86851
1.60788
-1.41121
1.13265
-0.272773
0.165658
-0.256973
-0.0602805
0.0286561
5.49724
1.28309
0.277074
-1.65754
-2.86791
0.912047
0.0381514
-1.57911
1.83536
0.310791
0.59621
0.681003
0.263017
-0.0871261
0.0222069
-1.53981
-0.0448172
1.00966
0.0601029
13.1605
2.09313
-0.379495
0.00478005
-0.81066
4.18507
-1.77684
2.8084
-0.28578
7.42661
-0.931028
0.400701
-0.914194
0.412547
-0.491552
-10.8491
1.15631
-0.902352
-1.04308
0.5928
0.756592
0.468593
0.0927847
-1.10145
0.634397
1.07102
-1.70171
4.11683
0.369316
-0.315974
-2.59509
-11.8785
-1.18658
-1.45168
2.17011
-19.6681
-24.6856
-0.797805
0.276643
1.91681
0.330432
-1.17628
0.937934
-0.92247
1.80302
-77.5931
1.5055
-0.321236
-1.62128
1.55178
1.59744
-2.06883
1.20811
1.55444
0.0498745
-5.03108
0.2948
-1.75371
0.230746
1.45718
0.0311572
-0.0926274
1.11025
-0.998128
0.390649
24.3354
1.45965
1.23392
-0.611923
0.0298558
-5.059
0.246061
-2.1606
0.256791
-3.84546
0.838524
1.40057
0.62471
1.16866
-5.18596
0.299648
0.797855
1.4903
-2.58512
0.425758
-19.788
-4.32242
-0.183702
0.514744
-1.41059
0.848831
-2.38988
-6.29415
-42.9985
1.60861
2.7218
0.787922
2.11088
15.2801
-1.14783
1.03977
-0.310335
-0.5922
-1.86561
0.110824
-0.16526
-9.15244
-0.372054
4.48143
1.12598
2.82939
-1.73727
-83.2734
-0.272161
0.112468
-3.29153
-3.87221
3.32588
0.223739
0.844443
-1.50036
8.16816
1.24142
-1.07276
1.15308
5.99084
-0.33373
0.358938
1.5495
0.112868
-0.471878
-2.85648
-1.05094
0.175649
-1.49968
0.455317
14.4596
-0.140484
-1.71211
0.583697
-0.556171
-1.12121
-7.84743
2.19161
-0.682399
1.04149
-0.318604
1.86064
-0.49686
-1.11864
0.155902
-0.881348
9.55262
0.243903
0.720306
-0.650372
-8.54422
1.73224
1.80244
2.78925
0.0478876
-35.4592
5.86447
-4.33344
13.2829
0.116111
1.03192
0.045392
-0.0383035
0.0717712
-0.174675
1.49525
-0.0652704
2.81695
0.295378
-1.40749
-3.73294
-4.56195
0.967544
-1.28312
-3.62981
0.690126
-18.8712
0.592174
-0.309053
-0.327716
0.226631
0.260059
-0.322744
-0.410269
6.31989
2.51856
0.0656341
0.138837
1.93333
0.360178
-1.71155
1.0393
-0.312051
-0.603459
2.50736
-0.389169
0.473468
0.193502
-1.10491
-1.27827
0.754894
0.143958
-0.318797
-1.44343
-21.7542
-0.776796
-10.0829
-0.362376
-0.610246
3.26877
1.57002
0.0217717
-1.05483
-0.285974
22.0903
4.02308
0.271729
-1.37177
-11.0648
0.654495
3.5299
0.418134
0.0666074
-0.545551
-2.07532
0.35681
-0.129986
0.714792
-1.33365
-2.45283
4.04862
2.95506
0.103502
0.223463
-1.23099
2.22592
1.83122
-0.0562099
-0.0188604
-0.278314
-2.20397
-0.249327
9.79856
-0.573227
1.71454
-5.36033
-2.56585
1.79196
0.426299
-2.19325
0.0727358
0.0910655
0.357081
-0.244504
-1.0946
0.17942
-0.887025
1.3432
-0.618324
1.17594
3.39073
-2.6839
10.88
5.39284
-0.546387
2.13404
1.8941
0.503762
-9.91143
0.961188
-0.347971
3.01425
-83.6549
2.13864
-0.571045
0.182944
-0.615676
-3.06623
0.321821
-0.923201
-9.45079
3.24663
-0.539421
0.913887
1.26626
0.132992
-0.00921298
-2.75192
-0.965819
-0.728689
-6.84917
20.1762
1.06019
-0.808645
0.205473
-4.17157
-45.8431
-0.423813
-0.679934
5.54908
7.27593
0.0698004
0.211427
0.356911
-0.775525
-1.08834
1.11341
0.407279
0.0885108
2.70834
1.99051
-30.8549
-4.44409
-0.179279
-0.736106
0.024552
-2.98615
-0.347533
0.455444
-3.68502
-2.4345
0.516167
-7.94987
-0.724132
942.751
0.45595
0.515615
0.477639
-0.793405
-2.7445
11.524
-0.632153
-0.512145
-71.5763
0.912457
-0.26594
0.425509
-0.639434
-39.8498
0.636638
-1.32525
0.679321
-0.513355
-2.7382
0.552136
0.937711
-2.3277
1.44632
-3.8829
0.246508
0.403677
-4.10121
-0.24508
2.04087
-4.38419
-3.13838
0.303414
-3.0205
-2.28858
3.5841
0.821777
0.115075
0.658989
6.14539
-0.409785
-0.855559
-1.78721
-0.0403071
0.447121
3.42239
3.44471
-11.8699
-10.1492
-0.316687
-0.444893
1.299
-1.14079
1.00745
0.0824439
-0.586534
1.46814
-0.827075
2.35867
-2.24329
-1.21295
-11.0027
0.417597
-0.116728
2.96841
1.80292
0.425077
0.361557
-0.560225
9.4463
-2.00406
2.73099
-0.213027
-0.0824523
-18.4988
1.60301
-0.0231844
-5.7823
0.206556
-1.1454
12.7715
0.952752
-0.0619717
0.433071
21.1496
-0.600864
-0.828466
-0.600635
-0.265395
13.3602
5.9218
-0.395768
1.04324
-0.990621
0.576635
1.39783
-0.697914
-1.66051
-2.14778
-3.20171
-0.488937
-0.449528
2.26965
-0.106869
0.720331
-0.0366038
32.7004
-1.07451
5.59222
0.0884279
-3.7179
-0.300159
-1.78559
-1.29866
-1.32242
-0.69635
-0.662976
0.357528
-1.19475
-11.462
-2.59273
-0.846939
18.4396
5.21772
-0.132627
-0.257278
-0.300953
1.99547
0.671616
-3.65347
0.507198
2.41192
12.003
0.0947873
-0.483779
-3.75078
12.7211
-0.899309
-0.627568
1.03987
-1.93192
0.10461
2.37558
12.6473
2.13047
-67.5924
-1.58638
-0.0236709
1.63645
-0.171097
3.43435
1.34133
0.355618
0.606133
0.717451
0.694078
2.15066
-0.137325
15.9781
-0.315808
-0.408262
-0.42926
3.47532
-0.670249
-2.28995
0.296379
-2.52747
3.04753
-5.94451
3.00557
0.879492
-1.04437
-0.00791392
2.10548
0.0459461
-0.151722
1.30841
-4.47886
-0.591298
0.233533
0.528578
-0.233553
-1.80505
1.26839
3.11633
-1.56704
0.780169
2.32034
-0.0926032
1.08671
0.668162
0.450992
-0.0435798
-8.21941
1.12036
-0.232216
-3.75659
1.04913
-8.4191
2.26163
-9.22116
0.378147
-4.1497
2.6497
-0.700393
1.04021
-1.37148
-4.54777
0.282119
0.370417
0.190875
0.535499
0.942733
-1.06589
-0.941256
-1.77627
0.285055
0.825776
1.41518
-1.01766
2.38699
13.3857
-0.184321
-0.301858
1.29721
-0.982133
0.0322004
1.17079
-0.449124
-10.1347
-0.0101938
1.48693
1.56776
-2.61739
0.42428
2.54817
0.176624
-0.0921439
-0.53442
-0.378224
0.919359
-0.954729
-2.08357
-2.07094
1.94349
-198.157
0.668273
-4.50579
1.37442
-2.90351
0.164856
0.242653
-2.39989
-72.8205
1.19853
-0.0868608
15.0476
-0.326706
-3.0118
-0.42187
0.331604
1.92604
1.53903
1.59109
-3.57678
7.20652
0.0461025
1.30516
-0.497827
-30.2524
-9.05289
0.0919557
-1.39689
-7.2039
0.705326
1.0395
-0.0119662
0.704774
-0.957616
-2.53232
-0.279317
-8.01767
-0.598943
-1.02467
2.02252
-0.304187
-1.73795
-0.53627
0.00357214
-0.631948
0.289641
-1.21421
1.89818
0.138147
-1.46922
-2.41319
1.16612
4.05293
0.602437
-0.448939
0.423452
18.8093
-0.339767
0.671478
-0.19003
-0.490977
0.239155
4.19158
-0.143018
-0.482289
-4.70648
1.39661
1.42861
0.388263
0.476611
0.731354
-0.110701
5.94144
0.265397
5.29269
0.288192
2.10231
-1.09927
-0.284082
1.24934
-4.72637
-2.45483
-4.00664
2.42528
1.49369
-1.71749
0.453689
0.917253
-0.582797
-1.64295
0.143557
-0.21537
0.597596
-0.51499
-0.415906
-0.155146
0.438469
5.5517
-0.652357
-0.123945
-3.70637
-1.15932
9.20603
-0.754908
-2.73957
1.77603
-0.622558
1.17592
0.988784
1.14229
-1.09381
5.77086
-1.10862
-0.249632
0.850302
1.24673
0.783982
0.0295985
-16.2735
0.0720901
2.03809
0.453746
-2.75717
-0.468858
-0.0267462
0.333687
25.394
37.9873
-0.518243
-1.47716
0.122925
-0.590473
0.841168
-0.159679
1.24114
0.456315
-1.28379
0.300398
-3.49727
-2.9164
0.0873686
-0.223997
1.40551
-0.442321
-0.241013
-0.111399
0.0869764
23.183
-1.6062
0.180767
0.0113634
-1.06715
2.21287
-1.63137
0.435352
-1.23703
0.588341
-0.741724
0.636723
0.56904
0.620045
-0.636605
1.1432
-2.15156
0.198751
1.47973
-5.43098
1.40153
-0.138526
0.46232
-0.0219009
-1.48975
-3.93069
-2.16222
1.20418
0.342611
0.542862
1.24892
-1.14418
-1.81748
3.83917
-0.370791
6.39954
0.318888
-0.0714514
-9.98068
-1.54485
-2.34348
-1.8183
6.80908
-0.296657
-1.57358
3.73922
-0.790534
-3.29339
-1.07883
-38.7958
-1.90322
-261.302
0.384996
-1.92042
1.54934
-4.71435
0.61169
-0.119016
-0.0440589
14.079
-1.13593
0.0186488
8.78783
-1.07782
-0.630188
0.401882
0.299545
0.577411
-2.78877
0.264189
-0.0581922
2.59342
0.9038
-0.486894
-2.63725
0.29027
1.44832
-0.285707
-0.693216
0.242617
-0.0701216
-0.0626465
0.0398781
-2.48146
0.65874
5.93924
1.21469
1.12146
2.81758
-0.306493
-4.53756
11.9328
-4.32201
-2.55957
0.421257
-2.5739
0.113406
-0.478745
1.04822
-3.36446
-0.260913
0.270498
2.03193
-0.253563
1.50122
-0.56043
0.393131
1.58623
5.6823
0.102574
0.432476
0.193874
0.340375
1.71567
-9.41277
-2.2848
2.31148
0.616212
-21.8526
-3.1728
0.917742
2.51139
0.796715
0.873729
0.170532
0.768418
2.23122
0.598143
1.7912
-0.247714
-5.86259
-4.51058
0.271713
0.425152
1.3324
-0.310171
-2.93263
-1.85559
-0.390715
-4.47845
-0.077545
-0.0816062
-0.396952
-9.53902
2.32429
-4.32497
1.39553
-2.19626
0.413732
-2.68079
0.325771
0.870742
1.63538
-1.38858
-1.77118
-0.83883
0.863692
0.418591
-0.314511
9.81798
-7.61684
-1.72515
-1.68075
-4.54661
-0.836424
1.99551
-3.32843
7.10678
0.0225924
-0.659269
0.767455
-0.430153
1.03652
-0.371522
-1.86439
-1.08641
-3.75657
-0.295117
0.184902
-0.585129
17.7567
0.996041
0.534627
0.1219
0.62456
-0.0518462
1.16044
2.73188
-0.287643
-2.71304
-0.635487
-3.99745
0.368065
-72.9995
4.32183
11.7453
1.44948
-2.36308
13.9453
1.05744
-1.2565
-0.861383
-0.672378
5.94014
-0.578186
0.471167
-0.983884
0.155645
3.77534
-0.255193
-5.38511
-0.903389
10.3277
-0.159647
-1.17272
-0.329315
-2.27593
0.887195
-0.963798
-0.254498
-17.0386
-1.91604
-0.000634338
24.7314
-4.47672
-1.55365
-0.898067
0.892626
0.165553
1.9904
-1.00585
0.681802
-1.31087
-3.83069
-0.918136
-0.698224
0.660636
0.940688
1.15698
-68.0614
0.671384
-0.161587
-0.0889219
0.818917
0.0562635
1.6643
-0.0743827
12.285
2.43738
0.12346
18.4843
-0.885189
-0.362072
-1.55774
0.183661
-0.230832
0.447667
-1.65607
4.72915
-1.67307
0.421946
-0.949358
0.141587
-2.83221
0.576527
1.93252
-3.6074
-1.31661
-1.31565
0.307232
-0.477058
0.359025
1.70502
-0.231539
0.767196
-1.34226
1.03608
0.997565
-0.0474147
-1.90253
0.324993
3.81973
0.35012
0.804526
-0.682443
0.0683395
0.147943
-3.08626
0.44983
9.94463
0.63381
-0.433563
-9.54236
1.75013
-0.108752
5.49777
0.560266
-0.551135
-0.122332
0.428845
-0.610499
-0.978957
-31.4113
0.190588
0.0203324
-24.5736
9.50576
-1.14404
-1.99423
3.56273
-0.814669
-0.0704399
-1.99806
-0.125778
-0.188876
-10.7099
0.0966659
1.97358
0.30644
1.32599
1.68178
-0.179903
0.431954
2.06242
0.175268
1.3792
1.04447
1.28685
-0.0633725
0.537157
-0.257463
-0.482571
2.0071
2.40955
-0.272793
0.155726
1.89353
0.925149
-0.223918
2.48128
1.6766
-0.00508926
1.04693
-3.07321
-1.03606
0.0508176
-1.2345
-0.0313367
-0.633279
1.77358
-1.69946
-1.50111
-0.282579
0.965133
1.36711
0.266306
3.69606
3.87527
-1.0932
0.15067
0.365643
-3.10483
0.343867
1.82325
-0.123526
-0.222279
-0.417591
0.102283
-1.48714
-0.355714
0.0366167
-1.12181
0.472717
-0.231308
0.600734
-14.7489
-1.12823
0.304608
-0.396182
-1.06871
-1.33416
-3.3642
1.06683
4.8689
-3.6136
-0.788544
-1.25704
0.468487
-2.14279
4.13675
1.66352
-0.105136
-0.720637
3.23684
-1.86962
2.78645
-13.0567
0.0945406
-0.409206
0.541155
0.809574
0.211819
-0.775949
-0.17002
3.57936
-1.99209
6.41987
-0.301774
0.471141
0.761416
3.25598
0.0162851
-0.719012
-0.0637025
7.8146
-0.062331
-0.46179
0.654805
-0.491905
-26.5436
-2.0701
-5.18158
2.64874
3.10762
-0.897901
0.259775
0.776714
0.281437
-2.39835
1.52241
2.11677
0.285047
0.646724
0.0571237
-0.799768
-1.90764
-4.11061
-6.30468
0.959677
-0.893205
1.04578
0.0614299
-0.368894
-0.689307
-0.455575
0.00520319
-0.167038
-0.268096
-1.44817
1.47925
0.114956
-1.48558
-3.37986
-6.33981
0.893743
0.976527
-3.29381
-1.41466
-3.02856
0.453033
0.915049
0.0757575
-0.893601
0.877664
-0.834701
-0.312128
-2.3682
1.59389
1.53009
-0.00774093
0.0230966
4.50238
-0.136021
-0.202927
1.00881
27.0037
0.746112
3.15959
-0.773995
-0.270462
-0.555725
3.07639
1.31694
-1.66484
0.498876
0.291932
0.880168
-1.78818
4.2838
-0.491976
-2.36729
0.722966
-3.27834
-0.554417
-2.49224
-1.82229
-3.62497
-5.61621
-0.194374
0.23834
-8.94835
-1.1193
11.5365
-9.86217
1.42772
-1.13488
-3.29884
0.462468
-7.12279
-1.37044
1.52063
3.44267
-0.110028
0.058902
-0.627235
-1.08681
0.409943
2.81729
1.0091
-0.266238
-0.574312
-0.498165
1.15078
-0.245394
1.66198
-0.747149
-0.61196
0.370484
-0.344032
-2.04314
3.94712
0.493548
-0.93108
0.128507
-0.579082
2.47664
-1.88768
-0.879814
-0.399887
-1.19633
1.1557
0.379268
2.1415
3.30816
-0.879325
2.60746
-0.793986
0.806949
-0.677825
0.391054
-2.57393
-14.3621
0.456685
-1.14281
-0.445907
-2.4847
1.89535
13.8159
0.262052
1.13808
-0.219454
-6.48669
21.2989
-0.478057
-1.44816
-2.68482
-0.77338
3.72782
-1.33005
-1.47485
-0.44457
1.5833
0.56251
4.49063
1.37857
1.80543
2.26643
-0.535125
0.272999
0.584513
-1.46755
0.458159
-1.37042
-0.983667
6.31569
2.34653
0.0865082
-1.31148
-0.0943541
1.76186
0.22768
0.287307
-0.349151
-0.262183
-0.765259
1.82755
0.701652
-2.59395
0.942938
-1.33751
-0.766491
-0.295778
-0.120113
-0.0719411
-0.701884
0.337754
-0.581232
0.2672
-0.922668
-9.71644
0.146636
-0.271315
-0.256303
-1.01655
-0.609459
-1.12495
-23.9849
-1.48375
-2.09177
-0.815255
-0.0822667
0.182388
0.493963
0.221104
30.1776
-10.5138
0.669654
-2.84716
2.51636
-1.40689
-0.227945
0.711188
-0.756524
1.28991
-0.836456
0.660076
-8.98296
-0.973331
-6.13347
2.36171
21.2986
0.698883
-0.605786
0.160434
1.25573
-0.141009
1.26137
4.07791
0.0485957
-0.539153
0.872481
0.382472
15.0728
-1.22753
1.71376
0.486963
57.9754
-0.184399
-20.0264
-0.13892
0.723304
1.42471
-0.209764
1.09659
-1.21457
-3.25222
0.281761
0.866666
0.796323
0.223982
0.163647
-1.15408
0.218618
-0.248137
0.72263
1.29488
24.3435
1.18045
-1.77465
-0.37461
-0.986351
-0.519194
-2.48024
-5.83695
0.634023
1.05294
0.635241
-0.82925
-1.21468
0.0176403
-2.82616
-4.83309
-1.02553
1.19601
0.184818
0.678726
-0.297735
2.92471
-0.894063
-0.0607928
-1.80697
-0.619859
-0.070408
2.032
1.26873
0.602768
2.52784
0.986915
-2.95739
1.39032
-0.67696
-4.98652
1.86553
-2.15454
0.255452
0.612532
-0.833022
-3.95524
0.840417
0.389265
-10.9503
1.50576
-1.61259
1.91524
-0.405459
-1.53529
1.86645
-0.0938806
3.24003
-0.431451
-14.3008
1.2373
-0.815006
-0.122161
-1.39768
-0.635585
1.74001
0.365882
0.378345
0.523503
-0.652061
3.21073
-0.428073
-2.12053
-1.25282
-0.36372
-2.67506
1.84453
1.12936
-1.19722
-0.85349
-0.0768145
-0.633093
-4.49844
-0.675156
-0.111229
-0.567871
-3.47261
1.39446
1.88826
0.617174
-0.296966
2.09862
1.22257
4.65331
1.946
-2.82943
25.4001
-2.09228
0.704277
-0.558912
-35.7138
1.92069
0.85502
-1.06823
0.906875
-1.07802
-0.000301116
0.820291
-0.637093
1.4402
-0.675004
0.424248
-4.24941
0.0187139
1.5652
1.38752
0.481284
-2.15401
0.222606
1.14096
-1.09723
0.914908
3.19481
-2.19929
3.44519
0.650131
-0.798057
-0.933162
0.0688009
2.42108
1.25066
1.04536
0.00844016
0.273039
9.75329
1.10434
-3.641
-3.37455
7.62363
-5.25239
1.29652
-0.451136
0.174013
-0.0954605
-2.53342
0.155709
1.3403
0.615862
1.36669
0.296431
-0.445671
1.75699
1.37135
1.24218
-1.91766
-0.219955
0.456154
0.432879
0.263216
-0.221814
0.465592
1.29808
-0.596408
-2.49846
2.14186
-0.840971
27.5314
14.9905
1.16781
-17.5121
-7.18636
-0.601613
1.16608
-0.0161183
0.284412
0.409971
2.17556
-0.439979
0.343771
-0.722329
-0.352829
-52.6771
-1.77369
0.421033
-1.61414
-1.55541
-0.341385
-2.02177
-3.66776
60.4593
-0.888901
-12.2419
2.83179
-0.891884
-1.16112
-2.06665
0.688397
0.835094
-1.52199
-9.32236
-0.0481626
-1.01016
-6.61825
0.254522
-4.82418
0.569936
-1.57299
0.175478
-0.8369
0.898837
0.576834
-0.0705483
-3.05354
-0.748005
-0.303337
3.32431
0.545141
-0.278198
4.21588
-0.130406
-85.8635
-1.04521
-0.157813
0.180727
-0.172106
1.81187
-0.352038
1.93356
0.810305
4.59625
0.36586
-2.54497
-0.334241
4.18449
-0.0993881
0.20559
6.11567
13.3726
-0.895964
-1.10276
0.010651
1.23701
8.52363
0.715646
-0.436068
3.52805
0.425997
0.36922
0.129557
-0.859773
0.0241462
3.82501
2.53764
0.841452
-1.49984
3.70044
0.241185
-1.82333
0.29642
-4.1624
-0.102769
-0.449832
0.114519
-0.405359
-4.24301
17.426
-1.06585
1.11386
0.426124
-3.59623
-0.568273
-30.3613
1.91064
-0.822214
3.50555
0.318356
-1.21153
1.98712
-1.60727
-0.460274
-0.779921
2.24528
2.47363
-1.66836
-9.71138
1.49056
-0.891199
-0.690224
-3.22506
2.0962
-15.9755
-0.681124
-1.37049
0.974522
-15.1638
1.31762
1.73206
0.924641
-4.24119
0.904893
1.93076
-2.07619
-2.02105
36.1596
0.570128
1.67776
-74.5927
-0.381278
-1.97369
12.087
1.36327
0.5841
0.804419
1.084
-3.24197
54.7533
0.902724
1.38374
-1.3901
1.79236
-13.3808
-5.68253
-0.127383
-1.11729
0.163309
10.8804
0.960905
-0.363371
0.0189555
-9.24386
16.2977
1.24397
-6.3651
-0.24262
-0.843636
1.56093
0.131372
0.598559
-1.3939
-1.2621
1.82007
0.672392
1.15024
-1.12337
0.22046
-0.547436
0.460331
-0.248439
1.22142
-2.02008
-3.16209
3.07273
2.55127
-0.946592
-0.769583
0.172263
0.823183
0.219248
-2.45902
0.143583
0.266993
-3.69095
-0.234143
1.04294
-1.43013
-0.586193
-1.05302
-0.688324
2.76429
0.882954
2.85899
0.418097
-2.4991
0.394056
-3.04148
1.37215
-0.867923
1.27961
0.329538
-1.28706
-0.605027
0.232558
-1.2366
-3.00328
15.9606
-2.36318
-2.8071
3.83749
-1.93202
-0.652114
-135.777
1.65237
-1.46809
2.29242
0.454632
21.0176
55.6489
-0.277125
1.27169
-0.0845239
0.274871
0.504131
0.378034
3.72543
0.151807
3.12044
0.610019
1.91763
-0.147243
19.5633
0.389358
1.11784
2.40553
-0.1383
0.50702
3.81761
-1.56858
1.2685
2.18939
0.307892
-4.0842
0.451234
5.62349
3.46165
-2.10942
8.63775
3.91951
-0.0635159
-0.516907
-0.683379
-12.2864
-0.162755
1.38298
1.40573
-26.8782
-0.923593
1.40311
-0.74408
0.42043
-0.617579
0.370466
-0.0327199
-0.917802
0.082151
-20.7202
2.90369
-1.05376
0.917513
0.543866
-0.623449
5.21973
-0.545729
-0.976295
0.125109
0.527912
-8.38066
0.366265
-0.251573
1.68808
29.9772
-1.46941
-1.41617
-0.459987
-1.49985
-4.24601
-0.24702
-0.92275
0.868594
1.99573
-0.774114
0.320162
-8.27705
-4.79069
4.85479
0.990971
-0.0282348
-1.63135
4.1154
-165.946
-0.223751
-34.8331
5.54351
1.22214
3.71685
-0.638347
-0.00243396
0.389355
-0.428406
0.0996388
0.234312
-2.54744
2.18515
0.0871319
-0.530567
0.0153924
17.004
1.97653
1.07546
0.447507
5.10011
-5.34132
0.279972
3.07992
5.71801
-0.370846
-0.980749
0.237449
-2.53761
1.29909
-0.298933
3.65323
4.57313
1.60449
1.23839
1.26622
-4.10979
25.541
0.481692
1.04611
3.13108
-1.18743
1.03053
2.46275
-441.196
-0.145545
0.810949
7.40124
-0.732095
1.20942
-1.69395
-5.98401
-1.16446
-0.776783
-10.6537
0.838697
-0.557531
-1.58589
1.39205
-0.338953
2.24049
-0.571308
11.837
0.0904603
6.30479
-0.657587
-1.48521
0.660897
-0.0424469
-0.00553122
-24.7668
34.8515
-1.37706
0.704077
3.62638
2.8388
-0.113637
-0.709274
-0.818355
-0.960939
0.654783
-0.80269
-0.807922
4.29845
-1.53634
-2.97757
-1.23201
1.32128
1.66475
0.381152
-0.305755
-0.191961
1.19247
2.56784
-2.08949
153.516
-1.34647
-1.03221
1.04283
0.624606
-0.134144
-2.15533
1.48705
0.569977
1.25949
3.13555
87.1918
-1.29595
-0.925403
-3.37051
-1.10354
-0.934278
-21.9022
-1.9031
-0.0575335
1.09087
-7.93229
-1.78074
-8.88025
1.15287
-1.71554
2.18516
-0.606178
-4.83404
9.60572
-0.0667857
1.77565
-1.02824
-0.793372
-0.809338
10.8755
0.0502058
-0.224741
-0.654432
2.73842
2.99697
-2.39568
0.369897
-9.48635
-0.665358
-0.151716
0.000193553
-3.42184
-0.797448
-1.21257
-3.03936
4.69309
-1.30582
-6.14315
0.0567893
2.72369
0.378283
-1.52938
-0.156981
-0.535351
-0.801022
-0.43167
-2.81187
2.33807
-7.62212
0.510996
-0.626239
0.33982
-0.122847
6.8067
1.23903
1.36644
-2.98232
0.879972
-0.0153398
-1.92663
-0.0153779
0.24017
1.37058
-0.893121
2.82073
-26.8123
0.468894
-2.7178
-3.27494
-0.0630232
0.38262
13.4737
-0.713675
0.949299
11.9188
-1.81563
-2.5627
-0.107691
0.828229
0.800632
2.46285
9.01912
1.90444
1.46902
-0.885804
1.1008
-0.605441
-1.20022
-5.13731
0.611178
-2.70985
-0.677023
-1.64645
-2.82647
0.592598
1.86951
8.91218
-0.128232
2.01639
-0.514551
1.59021
1.32511
-0.772358
1.06885
-0.516558
1.99021
-0.313472
-0.109014
-6.15144
1.19505
-0.899445
-0.847151
0.00617315
2.21896
-0.142486
0.274233
-1.04201
2.1377
0.962196
1.37217
0.0709809
-3.10585
-2.24464
-0.205151
-0.256645
1.49681
-1.08697
-1.74451
-2.2072
-1.59811
-0.106775
-0.725816
0.388012
-2.68049
0.0769235
-0.618209
1.73371
0.856769
-0.771705
-0.832164
-2.35401
0.563448
0.133757
-0.756563
0.373952
2.63913
-1.21806
-1.89119
-0.174883
0.290857
0.850266
-2.85897
-1.5596
5.14224
1.26439
-0.721534
6.54569
-0.191516
-4.82661
-0.443482
1.51539
-2.42757
-1.34991
0.304196
0.260429
-4.48767
-1.91718
1.36116
-0.774177
-51.9964
0.0857077
3.20137
-16.8597
1.1069
2.30128
2.23557
12.0965
-0.922105
2.31669
0.534979
-0.588508
-51.2936
0.283368
-0.502727
-2.50407
0.881329
1.08326
-0.232622
-0.249697
0.880886
-0.483897
-0.740954
-2.05022
-0.0702507
-0.522762
-0.168732
-0.666182
3.25914
0.111622
-0.117252
0.232339
1.24498
-42.6396
-0.798986
2.08509
12.533
3.22864
1.14682
-1.84821
-2.55999
0.13096
0.567758
0.889066
-1.08709
0.762635
-2.47638
1.53021
-2.8318
0.881575
-1.12515
0.444925
-4.31356
1.15893
-0.539848
-5.75539
5.72602
-0.415695
1.73764
1.26998
-2.8183
-5.41663
1.4422
0.149908
-0.108717
-0.37319
1.7741
-0.372024
-1.02038
-2.45174
-3.55841
-0.564004
-4.36185
0.374655
-4.71402
-0.300074
-1.06503
-39.0506
-0.44955
15.5744
0.401516
0.559887
-2.91554
-1.50407
-3.68404
-1.69641
0.568995
-1.67839
0.897165
-0.0771191
0.286932
7.02108
-0.580832
5.22654
-3.14748
-5.85889
0.434201
0.625831
-1.08025
0.718797
-1.07508
4.36445
-1.78857
1.23269
-1.36431
-4.2349
-4.15494
-1.75332
0.053815
3.38396
2.34283
4.85966
-0.530353
26.4327
-0.24939
-5.51329
-2.11326
-0.838119
3.62893
3.11187
-0.113291
-1.63598
-1.78363
-0.387959
-4.57364
0.114009
17.9171
3.53581
1.76311
-0.634946
5.17729
-0.150917
0.0934973
358.229
7.33036
0.10596
-0.383624
2.85091
-8.4073
1.36239
2.95006
1.28307
-2.44483
-0.87478
-0.794396
180.723
-0.705834
-3.14077
0.633652
-6.66788
-0.873679
0.629673
1.01099
-0.055032
-0.494892
0.290776
-0.235654
-2.48421
-84.1666
-0.86
2.33115
1.43352
-1.64175
-0.19362
0.656925
-1.12965
0.645579
-0.667801
-1.14494
0.236991
1.86363
0.0496228
0.865867
0.889678
-0.687001
-1.50512
-1.02429
2.77709
-0.0692126
0.136282
-0.89468
2.86385
-0.452372
-1.13742
1.85339
1.8472
0.278105
2.17006
-0.238914
-1.47064
21.1894
0.159608
0.324497
-0.371833
4.71854
-0.454855
0.812906
4.17325
-0.116829
-1.07279
1.56859
-0.188616
3.48361
0.903055
1.86823
-0.537256
-0.492189
1.34348
1.95756
-1.1859
-0.701108
-3.31043
-1.15677
-0.0877548
1.78584
0.0337516
1.23907
1.34323
0.48164
-0.232735
-1.01622
-1.39128
0.531612
-0.493955
0.896245
1.12557
2.09873
2.95235
-0.114583
-3.45658
-5.84193
8.86674
-0.558902
-0.999197
-10.6656
-1.38029
-1.14937
-1.00262
1.41421
2.18536
0.197751
-2.40939
-0.630171
-187.868
-1.02235
0.186205
-0.592194
-6.23952
0.368566
-3.55126
-0.935284
-0.590725
-0.277568
-0.922556
0.342289
-6.93494
0.0909153
-0.00391655
0.953495
-0.499962
-0.532708
-2.1856
16.4857
0.0848159
5.95197
-5.41214
-0.34235
1.19696
4.44492
-30.9103
28.474
-0.934137
4.07501
-9.11895
-5.16016
-2.42704
1.28376
-1.08382
1.09505
2.87006
-0.645936
0.604886
2.95333
-4.17225
2.60251
0.546283
-0.509201
-10.7602
1.25705
-0.229138
1.96709
1.03707
-1.59608
1.1372
0.410905
0.0203582
10.274
-0.866273
-0.343278
-0.44934
2.99298
1.28325
0.786625
-0.53531
-0.0977561
1.37602
1.40079
-5.22082
0.553955
34.4132
-3.03029
-1.59468
-0.640508
-0.206629
-2.00037
2.25202
0.124831
-22.2718
-1.15136
-0.846791
-0.963055
3.57412
4.08163
0.200541
0.638297
0.964293
-0.253967
-1.8818
0.94712
0.907252
0.569857
0.659034
-0.388495
0.0913903
0.756138
0.48784
1.80333
3.26558
0.525158
-0.529296
1.19334
-0.824156
2.16639
-0.338481
-0.318263
0.0963235
0.79579
-3.25725
2.57107
-9.70972
-1.56366
-0.444223
-6.39742
0.952775
0.529243
0.86781
0.615266
-1.18869
-0.56156
-0.612806
0.143598
0.106689
-2.34789
1.0617
-0.026296
-10.5549
0.639619
-0.615735
-0.747219
-0.493787
0.646955
-127.781
3.57152
-13.4595
-1.666
0.107803
0.630198
2.2936
1.35028
-2.07168
-0.395979
0.177205
0.192622
1.93911
-0.669513
4.49457
-1.69263
-2.85435
-1.08929
0.706202
0.381724
-0.462763
-0.136532
-0.0894829
1.23058
-0.90515
7.70693
-0.419061
0.489383
-0.100454
1.18215
-1.84707
0.279668
-3.53337
-1.68703
-0.317344
1.11463
0.94318
1.9064
-0.721222
-0.404242
-0.134958
-28.7908
-0.79691
0.16576
-0.093544
-0.453555
3.89301
-2.08405
-11.8775
0.601393
-2.19031
2.04344
1.216
0.119362
2.72822
28.8332
-0.803768
-0.831811
2.32489
1.01408
1.04098
-2.37812
4.14045
-0.362073
2.12355
0.119316
2.97043
4.39063
-0.155726
8.13633
-1.927
0.37946
-0.374391
0.874303
-0.597588
-1.60891
0.398034
0.530491
-24.73
-1.31118
-0.839883
2.65373
-215.313
-0.333099
-2.27765
-1.27743
1.13576
1.43922
0.301314
-4.47647
0.976079
0.474373
3.47887
-2.99161
-1.13673
-0.997327
0.634625
0.712651
10.1695
0.481691
-0.288007
-0.440929
-0.113207
-0.6055
4.56639
10.3323
4.2812
-0.227423
-11.873
-1.0487
5.05287
-3.127
-0.306777
6.31047
0.0832706
-28.8658
0.357927
0.85178
0.121223
0.982595
1.71244
0.87725
-0.203331
0.096003
0.268537
1.68173
-0.094369
68.4378
7.05588
0.509706
1.33158
0.975042
-0.78671
0.651885
0.387793
2.41684
2.18729
-0.225797
-0.788753
-0.534879
-1.6491
-1.02559
-0.622392
1.82932
-3.33113
-0.723124
0.109892
-0.414679
-0.96141
-5.74297
0.930938
0.511177
1.00181
-1.52287
7.64064
-0.000822373
0.0335396
7.83975
-0.397949
-12.4679
-0.157564
-3.89475
-7.33987
-0.211797
-0.555512
-0.572409
-0.0680042
-0.929363
-0.907471
0.361306
-29.8458
-1.54575
-2.29784
-1.5016
-0.613633
-1.27238
-0.772836
0.309323
-2.60708
0.704371
0.124643
-4.29419
-0.118207
-1.18437
1.3602
3.07619
-0.151409
-0.084963
-0.511947
1.6562
-0.289172
-0.346296
-0.834695
0.134227
2.02858
1.25749
0.374744
0.948285
-0.145263
-1.26204
0.519734
-0.0620032
1.42316
-0.739034
-0.0676173
-0.676145
-4.23288
-0.313805
-3.98139
2.77174
-0.603822
-1.30567
-0.0545076
0.0693608
0.00914029
-4.3082
9.04515
1.66887
-2.52221
-0.0352019
-0.298761
27.6361
1.24324
-0.593923
0.879497
0.601903
-0.933351
0.450891
-0.241568
0.147336
1.80823
0.0280393
4.81539
-0.420718
-84.3336
-6.5643
-0.804655
-1.63872
-3.71214
0.617723
-1.11689
-0.872656
-0.539976
30.7719
-2.30834
0.263197
-0.724057
-0.843177
0.318452
0.810712
-1.27323
2.57682
1.02713
-0.0781646
-0.263405
2.10915
7.72599
0.419278
0.290805
-3.23728
-0.520876
0.704955
-4.47004
-0.548095
-0.103
-87.4143
-0.976871
-0.0398874
-0.0627531
0.828726
-0.100997
-0.100258
-3.75028
-1.35807
0.00490057
-0.321967
-0.763144
-1.78773
-0.889195
1.20615
1.98723
-1.40827
-1.47779
-1.32491
74.9945
3.11238
0.654396
0.169068
-0.126473
-0.746752
0.379989
-0.200243
0.657628
0.810803
0.253019
-0.56641
-1.80981
1.3647
8.72759
2.53028
-6.77835
-1.15543
0.666239
1.02969
-0.841655
0.335523
1.10922
0.145269
0.107485
-0.596779
-0.71516
0.978375
5.81196
2.94583
0.859604
1.03756
-1.72616
4.33734
-0.333813
0.741746
-1.09104
0.444217
-0.498496
7.51454
-0.360733
-1.22313
-6.76925
1.95923
-0.936164
-0.283278
-41.6453
-0.521943
-1.50646
-1.36697
2.15086
-0.0200998
-1.10511
0.481563
0.323948
7.3081
-1.14146
0.0202432
0.00869732
-9.15275
1.41221
-0.234625
9.47126
-1.85859
-2.52105
1.32382
-1.32599
-0.374009
0.405069
53.5358
0.420317
2.0533
12.9119
-1.83427
0.0831651
-1.50703
3.96885
1.39835
6.63854
-1.38206
-1.41509
4.39866
1.43477
1.79267
-0.776164
0.912293
2.03819
0.120312
0.883201
0.409738
0.34822
-4.08685
-3.70695
-14.3134
-3.17671
-1.24615
0.167156
1.42805
0.580568
-1.12377
-0.406185
0.753367
0.652995
0.427095
-0.134467
0.180835
-2.23009
-0.974078
-0.351163
0.368422
1.11879
-0.590134
2.6919
0.0352868
-0.143072
-0.71408
0.55469
-0.699766
-0.411539
