1 1 0
2 1.40903 0.00425651
3 1.72633 0.00595264
4 2.00921 0.00695445
5 2.23935 0.00769944
6 2.44618 0.00934029
7 2.64922 0.00924603
8 2.8347 0.00968443
9 3.00478 0.00935736
10 3.16801 0.0110454
11 3.32392 0.0124274
12 3.47384 0.012633
13 3.62207 0.0131152
14 3.76148 0.0139509
15 3.89685 0.0145535
16 4.01677 0.0144039
17 4.13563 0.0149635
18 4.24708 0.0158202
19 4.36146 0.0148368
20 4.47747 0.0157609
21 4.58541 0.0167407
22 4.68427 0.0183576
23 4.78363 0.0180014
24 4.89894 0.0186902
25 4.99824 0.0184988
26 5.10233 0.0187158
27 5.1999 0.0187906
28 5.28575 0.0185245
29 5.38379 0.0178497
30 5.48272 0.0187655
31 5.57314 0.0193423
32 5.67003 0.0207218
33 5.75952 0.0209359
34 5.85423 0.0211651
35 5.93567 0.0217004
36 6.0174 0.0223939
37 6.10719 0.0223043
38 6.18758 0.0225817
39 6.27519 0.0221428
40 6.36026 0.0222565
41 6.44071 0.0223379
42 6.51142 0.0246202
43 6.59034 0.0252515
44 6.6657 0.0261355
45 6.73394 0.0262052
46 6.79829 0.0269088
47 6.87063 0.0263191
48 6.94766 0.0259947
49 7.01989 0.026052
50 7.08268 0.0262212
51 7.15298 0.0260201
52 7.22109 0.0257272
53 7.29139 0.0257846
54 7.35991 0.0254968
55 7.42845 0.0267561
56 7.49441 0.0266257
57 7.56484 0.0263417
58 7.62056 0.0252381
59 7.69229 0.0261502
60 7.7535 0.0267585
61 7.82024 0.0266225
62 7.89671 0.0270382
63 7.9642 0.0268165
64 8.03485 0.0272052
65 8.1024 0.0272207
66 8.16423 0.0273702
67 8.22018 0.0272621
68 8.27986 0.0277379
69 8.33534 0.0278601
70 8.40041 0.0284615
71 8.462 0.0298226
72 8.52903 0.0308645
73 8.59084 0.0320119
74 8.6521 0.0323709
75 8.70594 0.0330375
76 8.76159 0.0342001
77 8.82574 0.0344388
78 8.8932 0.0341693
79 8.94769 0.0347198
80 9.00091 0.0353797
81 9.05891 0.0349755
82 9.11464 0.0346292
83 9.16909 0.0341958
84 9.22627 0.0338966
85 9.28815 0.0342583
86 9.33922 0.0333541
87 9.39012 0.0337774
88 9.43556 0.0343356
89 9.48526 0.0344872
90 9.53844 0.0344652
91 9.5878 0.0353714
92 9.64019 0.0355958
93 9.68642 0.0352987
94 9.73274 0.0352739
95 9.78184 0.0363898
96 9.8377 0.0369839
97 9.89121 0.0357749
98 9.94366 0.0356605
99 9.98933 0.0353298
100 10.0389 0.0365973
