1 1 0
2 1.41732 0.00365494
3 1.73269 0.005644
4 1.999 0.0075583
5 2.23392 0.00782138
6 2.4391 0.00820067
7 2.63701 0.00914449
8 2.8205 0.010519
9 3.00503 0.0109489
10 3.17024 0.01258
11 3.32764 0.0126905
12 3.475 0.0133294
13 3.61256 0.0131481
14 3.74825 0.0135009
15 3.88451 0.0137105
16 4.00225 0.014136
17 4.1173 0.014568
18 4.24625 0.0147058
19 4.36426 0.0152428
20 4.47361 0.0169507
21 4.57871 0.0168191
22 4.69204 0.0175946
23 4.79139 0.0178974
24 4.88463 0.0178844
25 4.98203 0.0173506
26 5.07829 0.0170653
27 5.17355 0.0165562
28 5.27077 0.0171404
29 5.37312 0.0179996
30 5.45844 0.018842
31 5.55147 0.0191199
32 5.6487 0.0203652
33 5.74446 0.0210425
34 5.83145 0.020937
35 5.91676 0.0222619
36 5.998 0.0225723
37 6.07896 0.0235747
38 6.15134 0.0240625
39 6.23344 0.0236949
40 6.31631 0.0246947
41 6.39562 0.0254684
42 6.47101 0.025234
43 6.54877 0.0260587
44 6.62785 0.0258999
45 6.69981 0.0263477
46 6.77615 0.0272171
47 6.8528 0.0274297
48 6.9234 0.0276628
49 6.99181 0.0278369
50 7.06624 0.0281776
51 7.12782 0.0286784
52 7.19887 0.0285147
53 7.27094 0.0298527
54 7.33797 0.0295085
55 7.40477 0.0299441
56 7.46243 0.0301637
57 7.52509 0.0296432
58 7.58819 0.0293826
59 7.64873 0.0288301
60 7.72047 0.0287722
61 7.78651 0.0289935
62 7.84376 0.0291728
63 7.90793 0.0298151
64 7.9747 0.0296868
65 8.0311 0.0301555
66 8.09043 0.0308452
67 8.14114 0.031317
68 8.20137 0.0311051
69 8.27335 0.0313408
70 8.33443 0.031923
71 8.38542 0.03221
72 8.44113 0.0321242
73 8.49698 0.0325827
74 8.56064 0.0332916
75 8.61739 0.0337915
76 8.68084 0.0334856
77 8.73318 0.0344789
78 8.78566 0.0352586
79 8.83741 0.0353379
80 8.89565 0.0359873
81 8.96413 0.035506
82 9.01723 0.0353809
83 9.08189 0.0352722
84 9.14151 0.0357432
85 9.19705 0.035932
86 9.25327 0.0356143
87 9.31233 0.0353008
88 9.3646 0.0349047
89 9.4203 0.0346863
90 9.46832 0.0339909
91 9.51353 0.0341088
92 9.56075 0.0345345
93 9.61455 0.0347063
94 9.66374 0.0359631
95 9.71266 0.0367963
96 9.76306 0.037707
97 9.81902 0.0378524
98 9.86034 0.0380947
99 9.91131 0.0383085
100 9.96661 0.0383726
