410.142 475.443
395.504 459.068
395.253 441.259
383.691 427.366
378.428 414.188
374.93 403.432
370.516 394.303
361.963 386.649
359.047 378.951
352.95 373.957
346.552 367.003
340.756 361.044
333.158 353.553
326.321 347.461
320.191 340.908
319.895 335.394
314.098 330.617
313.752 326.79
304.593 322.604
301.625 319.156
296.514 314.807
296.146 310.13
293.338 306.385
291.459 302.624
288.224 299.615
285.352 296.47
283.006 293.955
272.928 290.841
267.119 287.209
261.258 282.68
261.258 278.119
260.539 272.278
257.58 267.39
256.182 264.333
253.806 261.521
250.053 259.579
250.053 257.28
246.87 255.095
243.547 253.384
239.812 251.531
238.184 249.225
234.317 246.393
230.95 243.626
228.594 240.872
228.118 238.219
225.706 236.212
225.4 233.598
218.847 231.693
218.847 229.928
217.004 227.258
215.825 224.995
214.475 222.276
213.013 220.171
210.105 218.621
207.893 216.574
207.465 214.675
206.292 212.752
205.144 211.127
204.922 209.674
203.279 208.46
202.241 207.124
200.585 205.653
199.43 204.372
198.689 203.536
198.047 202.635
196.353 201.818
195.373 200.659
194.359 199.357
193.384 198.562
191.183 197.351
191.161 195.883
189.059 194.454
188.422 193.534
186.338 192.466
185.134 191.081
183.869 189.761
183.869 188.741
182.665 187.693
182.221 186.75
178.672 185.646
178.4 184.887
177.587 183.805
177.225 182.116
175.923 180.5
175.562 179.218
172.374 178.285
172.374 177.677
172.374 176.993
171.543 177.06
170.388 177.327
170.091 177.303
170.091 176.14
168.425 174.599
167.924 173.849
167.924 172.628
166.132 171.122
166.053 169.902
164.826 169.039
163.214 167.622
162.594 166.396
161.908 165.286
161.289 164.437
159.342 163.328
158.723 162.335
158.377 161.4
155.427 160.429
155.427 159.621
155.427 158.456
153.254 157.536
152.902 156.694
152.827 155.632
151.396 154.746
150.605 153.915
149.844 153.283
149.229 152.335
148.702 151.355
148.368 150.491
144.622 149.707
143.598 149.103
142.766 147.684
141.905 146.429
139.457 145.079
139.457 143.808
137.727 142.688
137.229 141.475
136.592 140.573
136.094 139.556
136.094 138.971
134.981 137.829
134.981 137.078
134.268 136.272
133.298 135.928
132.789 135.502
132.789 135.455
132.296 135.234
132.224 135.152
131.223 134.55
130.571 133.939
130.571 133.765
129.299 133.799
127.179 132.957
126.528 132.345
125.763 131.227
125.112 129.46
125.112 127.752
124.654 126.68
124.449 125.894
124.39 125.228
123.211 125.066
122.808 125.012
122.351 125.545
122.351 125.828
119.401 125.278
119.401 123.832
118.564 122.787
117.948 121.513
116.743 120.52
116.743 119.4
115.29 118.628
115.29 117.859
114.8 117.24
114.784 116.662
114.679 116.132
114.527 115.548
113.357 115.173
113.236 115.008
112.174 114.791
112.11 114.507
112.11 114.212
111.049 113.723
111.049 113.37
110.832 113.219
110.468 112.571
110.424 112.057
109.646 111.853
109.133 111.256
108.693 111.038
108.23 110.411
107.718 109.974
107.718 109.433
106.962 108.902
106.962 108.457
106.489 108.009
106.437 107.617
105.827 107.191
105.458 106.932
104.987 106.556
104.517 106.291
103.86 106.009
103.67 105.475
102.874 104.892
102.874 104.624
102.409 104.209
102.09 103.732
102.054 103.302
101.628 102.9
101.595 102.624
101.115 102.254
100.621 102.002
100.585 101.728
100.289 101.337
100.289 101.044
99.4343 100.803
99.3981 100.554
99.1025 100.245
99.1025 100.05
97.9833 99.7306
97.9833 99.4774
97.6749 99.1785
97.383 98.7639
97.0496 98.4439
97.0496 98.1185
96.7412 97.7842
96.4767 97.5088
96.4767 97.218
96.4767 96.9755
96.4767 96.8151
95.6487 96.6675
95.162 96.4972
94.8202 96.2612
94.8202 95.9088
94.3334 95.5243
94.3334 95.2295
94.3334 94.9005
94.2466 94.665
93.7598 94.4667
93.7598 94.3512
93.4457 94.1703
93.4457 94.0499
93.2266 93.8298
93.2266 93.6936
93.2266 93.6673
93.2236 93.7973
93.2236 94.0142
92.8277 94.3841
92.8248 94.2721
92.8248 93.798
92.5931 93.5739
92.5902 93.65
92.5902 93.4186
92.5902 93.5254
92.4863 93.2772
92.4833 93.2357
92.4547 93.4577
92.2658 93.483
92.2658 93.5394
92.2658 94.0738
92.2658 93.6047
91.1708 94.0892
90.9533 93.4638
90.9533 93.5559
90.9533 92.7497
90.744 92.6099
90.6359 92.2936
90.6359 92.0414
90.5584 92.0801
90.5584 92.0189
90.5584 91.525
90.4823 91.173
90.4047 90.9401
90.1501 90.8067
90.1501 90.5796
90.1501 90.4479
89.6074 90.325
89.3528 90.2509
88.8976 90.1884
88.8976 90.1091
88.8976 90.2746
88.8976 90.802
88.8976 91.3402
88.8976 91.2629
88.8976 91.0824
88.8976 90.6377
88.8976 90.3447
88.8976 90.0671
88.8976 89.3282
88.2477 88.9685
88.2477 88.9577
88.2477 89.0092
88.2477 89.4649
87.9079 89.7162
87.9079 89.4277
87.9079 89.0701
87.9079 88.5141
87.9079 88.1192
87.9079 87.9548
87.9079 87.9444
87.5631 87.9073
87.5631 87.8955
87.5631 87.884
87.5631 87.9672
87.5631 88.1194
87.5631 87.9233
87.4675 88.0748
87.1275 87.873
87.1275 87.7912
87.1275 87.9925
86.9933 89.1449
86.9933 90.3478
86.9933 91.4308
86.9933 92.073
86.9933 91.1876
86.9933 90.1956
86.313 88.8191
86.1517 87.6378
86.1075 87.0446
85.4714 86.7512
85.1356 86.4775
85.1356 86.3134
85.1356 86.022
85.1356 85.736
85.1356 85.4153
85.0942 85.3036
85.0942 85.2354
85.0942 85.1737
85.0942 85.1538
85.0942 85.128
85.0942 85.1013
85.0247 85.0962
84.9834 85.0927
84.9834 85.0761
84.9834 85.0498
84.9834 85.0231
84.5921 85.0028
84.5921 84.9849
84.5921 84.9417
84.5921 84.9065
84.5921 84.8588
84.5921 84.8876
84.5921 84.7798
84.5921 84.7433
84.5921 84.6341
84.503 84.5998
84.503 84.5867
84.503 84.5763
84.257 84.5463
84.047 84.5191
83.7119 84.4888
83.7119 84.4084
83.6851 84.2826
83.14 84.2002
83.14 83.9044
83.14 83.7489
83.14 83.6244
83.1139 83.3951
82.5813 83.3631
82.5552 83.2175
82.5552 83.028
82.5552 82.8858
82.5552 82.7701
82.5552 82.6579
82.5552 82.6098
82.2839 82.5741
82.2839 82.5569
82.2839 82.4966
82.2839 82.4321
82.2839 82.3773
82.2839 82.3163
82.2839 82.2967
82.2839 82.2903
82.2839 82.2839
82.2839 82.2839
82.1673 82.2837
82.1673 82.2825
82.1673 82.3686
82.1358 82.7105
82.1358 83.2689
82.1358 83.5113
82.1358 83.3267
82.1358 82.938
82.1358 82.5046
82.1358 82.2532
82.1064 82.2463
82.1064 82.1733
82.1064 82.1303
82.1064 82.1219
82.1064 82.1182
82.1064 82.111
82.1064 82.1072
81.925 82.1058
81.925 82.1001
81.4963 82.0706
81.4963 82.0051
81.3678 81.8585
81.3678 81.7645
81.3678 81.5853
80.7542 81.53
80.7542 81.3867
80.6253 81.2633
80.6253 81.0779
80.6253 80.8945
80.6253 80.8343
80.6253 80.7293
80.6253 80.6728
80.599 80.6616
80.599 80.6372
80.599 80.6204
80.599 80.6144
80.5896 80.6081
80.5896 80.603
80.5896 80.5994
80.2287 80.5937
80.2024 80.5769
80.193 80.5148
79.7409 80.4786
79.7147 80.425
79.7147 80.3267
79.7147 80.0683
79.7147 79.9275
79.7147 79.8571
79.4371 79.7303
79.3479 79.7038
79.3384 79.6422
79.2938 79.5474
79.2045 79.4699
79.2045 79.415
79.2045 79.3514
79.2045 79.3056
79.2045 79.2417
79.2045 79.2416
79.2045 79.2143
79.2045 79.2045
79.2045 79.2045
79.2045 79.2045
79.2045 79.2045
78.7218 79.2036
78.7218 79.188
78.7218 79.1084
78.7218 79.0212
78.7218 78.9963
78.7218 78.8199
78.7218 78.8201
78.7009 78.7982
78.7009 78.7629
78.7009 78.726
78.7009 78.7123
78.5593 78.7417
78.4301 78.6959
78.4301 78.6672
78.4092 78.6311
78.3854 78.8119
78.3854 78.615
78.3854 78.539
78.3854 78.5036
78.3854 78.4596
78.3854 78.488
78.3854 78.3916
78.3395 78.3856
78.3395 78.3833
78.3395 78.5282
78.3395 78.6258
78.3395 78.7641
78.3395 78.7226
78.3395 78.6478
78.3395 78.5186
78.3395 78.4772
78.3395 78.3688
78.3395 78.3491
78.3395 78.354
78.3261 78.3395
78.3261 78.339
78.3261 78.3371
78.3261 78.3342
78.139 78.3308
78.139 78.3242
78.139 78.3035
78.139 78.2801
78.139 78.4272
78.139 78.3079
78.139 78.3323
78.139 78.2026
78.139 78.2103
78.139 78.2316
78.139 78.1634
78.139 78.1431
78.139 78.139
78.1293 78.139
78.1293 78.1384
78.1293 78.1367
78.1293 78.1339
78.1293 78.1318
78.1293 78.1305
78.1293 78.1293
78.1293 78.1293
78.1293 78.1293
78.1293 78.1293
78.1293 78.1293
78.1293 78.1293
78.1293 78.1293
78.1293 78.1293
78.1293 78.1293
78.1293 78.1293
78.1293 78.1293
78.1293 78.1293
78.1293 78.1293
78.1293 78.1293
78.1293 78.1814
78.1293 78.1501
78.1293 78.1293
78.1293 78.1299
78.1293 78.1388
78.1293 78.1293
78.1293 78.1293
78.1293 78.1293
78.1293 78.1293
78.1293 78.1293
78.1293 78.1293
78.1293 78.1293
78.1293 78.1324
77.8543 78.1288
77.8543 78.1208
77.8543 78.2108
77.8543 78.3986
77.8543 78.5268
77.8543 78.8443
77.8543 78.4883
77.8543 78.2601
77.8543 78.0194
77.7698 77.9397
77.7698 77.8508
77.7698 77.833
77.7698 77.8138
77.7698 77.797
77.7698 77.7821
77.7698 77.7717
77.7698 77.7698
77.7698 77.7698
77.7698 77.7698
77.7698 77.7698
77.7698 77.7698
77.7698 77.7698
77.7698 77.7698
77.7698 77.7698
77.7698 77.7698
77.7698 77.7723
77.7698 77.7698
77.7698 77.7698
77.7698 77.7698
77.7698 77.7698
77.7698 77.7698
77.7698 77.7698
77.7698 77.7698
77.7698 77.7698
77.7698 77.7698
77.7698 77.7698
77.7698 77.7698
77.1327 77.7685
77.1327 77.7431
77.1327 77.6429
77.1327 77.5416
77.1079 77.5913
77.1079 77.4371
77.1079 77.3582
77.1079 77.1811
77.1079 77.1197
77.1079 77.1188
77.1079 77.1101
77.1079 77.1089
77.1079 77.1083
77.1079 77.1079
77.1079 77.1079
77.1079 77.1079
77.1079 77.1079
77.1079 77.1079
77.1079 77.1079
77.1079 77.1079
77.1079 77.1079
77.1079 77.1079
77.1079 77.1079
77.1079 77.1079
77.1079 77.1079
77.1079 77.1079
77.1079 77.1079
77.1017 77.1079
77.1017 77.1077
77.1017 77.1083
77.1017 77.2835
76.7113 77.2705
76.7113 77.4171
76.7113 77.6492
76.7113 78.642
76.4501 79.9264
76.4501 80.3556
76.4501 80.1934
76.4501 79.4316
76.4501 78.3706
76.4501 77.6218
76.4501 76.939
76.4501 76.5974
76.4501 76.5147
76.4501 76.4501
76.4501 76.4501
76.4501 76.4501
76.4501 76.4501
76.4501 76.4501
76.3729 76.4499
76.3729 76.4473
76.2086 76.435
76.1314 76.4354
76.1266 76.4894
76.1124 76.556
75.9691 76.8688
75.955 76.6582
75.0362 76.4711
74.8881 76.3073
74.8739 76.2026
74.8739 75.8564
74.8739 75.6022
74.5547 75.3815
74.5547 75.1205
74.5547 74.9962
74.5547 74.7401
74.0752 74.6728
74.0752 74.6412
74.0752 74.4783
74.0752 74.3516
73.6744 74.2544
73.6744 74.1612
73.1949 74.0772
73.1949 73.9136
73.0845 73.8045
72.605 73.6054
72.605 73.4328
72.605 73.2246
72.605 72.9903
72.585 72.8364
72.585 72.8082
72.585 72.6984
72.585 72.6621
72.585 72.6323
72.585 72.6443
72.2465 72.5858
72.2265 72.5866
72.2265 72.5202
72.2265 72.4429
72.2265 72.3659
72.2265 72.3027
72.2265 72.2645
71.7005 72.2367
71.7005 72.2172
71.6854 72.1367
71.6854 72.022
71.6854 71.9016
71.6854 71.8285
71.6854 71.7652
71.6854 71.7551
71.6854 71.7286
71.6854 71.7436
71.6854 71.7408
71.6854 71.6962
71.6854 71.6854
71.6854 71.6854
71.6854 71.6854
71.6854 71.6854
71.6854 71.6854
71.6854 71.6854
71.6854 71.6854
71.6854 71.6854
71.6854 71.6854
71.6854 71.6854
71.6854 71.6854
71.6854 71.6854
71.5677 71.6851
71.5677 71.6797
71.5677 71.6585
71.5677 71.7194
71.5677 71.6633
71.5677 71.5968
71.5677 71.6882
71.5677 71.7596
71.5677 71.6606
71.5677 71.5677
71.5677 71.5677
71.5677 71.5683
71.5677 71.5677
71.5677 71.5677
71.5677 71.5677
71.5677 71.5677
71.5677 71.5677
71.5677 71.5677
71.5677 71.5677
71.5677 71.5677
71.5677 71.5677
71.5677 71.5677
71.5677 71.5677
71.5677 71.5677
71.5677 71.5677
71.5677 71.5677
71.5677 71.5677
71.5677 71.5677
71.5677 71.5677
71.5677 71.5677
71.5677 71.5677
71.5677 71.5677
71.5677 71.5677
71.5677 71.5677
71.5677 71.5677
71.5677 71.5677
71.5677 71.5677
71.5677 71.5677
71.5677 71.5677
71.5677 71.5677
71.5677 71.5677
71.5677 71.5677
71.5677 71.5677
71.5096 71.5676
71.5096 71.5645
71.5096 71.5531
71.5096 71.5401
71.5096 71.5259
71.5096 71.5156
71.5096 71.5125
71.5096 71.5096
71.5096 71.51
71.5096 71.5096
71.5096 71.5157
71.5096 71.5096
71.5096 71.5096
71.5096 71.5096
71.5096 71.5096
71.5096 71.5096
71.5096 71.5096
71.5096 71.5096
71.4912 71.5096
71.4912 71.5087
71.4912 71.5054
71.4912 71.5119
71.4912 71.4974
71.4912 71.4934
71.4912 71.4919
71.4912 71.4933
71.4912 71.4925
71.4912 71.4912
71.4912 71.4912
71.4912 71.4912
71.4912 71.4912
71.4912 71.4912
71.4912 71.4912
71.4912 71.4912
71.4912 71.4912
71.4912 71.4912
71.4912 71.4912
71.4912 71.4912
71.4912 71.4912
71.4912 71.4912
71.4912 71.4912
71.4912 71.4912
71.4912 71.4912
71.4912 71.4912
71.4912 71.4912
71.4912 71.4912
71.4912 71.4912
71.4912 71.4912
71.4912 71.4912
71.4912 71.4912
71.4912 71.4912
71.4912 71.4912
71.4912 71.4912
71.4912 71.4912
71.4912 71.4912
71.4912 71.4912
71.4912 71.4912
71.4912 71.4912
71.4912 71.4912
70.9419 71.4896
70.9419 71.4627
70.9419 71.3602
70.9419 71.2255
70.9419 71.106
70.9419 70.998
70.9419 70.9504
70.9419 70.9419
70.9419 70.9419
70.9419 70.9419
70.9419 70.9419
70.9419 70.9419
70.9419 70.9419
70.9419 70.9419
70.9419 70.9419
70.9419 70.9419
70.9419 70.9419
70.9419 70.9419
70.9419 70.9422
70.9419 70.9419
70.9419 70.9419
70.9419 70.9419
70.9419 70.9419
70.9419 70.9419
70.9419 70.9419
70.9419 70.9419
70.9419 70.9419
70.9419 70.9419
70.9419 70.9419
70.9419 70.9419
70.9419 70.9419
70.9419 70.9419
70.9419 70.9419
70.9419 70.9419
70.9419 70.9419
70.9419 70.9419
70.9419 70.9419
70.9419 70.9419
70.9419 70.9419
70.9419 70.9419
70.9419 70.9419
70.6737 70.9413
70.6402 70.9354
70.6402 70.9767
70.6402 71.2391
70.6402 71.3646
70.6402 71.648
70.6402 71.5001
70.6402 71.2544
70.6402 71.2268
70.6402 70.8797
70.5561 70.7325
70.5561 70.6369
70.5561 70.6238
70.5561 70.6026
70.5561 70.5817
70.5561 70.5638
70.5103 70.559
70.5103 70.5544
70.5103 70.5473
70.5103 70.5358
70.5103 70.5257
70.5103 70.5206
70.5103 70.5134
70.5103 70.5121
70.5103 70.5108
70.5103 70.5104
70.5103 70.5103
70.5103 70.5103
70.5103 70.5103
70.5103 70.5103
70.5103 70.5103
70.5103 70.5103
70.5103 70.5103
70.5103 70.5103
70.5103 70.5103
70.5103 70.5139
70.5103 70.5103
70.5103 70.5103
70.5103 70.5103
70.5103 70.5103
70.5103 70.5103
70.5103 70.5103
70.5103 70.5103
70.5103 70.5103
70.5103 70.5103
70.5103 70.5103
70.5103 70.5103
70.5103 70.5103
70.5103 70.5103
70.5103 70.5103
70.5103 70.5103
70.5103 70.5103
70.5103 70.5103
70.5103 70.5103
70.5103 70.5103
70.5103 70.5103
70.5103 70.5103
70.5103 70.5103
70.5103 70.5103
70.5103 70.5103
70.5103 70.5103
70.5103 70.5103
70.5103 70.5103
70.5103 70.5103
70.5103 70.5103
70.5103 70.5103
70.5103 70.5103
70.5103 70.5104
70.5103 70.5103
70.5103 70.5103
70.5103 70.5103
70.5103 70.5103
70.5103 70.5103
70.5103 70.5103
70.5103 70.5103
70.5103 70.5103
70.5103 70.5103
70.5103 70.5103
70.5103 70.5103
70.5103 70.5103
70.5103 70.5103
70.5103 70.5103
70.5103 70.5103
70.5103 70.5103
70.5103 70.5103
70.5103 70.5103
70.5103 70.5103
70.5103 70.5103
70.5103 70.5103
70.5103 70.5103
70.5103 70.5103
70.5103 70.5103
70.5103 70.5103
70.5103 70.5103
70.5103 70.5103
70.5103 70.5103
70.5103 70.5103
70.5103 70.5103
70.5103 70.5103
70.5103 70.5103
70.5103 70.5103
70.5103 70.5103
70.5103 70.5103
70.5103 70.5103
70.5103 70.5103
70.5103 70.5103
70.5103 70.5103
70.5103 70.5103
70.5103 70.5103
70.5103 70.5103
70.5103 70.5103
70.5103 70.5103
70.5103 70.5103
70.5103 70.5103
70.5103 70.5103
70.5103 70.5103
70.5103 70.5103
70.5103 70.5103
70.5103 70.5103
70.5103 70.5103
70.5103 70.5103
70.5103 70.5103
70.5103 70.5103
70.5103 70.5309
70.5103 70.5103
70.5103 70.5103
70.5103 70.5103
70.5103 70.5103
70.5103 70.5103
70.5103 70.5103
70.5103 70.5103
70.5103 70.5103
70.5103 70.5103
70.433 70.5102
70.433 70.5072
70.433 70.4947
70.433 70.4751
70.433 70.4579
70.433 70.451
70.433 70.472
70.433 70.5229
70.433 70.5123
70.433 70.45
70.433 70.433
70.433 70.433
70.433 70.433
70.433 70.433
70.433 70.433
70.433 70.433
70.433 70.433
70.433 70.433
70.433 70.433
70.433 70.433
70.433 70.433
70.433 70.433
70.433 70.433
70.3164 70.4354
70.3164 70.4307
70.3164 70.5022
69.9184 70.6392
69.9184 70.9712
69.9184 70.8625
69.9184 70.9143
69.9184 70.748
69.9184 70.5583
69.9184 70.4034
69.9184 70.0742
69.9184 69.9184
69.9184 69.9184
69.9184 69.9184
69.9184 69.9184
69.9184 69.9184
69.9184 69.9184
69.9184 69.9184
69.9184 69.9184
69.9184 69.9184
69.9184 69.9184
69.8359 69.9182
69.8359 69.9138
69.8359 69.8988
69.8359 69.8758
69.8359 69.8559
69.8094 69.8474
69.8094 69.8365
69.6464 69.8304
69.4431 69.8193
69.3488 69.7847
69.2536 69.7138
68.956 69.6528
68.956 69.4766
68.956 69.3296
68.7886 69.1518
68.5017 69.0505
68.5017 68.9679
68.3212 68.829
