422.899 475.483
414.225 461.487
394.362 446.018
388.08 434.92
375.341 420.4
372.985 407.126
363.592 392.779
353.056 380.697
342.559 371.64
336.517 362.702
333.755 353.922
326.485 346.784
318.1 341.096
313.423 335.085
303.711 328.676
303.711 322.569
302.589 316.035
299.301 310.135
293.812 306.793
292.885 303.156
288.481 300.494
286.178 297.955
279.127 294.723
276.818 291.682
270.804 287.529
270.223 284.291
265.56 280.778
263.3 276.965
260.624 273.676
259.001 270.691
256.913 268.291
250.878 265.244
248.599 263.129
246.056 259.479
244.495 255.583
240.47 251.78
239.969 249.38
238.064 247.051
233.133 245.097
231.322 242.726
227.255 240.874
222.209 237.499
221.909 234.013
220.378 230.609
219.294 227.164
215.289 224.394
214.691 221.655
213.702 220.013
211.71 218.24
206.287 216.719
205.203 214.863
203.373 212.711
201.655 210.228
198.687 208.053
197.447 205.932
194.203 203.565
192.676 200.974
192.611 199.062
191.259 197.138
189.809 195.235
186.493 193.814
186.36 192.168
183.343 190.887
182.384 189.374
181.924 187.726
180.612 186.329
179.327 184.952
176.984 183.493
176.424 181.934
175.285 180.437
174.832 179.224
174.518 177.576
170.697 176.466
170.697 175.409
169.754 174.622
168.185 173.803
168.185 172.453
166.886 171.686
164.328 170.791
162.376 169.584
162.376 168.152
162.164 166.576
159.008 164.916
158.758 163.864
158.501 163.378
158.414 163.264
154.24 162.579
153.733 161.247
152.899 159.982
152.668 157.842
151.755 155.799
151.126 154.412
149.71 153.323
148.488 152.644
147.654 152.047
146.864 151.211
146.565 150.279
145.323 149.101
143.699 147.969
141.134 147.101
140.14 145.686
140.14 144.347
139.35 142.587
138.213 141.487
137.223 140.387
136.389 139.611
134.673 138.947
134.001 138.187
133.64 136.874
132.131 135.702
132.131 134.928
130.512 134.115
130.512 133.544
129.962 132.713
129.724 132.1
129.266 131.666
129.266 131.096
127.74 130.623
126.665 130.344
123.297 129.556
121.425 128.473
120.783 127.228
120.783 125.3
118.018 123.561
118.018 122.168
117.582 121.307
117.582 120.217
116.896 119.477
116.497 118.243
115.26 117.585
114.175 117.133
113.489 116.601
113.231 116.099
112.471 115.346
112.471 114.554
110.305 114.08
110.305 113.275
110.182 112.873
108.807 112.58
108.683 111.843
108.556 111.172
107.908 110.301
107.823 109.626
107.354 109.018
107.044 108.604
106.782 108.157
105.917 107.779
105.825 107.441
105.203 107.001
105.093 106.598
105.041 106.213
103.971 105.804
103.808 105.458
103.525 104.958
103.362 104.499
103.094 104.078
102.648 103.841
102.441 103.512
102.035 103.253
102.027 102.968
101.621 102.683
100.961 102.421
100.301 102.171
99.8946 101.733
99.3463 101.227
99.3463 100.636
98.6704 100.144
98.6704 99.7838
98.6704 99.5176
98.4574 99.2878
97.8296 99.051
97.7881 98.7697
97.3405 98.6106
96.883 98.2682
96.8022 97.9402
96.497 97.7145
96.497 97.6795
96.2526 97.5565
95.9555 97.4283
95.9555 97.1715
95.9555 96.8517
95.9555 96.5332
95.7588 96.2088
95.7486 96.029
95.6339 96.0174
94.7803 95.9301
94.5734 95.834
93.7457 95.634
93.6638 95.3971
93.1831 95.1669
92.9762 94.6797
92.9762 94.197
92.9762 93.6954
92.7361 93.4694
92.5718 93.1928
92.0837 93.0138
92.0837 92.9398
92.0837 92.8353
91.4789 92.6384
91.4789 92.4995
91.4789 92.5039
90.9699 92.3052
90.9699 92.0227
90.9699 92.7198
90.9699 93.1461
90.9699 93.92
90.9699 94.6817
90.9699 95.7075
90.9699 94.8649
90.9699 94.2472
90.9175 93.1924
90.687 92.1611
90.6347 91.8433
90.6347 91.3144
89.9046 91.2434
89.9046 90.8587
89.6217 90.5974
89.2173 90.3664
89.2173 90.1836
88.7837 89.9017
88.6542 89.6988
88.2206 89.5552
87.8899 89.1788
87.3902 88.8817
86.8271 88.5538
86.8271 88.1532
86.8271 87.7938
86.6911 87.5495
86.6338 87.1147
86.6338 86.9996
86.5751 86.7756
86.3448 86.7125
86.163 86.6963
85.6807 86.6975
85.6807 86.5971
85.5647 86.2845
85.5647 86.1226
85.4278 86.0116
84.4191 85.9594
84.4191 85.9157
84.0055 85.5587
84.0055 85.1425
84.0055 84.8596
84.0055 84.5443
84.0055 84.298
83.1717 84.1372
83.1043 83.9933
83.1043 83.8229
83.0881 83.5931
83.0207 83.4113
82.9611 83.2487
82.6667 83.1391
82.2469 83.0713
82.0212 82.9631
81.9616 82.7273
81.9375 82.4636
81.878 82.2208
81.878 82.0816
81.878 81.98
81.878 81.9237
81.4462 81.9716
81.4462 81.8695
81.4449 81.7933
80.9315 81.6682
80.9315 81.5554
80.9303 81.4067
80.9303 81.2814
80.9208 81.1129
80.9208 81.02
80.9208 80.9386
80.9208 80.9299
80.5354 80.9225
80.5246 80.909
80.4383 80.8461
80.3459 80.7729
80.2596 80.7113
80.1405 80.5983
80.1405 80.4984
79.8142 80.426
79.7766 80.3446
79.4787 80.1679
79.3924 80.0134
79.3924 79.9484
78.9582 79.9886
78.9582 79.9181
78.9582 79.6343
78.9582 79.3259
78.3141 79.1889
78.3141 79.0314
78.2779 78.8814
78.2779 78.75
78.1343 78.5588
78.0451 78.4302
77.8123 78.3211
77.3745 78.2549
77.3745 78.1394
77.3197 77.9022
76.9492 77.6481
76.6271 77.5183
76.6271 77.4117
76.6271 77.2414
76.5723 77.1532
76.5723 77.0477
76.5723 76.757
76.5723 76.6834
76.5723 76.6175
76.5723 76.6097
76.5723 76.6205
76.2167 76.5737
76.162 76.5566
76.162 76.4852
76.162 76.3816
76.0872 76.3246
76.0324 76.2479
76.0324 76.1742
76.0324 76.115
75.9915 76.0766
75.862 76.0521
75.862 76.0258
75.862 75.9824
75.862 75.9443
75.862 75.9135
75.862 75.8904
75.862 75.8722
75.862 75.8659
75.862 75.862
75.862 75.862
75.862 75.862
75.862 75.862
75.862 75.862
75.862 75.862
75.862 75.862
75.862 75.862
75.862 75.862
75.862 75.862
75.862 75.862
75.862 75.862
75.862 75.862
75.862 75.862
75.862 75.862
75.862 75.862
75.862 75.862
75.862 75.862
75.862 75.862
75.862 75.862
75.862 75.862
75.862 75.862
75.862 75.862
75.862 75.862
75.862 75.862
75.862 75.862
75.862 75.862
75.862 75.862
75.862 75.862
75.862 75.862
75.862 75.862
75.862 75.862
75.862 75.862
75.862 75.862
75.862 75.862
75.862 75.8769
75.862 75.862
75.862 75.862
75.862 75.862
75.862 75.862
75.862 75.862
75.862 75.862
75.862 75.862
75.4265 75.8611
75.4265 75.835
75.4265 75.7486
75.4265 75.6493
75.4265 75.558
75.4265 75.4932
75.4265 75.4265
75.4265 75.4265
75.4265 75.4265
75.2975 75.4262
75.1803 75.4211
74.5409 75.4018
74.5409 75.3955
74.5409 75.297
74.5409 75.0978
74.5409 74.9123
74.5409 74.8847
74.5409 74.7395
74.5409 74.572
73.7381 74.5393
73.7381 74.5285
73.1266 74.4743
72.3239 74.3558
72.3239 74.1013
72.3239 73.8948
72.3239 73.6956
72.3239 73.1736
72.1033 72.8755
72.1033 72.6873
72.1033 72.6986
72.0405 72.4141
72.0405 72.1859
72.0405 72.1538
72.0405 72.1077
72.0405 72.0638
72.0405 72.0533
72.0405 72.0465
72.0405 72.0413
72.0405 72.0405
72.0405 72.0406
72.0405 72.0405
72.0405 72.0636
72.0405 72.058
72.0405 72.0405
72.0405 72.0405
72.0405 72.0405
72.0405 72.0405
72.0405 72.0405
72.0405 72.0405
72.0405 72.0405
72.0405 72.0405
72.0405 72.0405
72.0405 72.0405
72.0405 72.0405
72.0405 72.0405
72.0405 72.0405
72.0405 72.0423
72.0405 72.0405
72.0405 72.0405
72.0405 72.0405
72.0405 72.0405
72.0405 72.0405
72.0405 72.0405
72.0405 72.0405
72.0348 72.0405
72.0348 72.0403
72.0348 72.0393
72.0348 72.038
72.0348 72.0368
72.0348 72.046
71.7803 72.0348
71.7803 72.0268
71.7803 71.9942
71.7803 71.9461
71.7803 71.8815
71.7803 71.8327
71.7803 71.8067
71.7803 71.7886
71.282 71.7793
71.282 71.7593
71.282 71.6746
71.282 71.5391
71.282 71.4612
71.282 71.3743
71.1448 71.3595
71.1448 71.2875
71.0913 71.2631
70.593 71.201
70.593 71.0672
70.593 70.8812
70.3493 70.7546
70.3493 70.6996
70.3493 70.6033
70.3493 70.5021
70.3493 70.4281
70.3493 70.3964
70.3493 70.3504
70.3493 70.3493
70.3493 70.353
70.3493 70.3988
70.3493 70.3493
70.3493 70.3493
70.3493 70.3493
70.3493 70.3493
69.9582 70.3486
69.9582 70.3321
69.9582 70.2797
69.9582 70.2868
69.7847 70.1856
69.7847 70.1166
69.7847 70.1029
69.7847 70.1196
69.7237 70.0796
69.7237 69.9527
69.7237 69.8465
69.7237 69.7595
69.7237 69.7406
69.7237 69.7293
69.7237 69.7399
69.7237 69.7317
69.7237 69.7237
69.7237 69.7237
69.7237 69.7237
69.7237 69.7237
69.7237 69.7237
69.7237 69.7237
69.6902 69.7236
69.6902 69.722
69.6895 69.7168
69.2025 69.7098
69.2025 69.6694
69.2025 69.5654
69.2025 69.4404
69.2025 69.3443
69.2025 69.2782
69.2025 69.2169
69.2025 69.2366
69.2025 69.2025
69.2025 69.2103
69.2025 69.2199
69.2025 69.2025
69.2025 69.2025
69.2025 69.2025
69.2025 69.2347
69.2025 69.2025
69.2025 69.2025
69.2025 69.2025
69.2025 69.2025
69.2025 69.2025
69.2025 69.2025
68.3922 69.2009
68.3922 69.1647
68.3922 69.0295
68.3922 68.8317
68.3922 68.6287
68.3922 68.5311
68.3922 68.4223
68.3922 68.3922
68.3922 68.3922
68.3922 68.3922
68.3922 68.3922
68.3922 68.3922
68.3922 68.3922
68.3922 68.3922
68.3922 68.3922
68.3922 68.3922
68.3922 68.3922
68.3922 68.3922
68.3922 68.3922
68.3922 68.3922
67.5377 68.3942
67.5377 68.4082
67.5377 68.7092
67.5377 69.4323
67.5377 70.5983
67.5377 72.0991
67.5377 73.1962
67.5377 73.5543
67.5377 72.5102
67.5377 71.6424
67.5377 70.9967
67.5377 69.569
67.5377 68.5279
67.5377 67.9245
67.5377 67.7043
67.5377 67.6786
67.5377 67.5507
67.5377 67.5377
67.5377 67.5377
67.5377 67.5377
67.5377 67.5377
67.5377 67.5377
67.5377 67.5377
67.5377 67.5377
67.5377 67.5377
67.5377 67.5377
67.5377 67.5377
67.5377 67.5377
67.5377 67.5377
67.5377 67.5377
67.5377 67.5377
67.5377 67.5377
67.5377 67.5377
67.5377 67.5377
67.5377 67.5377
67.5377 67.5377
67.5377 67.5377
67.5377 67.5377
67.5377 67.5377
67.5377 67.5377
67.3137 67.5373
67.3137 67.5292
67.3137 67.5
67.3137 67.5082
67.3137 67.4408
67.3137 67.4194
67.3137 67.3485
67.3137 67.3382
67.3137 67.3807
67.3137 67.3822
67.1244 67.3365
67.1244 67.3065
67.1244 67.2747
67.1244 67.227
67.1244 67.1781
67.1244 67.1629
67.1244 67.1699
67.1244 67.1528
67.1244 67.1275
67.1244 67.1244
67.1244 67.1251
67.1244 67.1244
67.1244 67.1244
67.1244 67.1244
67.1244 67.1244
67.1244 67.1244
67.1244 67.1244
67.1244 67.1244
67.1244 67.1244
67.1244 67.1244
67.1244 67.1244
67.1244 67.1244
67.1244 67.1244
67.1244 67.1274
67.1244 67.1244
67.1244 67.1244
67.1244 67.1244
67.1244 67.1244
67.1244 67.1244
67.1244 67.1244
67.1244 67.1244
67.1244 67.1244
67.1244 67.1244
67.1244 67.1244
67.1244 67.1244
67.1244 67.1244
67.1244 67.1244
67.1244 67.1244
67.1244 67.1244
67.1244 67.1244
67.1244 67.1244
67.1244 67.1244
67.1244 67.1244
67.1244 67.1244
67.1244 67.1269
67.1244 67.1311
67.1244 67.1244
67.1244 67.1244
67.1244 67.1244
66.8927 67.1239
66.8927 67.1146
66.8927 67.0868
66.8927 67.0526
66.8927 67.0745
66.8927 67.1116
66.8927 66.958
66.8927 66.8927
66.8927 66.8927
66.8927 66.8927
66.8927 66.8927
66.8927 66.8927
66.8927 66.8927
66.8927 66.8927
66.8927 66.8927
66.8927 66.8927
66.8927 66.8927
66.8927 66.8927
66.8927 66.8927
66.8927 66.8927
66.8927 66.8927
66.8927 66.8927
66.8927 66.8927
66.8927 66.8927
66.8927 66.8927
66.8927 66.8927
66.8927 66.8927
66.8927 66.8927
66.8927 66.8927
66.8927 66.8927
66.8927 66.8927
66.8927 66.8927
66.8324 66.8926
66.8324 66.8893
66.8324 66.8789
66.8324 66.8628
66.8324 66.8503
66.8324 66.8415
66.8324 66.8373
66.8324 66.837
66.8324 66.8324
66.8324 66.8324
66.8324 66.8324
66.8324 66.8324
66.8324 66.8324
66.8324 66.8324
66.8324 66.8324
66.1944 66.8311
66.1944 66.8069
66.1944 66.6891
66.1944 66.5537
66.1944 66.4144
66.1944 66.3314
66.1944 66.2644
66.1944 66.1944
66.1944 66.1944
66.1944 66.1944
66.1944 66.1944
66.1944 66.1944
66.1944 66.1951
66.1944 66.1944
66.1944 66.1944
66.1944 66.1944
66.1944 66.1944
66.1944 66.1944
66.1944 66.1944
66.1944 66.1944
66.1944 66.1944
66.1944 66.1944
66.1944 66.1944
66.1944 66.1944
66.1944 66.1944
66.1944 66.1944
66.1944 66.1944
66.1944 66.1944
66.1944 66.1944
66.1944 66.1944
66.1944 66.1944
66.1944 66.1944
66.1944 66.1944
66.1944 66.1944
66.1944 66.1944
66.1944 66.1944
66.1944 66.1944
66.1944 66.1944
66.1944 66.1944
66.1944 66.1944
66.1944 66.1944
66.1944 66.1944
66.1944 66.1944
66.1944 66.1944
66.1944 66.1944
66.1944 66.1944
66.1944 66.1944
66.1944 66.1944
66.1944 66.1944
66.1944 66.1944
66.1944 66.1944
66.1944 66.1944
66.1944 66.1944
66.1944 66.1944
66.1944 66.1955
66.1944 66.1944
66.1944 66.1944
66.1944 66.1944
66.1944 66.1944
66.1944 66.1944
66.1944 66.1944
66.1944 66.1944
66.1944 66.1944
66.1944 66.1944
66.1944 66.1944
66.1944 66.1944
66.1944 66.1944
66.1944 66.1944
66.1944 66.1944
66.1944 66.1944
66.1944 66.1944
66.1944 66.1944
66.1944 66.1944
66.1944 66.1944
66.1944 66.1944
66.1944 66.1944
66.1944 66.1944
66.1944 66.1944
66.1944 66.1944
66.1944 66.1944
66.1944 66.1944
66.1944 66.1944
66.1944 66.1944
66.1944 66.1944
66.1944 66.1944
66.1944 66.1944
66.1944 66.1944
66.1944 66.1944
66.1944 66.1944
66.1944 66.1944
66.1944 66.1944
66.1944 66.1944
66.1944 66.1944
66.1944 66.1944
66.1944 66.1944
66.1944 66.1944
66.1944 66.1944
66.1944 66.1944
66.1944 66.1944
66.1944 66.1944
66.1944 66.1944
66.1944 66.1944
66.1944 66.1944
66.1944 66.1944
66.1944 66.1944
66.1944 66.1944
66.1944 66.1944
66.1944 66.1944
66.1944 66.1944
66.1944 66.1944
66.1944 66.1944
66.1944 66.1944
66.1944 66.1944
66.1944 66.1944
66.1944 66.1944
66.1944 66.1944
66.1944 66.1944
66.1944 66.1944
66.1944 66.1944
66.1944 66.1944
66.1944 66.1944
66.1944 66.1944
66.1944 66.1948
66.1944 66.1944
66.1944 66.1944
66.1944 66.1944
66.1944 66.1944
66.1944 66.1944
66.1944 66.1944
66.1944 66.1944
66.1944 66.1944
66.1944 66.1944
66.1944 66.1944
66.1944 66.1944
66.1944 66.1944
66.1944 66.1944
66.1944 66.1944
66.1944 66.1944
66.1944 66.1944
66.1944 66.1944
66.1944 66.1944
66.1944 66.1944
66.1944 66.1944
65.9334 66.1939
65.9334 66.1808
65.9334 66.1396
65.9334 66.0796
65.9334 66.0299
65.9334 65.9704
65.9334 65.9519
65.9334 65.9335
65.9334 65.9334
65.9334 65.9334
65.9334 65.9369
65.9334 65.9334
65.9334 65.9334
65.9334 65.9334
65.9334 65.9334
65.9334 65.9334
65.9334 65.9334
65.9334 65.9334
65.9334 65.9334
65.9334 65.9334
65.9334 65.9334
65.9334 65.9334
65.9334 65.9334
65.9334 65.9334
65.9334 65.9334
65.9334 65.9334
65.9334 65.9334
65.9334 65.9334
65.9334 65.9334
65.9334 65.9334
65.9334 65.9334
65.9334 65.9334
65.9334 65.9336
65.9334 65.9334
65.9334 65.9382
65.9334 65.955
65.9334 65.9334
65.9334 65.9334
65.9334 65.9334
65.9334 65.9334
65.9334 65.9334
65.9334 65.9334
65.9334 65.9334
65.9334 65.9334
65.9334 65.9334
65.9334 65.9334
65.9334 65.9334
65.9334 65.9334
65.9334 65.9334
65.9334 65.9334
65.9334 65.9334
65.9334 65.9334
65.9334 65.9334
65.9334 65.9334
65.9334 65.9334
65.9334 65.9334
65.9334 65.9334
65.9334 65.939
65.9334 65.9334
65.9334 65.9357
65.9334 65.9334
65.9334 65.9626
65.9334 65.9468
65.9334 65.9554
65.9334 65.9334
65.9334 65.9334
65.9334 65.9334
65.9334 65.9334
65.9334 65.9334
65.9334 65.9334
65.9334 65.9334
65.9334 65.9334
65.9334 65.9334
65.9334 65.9334
65.9334 65.9334
65.9334 65.9334
65.9334 65.9334
65.9334 65.9334
65.9334 65.9334
65.9334 65.9334
65.9334 65.9334
65.9334 65.9334
65.9334 65.9334
65.9334 65.9395
65.9334 65.9334
65.9334 65.9334
65.9334 65.9334
65.9334 65.9334
65.9334 65.9334
65.9334 65.9334
65.9334 65.9334
65.9334 65.9334
65.9334 65.9334
65.9334 65.9334
65.9334 65.9334
65.9334 65.9334
65.9334 65.9334
65.9334 65.9517
65.9334 65.9334
65.9334 65.9334
65.9334 65.9334
65.9334 65.9334
65.9334 65.9336
65.9334 65.9334
65.9334 65.9334
65.9334 65.9334
65.9334 65.9334
65.9334 65.9334
65.9334 65.9334
65.9334 65.9334
65.9334 65.9334
65.9334 65.9334
65.9334 65.9334
65.9334 65.9334
65.9334 65.9334
65.9334 65.9334
65.9334 65.9334
65.9334 65.9334
65.9334 65.9334
65.9334 65.9334
65.9334 65.9334
65.9334 65.9334
65.9334 65.9334
65.9334 65.9334
65.9334 65.9334
65.9334 65.9334
65.9334 65.9334
65.9334 65.9334
65.9334 65.9334
65.9334 65.9334
65.9334 65.9334
65.9334 65.9334
65.9334 65.9334
65.9334 65.9334
65.9334 65.9334
65.9334 65.9334
65.9334 65.9334
65.9334 65.9334
65.9334 65.9334
65.9334 65.9334
65.9334 65.9334
65.9334 65.9334
65.9334 65.9334
65.9334 65.9334
65.9334 65.9334
65.9334 65.9334
65.9334 65.9334
65.9334 65.9334
65.9334 65.9334
65.9334 65.9334
65.9334 65.9334
65.9334 65.9334
65.9334 65.9334
65.9334 65.9334
65.9334 65.9334
65.9334 65.9334
65.9334 65.9334
65.9334 65.9334
65.9334 65.9334
65.9334 65.9334
65.9334 65.9334
65.9334 65.9334
65.9334 65.9334
65.9334 65.9334
65.9334 65.9334
65.9334 65.9334
65.9334 65.9334
65.9334 65.9334
65.9334 65.9334
65.9334 65.9334
65.9334 65.9334
65.9334 65.9334
65.9334 65.9334
