422.899 475.483
414.225 461.487
394.362 446.018
388.08 434.92
375.341 420.4
372.985 407.126
363.592 392.779
353.056 380.697
342.559 371.64
336.517 362.702
333.755 353.922
326.485 346.784
318.1 341.096
313.423 335.085
303.711 328.676
303.711 322.569
302.589 316.035
299.301 310.135
293.812 306.793
292.885 303.156
288.481 300.494
286.178 297.955
279.127 294.723
276.818 291.682
270.804 287.529
270.223 284.291
265.56 280.778
263.3 276.965
260.624 273.676
259.001 270.691
256.913 268.291
250.878 265.244
248.599 263.129
246.056 259.479
244.495 255.583
240.47 251.78
239.969 249.38
238.064 247.051
233.133 245.097
231.322 242.726
227.255 240.874
222.209 237.499
221.909 234.013
220.378 230.609
219.294 227.164
215.289 224.394
214.691 221.655
213.702 220.013
211.71 218.24
206.287 216.719
205.203 214.863
203.373 212.711
201.655 210.228
198.687 208.053
197.447 205.932
194.203 203.565
192.676 200.974
192.611 199.062
191.259 197.138
189.809 195.235
186.493 193.814
186.36 192.168
183.343 190.887
182.384 189.374
181.924 187.726
180.612 186.329
179.327 184.952
176.984 183.493
176.424 181.934
175.285 180.437
174.832 179.224
174.518 177.576
170.697 176.466
170.697 175.409
169.754 174.622
168.185 173.803
168.185 172.453
166.886 171.686
164.328 170.791
162.376 169.584
162.376 168.152
162.164 166.576
159.008 164.916
158.758 163.864
158.501 163.378
158.414 163.264
154.24 162.579
153.733 161.247
152.899 159.982
152.668 157.842
151.755 155.799
151.126 154.412
149.71 153.323
148.488 152.644
147.654 152.047
146.864 151.211
146.565 150.279
145.323 149.101
143.699 147.969
141.134 147.101
140.14 145.686
140.14 144.347
139.35 142.587
138.213 141.487
137.223 140.387
136.389 139.611
134.673 138.947
134.001 138.187
133.64 136.874
132.131 135.702
132.131 134.928
130.512 134.115
130.512 133.544
129.962 132.713
129.724 132.1
129.266 131.666
129.266 131.096
127.74 130.623
126.665 130.344
123.297 129.556
121.425 128.473
120.783 127.228
120.783 125.3
118.018 123.561
118.018 122.168
117.582 121.307
117.582 120.217
116.896 119.477
116.497 118.243
115.26 117.585
114.175 117.133
113.489 116.601
113.231 116.099
112.471 115.346
112.471 114.554
110.305 114.08
110.305 113.275
110.182 112.873
108.807 112.58
108.683 111.843
108.556 111.172
107.908 110.301
107.823 109.626
107.354 109.018
107.044 108.604
106.782 108.157
105.917 107.779
105.825 107.441
105.203 107.001
105.093 106.598
105.041 106.213
103.971 105.804
103.808 105.458
103.525 104.958
103.362 104.499
103.094 104.078
102.648 103.841
102.441 103.512
102.035 103.253
102.027 102.968
101.621 102.683
100.961 102.421
100.301 102.171
99.8946 101.733
99.3463 101.227
99.3463 100.636
98.6704 100.144
98.6704 99.7838
98.6704 99.5176
98.4574 99.2878
97.8296 99.051
97.7881 98.7697
97.3405 98.6106
96.883 98.2682
96.8022 97.9402
96.497 97.7145
96.497 97.6795
96.2526 97.5565
95.9555 97.4283
95.9555 97.1715
95.9555 96.8517
95.9555 96.5332
95.7588 96.2088
95.7486 96.029
95.6339 96.0174
94.7803 95.9301
94.5734 95.834
93.7457 95.634
93.6638 95.3971
93.1831 95.1669
92.9762 94.6797
92.9762 94.197
92.9762 93.6954
92.7361 93.4694
92.5718 93.1928
92.0837 93.0138
92.0837 92.9398
92.0837 92.8353
91.4789 92.6384
91.4789 92.4995
91.4789 92.5039
90.9699 92.3052
90.9699 92.0227
90.9699 92.7198
90.9699 93.1461
90.9699 93.92
90.9699 94.6817
90.9699 95.7075
90.9699 94.8649
90.9699 94.2472
90.9175 93.1924
90.687 92.1611
90.6347 91.8433
90.6347 91.3144
89.9046 91.2434
89.9046 90.8587
89.6217 90.5974
89.2173 90.3664
89.2173 90.1836
88.7837 89.9017
88.6542 89.6988
88.2206 89.5552
87.8899 89.1788
87.3902 88.8817
86.8271 88.5538
86.8271 88.1532
86.8271 87.7938
86.6911 87.5495
86.6338 87.1147
86.6338 86.9996
86.5751 86.7756
86.3448 86.7125
86.163 86.6963
85.6807 86.6975
85.6807 86.5971
85.5647 86.2845
85.5647 86.1226
85.4278 86.0116
84.4191 85.9594
84.4191 85.9157
84.0055 85.5587
84.0055 85.1425
84.0055 84.8596
84.0055 84.5443
84.0055 84.298
83.1717 84.1372
83.1043 83.9933
83.1043 83.8229
83.0881 83.5931
83.0207 83.4113
82.9611 83.2487
82.3407 83.145
82.2733 83.0592
81.9866 82.9044
81.5381 82.6512
81.4545 82.3739
81.395 82.0366
81.3411 81.8414
81.1901 81.643
81.1306 81.5044
80.6987 81.5094
80.6987 81.2647
80.6987 81.1471
80.2437 80.9716
80.1841 80.8318
80.1841 80.6825
80.1841 80.5518
80.1841 80.3879
80.1841 80.2699
80.1841 80.1846
80.1841 80.1841
79.7879 80.1832
79.7879 80.1704
79.7338 80.1086
79.7338 80.0331
79.7338 79.9834
79.4038 79.9197
79.4038 79.8595
79.3496 79.7627
78.9232 79.6475
78.9232 79.5313
78.6714 79.3723
78.568 79.1664
78.568 79.0253
78.568 78.9096
78.568 78.7817
78.568 78.6616
78.568 78.6235
78.568 78.5935
78.568 78.5741
78.568 78.5717
78.568 78.568
78.568 78.568
78.568 78.568
78.2344 78.5673
78.2344 78.552
78.2344 78.4906
78.2344 78.3805
78.2344 78.3064
78.2344 78.2636
78.2344 78.2344
78.0774 78.234
77.9459 78.2298
77.9459 78.1993
77.9459 78.1829
77.9459 78.1341
77.9459 78.1507
77.577 78.148
77.5355 77.9854
77.5355 77.9506
77.1667 77.8672
77.1667 77.8133
77.1667 77.7626
77.1667 77.559
77.1667 77.5079
77.1667 77.3107
77.161 77.202
77.161 77.1664
77.161 77.1653
77.0265 77.1634
77.0265 77.1572
77.0265 77.1382
77.0265 77.1064
76.9905 77.0705
76.9905 77.0534
76.9905 77.0263
76.9905 77.01
76.9905 76.9998
76.9905 76.9959
76.9905 76.992
76.9905 76.9905
76.9905 76.9905
76.9905 76.9905
76.9905 76.9905
76.6927 76.9899
76.6927 76.9756
76.6927 76.9214
76.6927 76.8398
76.6927 76.7825
76.6927 76.7201
76.6064 76.7009
76.6064 76.6888
76.6064 76.6766
76.4827 76.6504
76.4827 76.6318
76.4827 76.6035
76.4827 76.579
76.4827 76.5493
76.4827 76.7179
76.4827 76.5994
76.4827 76.5054
76.0122 76.4945
76.0122 76.481
76.0122 76.4299
75.4689 76.4326
75.4689 76.3991
75.4689 76.2627
75.3678 76.2696
75.3678 76.155
75.3678 76.0261
75.3678 76.1814
74.9146 76.0434
74.7663 75.6656
74.7663 75.4633
74.7663 75.2823
74.7663 75.0966
74.7663 74.8689
74.7663 74.8235
74.7663 74.8066
74.7663 74.7664
74.5928 74.7659
74.5928 74.7597
74.5928 74.7347
74.5928 74.6931
74.5318 74.644
74.5318 74.617
74.5318 74.5892
74.5318 74.5672
74.5318 74.551
74.5318 74.5468
74.5318 74.5367
74.5318 74.5322
74.5098 74.5318
74.5098 74.5307
74.5098 74.5271
74.498 74.5215
74.498 74.5154
74.498 74.5101
74.498 74.5061
74.498 74.5019
74.498 74.4998
74.498 74.4987
74.498 74.4986
74.498 74.4983
74.498 74.498
74.498 74.498
74.498 74.498
74.3716 74.4978
74.3716 74.4907
74.3716 74.4644
74.3716 74.4308
74.3716 74.4057
74.3716 74.3797
74.3716 74.3725
74.3716 74.3724
74.3492 74.3716
74.3492 74.3706
74.3492 74.3678
74.3492 74.3623
73.6526 74.3797
73.6526 74.3231
73.6301 74.1822
73.6301 73.9879
73.6301 73.8647
73.4469 73.7387
73.4469 73.6683
73.4245 73.6173
73.0493 73.5395
73.0493 73.4674
73.0269 73.3848
73.0269 73.2859
73.0269 73.178
73.0269 73.1604
73.0269 73.0858
73.0269 73.1377
73.0269 73.0686
73.0269 73.0286
73.0135 73.0269
73.0135 73.0262
73.0135 73.0244
73.0135 73.0213
73.0135 73.0177
73.0135 73.0157
73.0135 73.0144
72.9556 73.0134
72.9556 73.0124
72.9556 73.018
72.9556 73.1135
72.9556 73.2439
72.9556 73.1501
72.9556 73.0889
72.9556 72.9799
72.9556 72.9595
72.9556 72.9562
72.9556 72.9556
71.5413 72.9528
71.5413 72.9075
71.5262 72.7304
71.5262 72.3319
71.5262 71.9718
71.5262 71.8452
71.5262 71.6437
71.5262 71.6789
71.5262 71.5427
71.5262 71.5306
71.5262 71.5262
71.3056 71.5258
71.3056 71.5161
71.3056 71.4737
71.3056 71.4203
71.3056 71.3793
71.3056 71.3489
71.3056 71.3211
71.3056 71.3179
71.3056 71.3056
71.3056 71.3056
71.3056 71.3056
71.3056 71.33
71.3056 71.3056
71.3056 71.3056
71.3056 71.3056
71.3056 71.3056
71.3056 71.3056
71.3056 71.3056
71.3056 71.3056
71.3056 71.3066
71.3056 71.3056
71.3056 71.307
71.3056 71.3115
71.3056 71.3302
71.3056 71.3071
71.3056 71.313
71.3056 71.3056
71.3056 71.3056
71.3056 71.3056
71.3056 71.3056
71.3056 71.3056
71.3056 71.3056
71.3056 71.3056
71.3056 71.3056
71.3056 71.3056
71.3056 71.3056
71.3056 71.3056
71.3056 71.3056
71.3056 71.3056
71.3056 71.3056
71.3056 71.3056
71.3056 71.3056
71.3056 71.3056
71.3056 71.3056
71.3056 71.3056
71.3056 71.3056
71.3056 71.3056
71.3056 71.3056
71.3056 71.3056
71.3056 71.3056
71.3056 71.3056
71.2762 71.3075
71.2762 71.304
71.1916 71.2981
71.1622 71.288
71.1622 71.3647
71.1622 71.3195
71.1622 71.3018
71.0717 71.2224
71.0717 71.1676
71.0717 71.1453
71.0717 71.1162
71.0717 71.1372
71.0717 71.1191
71.0717 71.0739
71.0717 71.0717
71.0717 71.0717
71.0717 71.0717
71.0717 71.0717
71.0717 71.0717
71.0717 71.0717
71.0717 71.0717
71.0717 71.0717
71.0717 71.0717
71.0717 71.0717
71.0717 71.0717
71.0717 71.0717
71.0717 71.0717
71.0717 71.0717
71.0717 71.0717
71.0717 71.0717
71.0717 71.0717
70.2172 71.0706
70.2172 71.0682
70.2172 71.2728
70.2172 71.9976
70.2172 73.4262
70.2172 75.0526
70.2172 75.8309
70.2172 75.9196
70.2172 75.1153
70.2172 74.0114
70.2172 73.4583
70.2172 72.03
70.2172 70.9929
70.2172 70.4177
70.2172 70.3123
70.2172 70.3005
70.2172 70.2181
70.2172 70.2172
70.2172 70.2172
69.6697 70.2161
69.6697 70.1927
69.6697 70.085
69.6697 69.9245
69.6697 69.8243
69.6697 69.7533
69.6697 69.6947
69.6697 69.6697
69.6697 69.6697
69.6697 69.6697
69.6697 69.6697
69.6697 69.6697
69.6697 69.6697
69.6697 69.6697
69.6697 69.6697
69.6697 69.6697
69.6697 69.6697
69.6697 69.6697
69.6697 69.6697
69.6697 69.6697
69.6697 69.6697
69.6697 69.6697
69.6697 69.6697
69.6697 69.6697
69.6697 69.6697
69.6697 69.6697
69.6697 69.6697
69.6697 69.6697
69.6697 69.6697
69.6697 69.6697
69.6697 69.6883
69.6697 69.6697
69.6697 69.6697
69.6697 69.6697
69.6697 69.6697
69.6697 69.6697
69.6697 69.6697
69.6697 69.6706
69.6697 69.6705
69.6697 69.6697
69.6697 69.6707
69.6697 69.6725
69.6697 69.6697
69.6697 69.6697
69.6697 69.6697
69.6697 69.6697
69.6697 69.6697
69.6697 69.6697
69.6697 69.6697
69.6697 69.6697
69.6697 69.6697
69.6697 69.6697
69.6697 69.6697
69.6697 69.6697
69.6697 69.6697
69.6697 69.6697
69.6697 69.6697
69.6697 69.6697
69.6697 69.6697
69.6697 69.6697
69.6697 69.6697
69.6697 69.6697
69.6697 69.6697
69.6697 69.6697
69.6697 69.6697
69.6697 69.6697
69.6697 69.6697
69.6697 69.6697
69.6697 69.6697
69.6697 69.6697
69.6697 69.6697
69.6697 69.6697
69.6697 69.6697
69.6697 69.6697
69.6697 69.6697
69.6697 69.6704
69.6697 69.6773
69.6697 69.6697
69.6697 69.6697
69.6697 69.6697
69.6697 69.6697
69.6697 69.6697
69.6697 69.6697
69.6697 69.6697
69.6697 69.6697
69.6697 69.6697
69.6697 69.6697
69.6697 69.6697
69.6697 69.6697
69.6697 69.6697
69.6697 69.6697
69.6697 69.6697
69.6697 69.6697
69.6697 69.6697
69.6697 69.6697
69.6697 69.6697
69.6697 69.6697
69.6697 69.6697
69.6697 69.6697
69.6697 69.6697
69.6697 69.6697
69.6697 69.6697
69.6697 69.6697
69.6697 69.6697
69.6697 69.6697
69.6697 69.6697
69.6697 69.6697
69.6697 69.6697
69.6697 69.6697
69.6697 69.6697
69.6697 69.6697
69.6697 69.6697
69.6697 69.6697
69.6697 69.6697
69.6697 69.6697
69.6697 69.6697
69.6697 69.6697
69.6697 69.6697
69.6697 69.6697
69.6697 69.6702
69.6697 69.6697
69.6697 69.6697
69.6697 69.6697
69.6697 69.6697
69.6697 69.6697
69.6697 69.6697
69.6697 69.6697
69.6697 69.6697
69.6697 69.6697
69.6697 69.6697
69.6697 69.6697
69.6697 69.6697
69.6697 69.6732
69.6697 69.67
69.6697 69.6697
69.6697 69.6697
69.6697 69.6697
69.6697 69.6712
69.6697 69.6697
69.6697 69.6825
69.6697 69.6697
69.6697 69.6697
69.6697 69.6697
69.6697 69.6697
69.6697 69.6697
69.6697 69.6697
69.6697 69.6697
69.6697 69.6697
69.6697 69.6697
69.6697 69.6697
69.6697 69.6697
69.6697 69.6697
69.6697 69.6697
69.6697 69.6697
69.6697 69.6697
69.6697 69.6697
69.6697 69.6697
69.6697 69.6697
69.6697 69.6697
69.6697 69.6697
69.6697 69.6697
69.6697 69.6697
69.6697 69.6697
69.6697 69.6697
69.6697 69.6697
69.6697 69.6697
69.6697 69.6697
69.6697 69.6697
69.6697 69.6697
69.6697 69.6697
69.6697 69.6697
69.6697 69.6697
69.6697 69.6697
69.6697 69.6697
69.6697 69.6697
69.6697 69.6697
68.981 69.6683
68.981 69.6449
68.981 69.5597
68.981 69.57
68.981 69.5642
68.981 69.6079
68.981 69.4051
68.981 69.1802
68.981 69.0646
68.981 69.0136
68.981 68.981
68.981 68.981
68.981 68.981
68.981 68.981
68.981 68.981
68.981 68.981
68.981 68.981
68.981 68.9812
68.981 68.981
68.981 68.981
68.981 68.981
68.981 68.981
68.981 68.981
68.981 68.981
68.981 68.981
68.981 68.981
68.981 68.981
68.981 68.981
68.981 68.981
68.981 68.981
68.981 68.9822
68.981 68.981
68.981 68.981
68.981 68.981
68.981 68.981
68.981 68.981
68.981 68.981
68.981 68.981
68.981 68.981
68.981 68.981
68.981 68.981
68.981 68.981
68.981 68.981
68.981 68.981
68.981 68.981
68.981 68.981
68.981 68.981
68.8927 68.9808
68.8927 68.9759
68.8927 68.9595
68.8927 68.94
68.8927 68.9197
68.8927 68.9099
68.8927 68.8989
68.8927 68.8927
68.8927 68.8927
68.8927 68.8927
68.8927 68.8927
68.8927 68.8927
68.8927 68.8927
68.8927 68.8927
68.8927 68.8927
68.8927 68.8927
68.8927 68.8927
68.8927 68.8927
68.8927 68.8927
68.8927 68.8927
68.8927 68.8927
68.8927 68.8927
68.8927 68.8927
68.8927 68.8927
68.8927 68.8927
68.8927 68.8927
68.8927 68.8981
68.8927 68.8927
68.8927 68.8927
68.8927 68.8927
68.8927 68.8927
68.8927 68.8927
68.8927 68.8927
68.8927 68.8927
68.8927 68.8927
68.8927 68.8927
68.8927 68.8927
68.8927 68.8927
68.8927 68.8927
68.8927 68.8927
68.8927 68.8927
68.8927 68.8927
68.8927 68.8927
68.8927 68.8927
68.8927 68.8927
68.8927 68.8927
68.8927 68.8927
68.6465 68.8922
68.6465 68.8799
68.6465 68.842
68.6465 68.7834
68.6465 68.7275
68.6465 68.6825
68.6465 68.6677
68.6465 68.6504
68.6465 68.6465
68.6465 68.6465
68.6465 68.6483
68.6465 68.6465
68.6465 68.6465
68.6465 68.6465
68.6465 68.6465
68.6465 68.6465
68.6465 68.6465
68.6465 68.6465
68.6465 68.6465
68.6465 68.6465
68.6465 68.6465
68.6465 68.6465
68.6465 68.6465
68.6465 68.6465
68.6465 68.6465
68.6465 68.6465
68.6465 68.6465
68.6465 68.6465
68.6465 68.6478
68.6465 68.6465
68.6465 68.6465
68.6465 68.6465
68.6465 68.6545
68.6465 68.6465
68.6465 68.6528
68.4242 68.6654
68.4242 68.6382
68.4242 68.6037
68.4242 68.5465
68.4242 68.5014
68.4242 68.4668
68.4242 68.4366
68.4242 68.4311
68.4242 68.4278
68.4242 68.4242
68.4242 68.4242
68.4242 68.4242
68.4242 68.4242
68.4242 68.4242
68.4242 68.4242
68.1694 68.4236
68.1694 68.4104
68.1694 68.3686
68.1694 68.3034
68.1694 68.2317
68.1694 68.2032
68.1694 68.1843
68.1694 68.195
68.1694 68.1834
68.1694 68.1842
68.1694 68.1699
68.1694 68.191
68.1694 68.1705
68.1694 68.1694
68.1694 68.1694
68.1694 68.1694
68.1694 68.1694
68.1694 68.1694
68.1694 68.1694
68.1694 68.1694
68.1694 68.1694
68.1694 68.1694
68.1694 68.1694
68.1694 68.1694
68.1694 68.1694
68.1694 68.1694
68.1694 68.1694
68.1694 68.1694
68.1694 68.1694
68.1694 68.1694
68.1694 68.1758
68.1694 68.1694
68.1694 68.1694
68.1694 68.1852
68.1694 68.1694
68.1694 68.1694
68.1694 68.1694
68.1694 68.1694
68.1694 68.1694
68.1694 68.1694
68.1694 68.1694
68.1694 68.1694
68.1694 68.1694
68.1694 68.1694
68.1694 68.1694
68.1694 68.1694
68.1694 68.1694
68.1694 68.2075
68.1694 68.1789
68.1694 68.1694
68.1694 68.1694
68.1694 68.1694
68.1694 68.1698
68.1694 68.1694
68.1694 68.1694
68.1694 68.1694
68.1694 68.1694
68.1694 68.1694
68.1694 68.1694
68.1694 68.1694
68.1694 68.1694
68.1694 68.1694
68.1694 68.1694
68.1694 68.1694
68.1694 68.1694
68.1694 68.1694
68.1694 68.1694
68.1694 68.1694
68.1694 68.1694
68.1694 68.1694
68.1694 68.1803
68.1694 68.1694
68.1694 68.1694
68.1694 68.1694
68.1694 68.1694
68.1694 68.1694
68.1694 68.1694
68.1694 68.1694
68.1694 68.1702
68.1694 68.1694
68.1694 68.1694
68.1694 68.1694
68.1694 68.1694
68.1694 68.1694
68.1694 68.1694
68.1694 68.1694
68.1694 68.1694
68.1694 68.1694
68.1694 68.1694
68.1694 68.1694
68.1694 68.1694
68.1694 68.1694
68.1694 68.1694
68.1694 68.1694
68.1694 68.1694
68.1694 68.1694
68.1694 68.1694
68.1694 68.1694
68.1694 68.1694
68.1694 68.1694
68.1694 68.1694
68.1694 68.1694
68.1694 68.1694
68.1694 68.1694
68.1694 68.1694
68.1694 68.1694
68.1694 68.1694
68.1694 68.1694
68.1694 68.1694
68.1694 68.1694
68.1694 68.1694
68.1694 68.1694
68.1694 68.1694
68.1694 68.1694
68.1694 68.1694
68.1694 68.1694
68.1694 68.1694
68.1694 68.1694
68.1694 68.1694
68.1694 68.1694
68.1694 68.1694
68.1694 68.1694
68.1694 68.1694
