410.142 475.443
395.504 459.068
395.253 441.259
383.691 427.366
378.428 414.188
374.93 403.432
370.516 394.303
361.963 386.649
359.047 378.951
352.95 373.957
346.552 367.003
340.756 361.044
333.158 353.553
326.321 347.461
320.191 340.908
319.895 335.394
314.098 330.617
313.752 326.79
304.593 322.604
301.625 319.156
296.514 314.807
296.146 310.13
293.338 306.385
291.459 302.624
288.224 299.615
285.352 296.47
283.006 293.955
272.928 290.841
267.119 287.209
261.258 282.68
261.258 278.119
260.539 272.278
257.58 267.39
256.182 264.333
253.806 261.521
250.053 259.579
250.053 257.28
246.87 255.095
243.547 253.384
239.812 251.531
238.184 249.225
234.317 246.393
230.95 243.626
228.594 240.872
228.118 238.219
225.706 236.212
225.4 233.598
218.847 231.693
218.847 229.928
217.004 227.258
215.825 224.995
214.475 222.276
213.013 220.171
210.105 218.621
207.893 216.574
207.465 214.675
206.292 212.752
205.144 211.127
204.922 209.674
203.279 208.46
202.241 207.124
200.585 205.653
199.43 204.372
198.689 203.536
198.047 202.635
196.353 201.818
195.373 200.659
194.359 199.357
193.384 198.562
191.183 197.351
191.161 195.883
189.059 194.454
188.422 193.534
186.338 192.466
185.134 191.081
183.869 189.761
183.869 188.741
182.665 187.693
182.221 186.75
178.672 185.646
178.4 184.887
177.587 183.805
177.225 182.116
175.923 180.5
175.562 179.218
172.374 178.285
172.374 177.677
172.374 176.993
171.543 177.06
170.388 177.327
170.091 177.303
170.091 176.14
168.425 174.599
167.924 173.849
167.924 172.628
166.132 171.122
166.053 169.902
164.826 169.039
163.214 167.622
162.594 166.396
161.908 165.286
161.289 164.437
159.342 163.328
158.723 162.335
158.377 161.4
155.427 160.429
155.427 159.621
155.427 158.456
153.254 157.536
152.902 156.694
152.827 155.632
151.396 154.746
150.605 153.915
149.844 153.283
149.229 152.335
148.702 151.355
148.368 150.491
144.622 149.707
143.598 149.103
142.766 147.684
141.905 146.429
139.457 145.079
139.457 143.808
137.727 142.688
137.229 141.475
136.592 140.573
136.094 139.556
136.094 138.971
134.981 137.829
134.981 137.078
134.268 136.272
133.298 135.928
132.789 135.502
132.789 135.455
132.296 135.234
132.224 135.152
131.223 134.55
130.571 133.939
130.571 133.765
129.299 133.799
127.179 132.957
126.528 132.345
125.763 131.227
125.112 129.46
125.112 127.752
124.654 126.68
124.449 125.894
124.39 125.228
123.211 125.066
122.808 125.012
122.351 125.545
122.351 125.828
119.401 125.278
119.401 123.832
118.564 122.787
117.948 121.513
116.743 120.52
116.743 119.4
115.29 118.628
115.29 117.859
114.8 117.24
114.784 116.662
114.679 116.132
114.527 115.548
113.357 115.173
113.236 115.008
112.174 114.791
112.11 114.507
112.11 114.212
111.049 113.723
111.049 113.37
110.832 113.219
110.468 112.571
110.424 112.057
109.646 111.853
109.133 111.256
108.693 111.038
108.23 110.411
107.718 109.974
107.718 109.433
106.962 108.902
106.962 108.457
106.489 108.009
106.437 107.617
105.827 107.191
105.458 106.932
104.987 106.556
104.517 106.291
103.86 106.009
103.67 105.475
102.874 104.892
102.874 104.624
102.409 104.209
102.09 103.732
102.054 103.302
101.628 102.9
101.595 102.624
101.115 102.254
100.621 102.002
100.585 101.728
100.289 101.337
100.289 101.044
99.4343 100.803
99.3981 100.554
99.1025 100.245
99.1025 100.05
97.9833 99.7306
97.9833 99.4774
97.6749 99.1785
97.383 98.7639
97.0496 98.4439
97.0496 98.1185
96.7412 97.7842
96.4767 97.5088
96.4767 97.218
96.4767 96.9755
96.4767 96.8151
95.6487 96.6675
95.162 96.4972
94.8202 96.2612
94.8202 95.9088
94.3334 95.5243
94.3334 95.2295
94.3334 94.9005
94.2466 94.665
93.7598 94.4667
93.7598 94.3512
93.4457 94.1703
93.4457 94.0499
93.2266 93.8298
93.2266 93.6936
93.2266 93.6673
93.2236 93.7973
93.2236 94.0142
92.8277 94.3841
92.8248 94.2721
92.8248 93.798
92.5931 93.5739
92.5902 93.65
92.5902 93.4186
92.5902 93.5254
92.4863 93.2772
92.4833 93.2357
92.4547 93.4577
92.2658 93.483
92.2658 93.5394
92.2658 94.0738
92.2658 93.6047
91.1708 94.0892
90.9533 93.4638
90.9533 93.5559
82.9611 92.5537
82.9611 92.4648
82.9611 91.4553
82.9611 90.0092
82.9611 88.4473
82.9611 87.1739
82.565 85.4665
82.565 84.3422
82.565 83.7198
82.565 83.5552
82.565 83.1161
82.565 82.8449
81.7077 82.6797
81.7077 82.5903
81.7077 82.3782
81.7077 82.1249
81.7077 81.9315
81.6535 81.8038
81.6535 81.7103
80.6245 81.6945
80.5703 81.6393
80.4741 81.4446
80.4741 81.2083
80.4199 80.9736
80.3432 80.7577
80.1386 80.5868
80.1386 80.5119
80.0465 80.4067
79.624 80.3506
79.624 80.2902
79.5319 80.2363
79.1954 80.0378
79.1033 79.9301
78.8112 79.814
78.7191 79.6208
78.7191 79.6796
78.7191 79.3872
78.5056 79.1433
78.2621 79.0575
77.9565 78.9072
77.8872 78.7622
77.3381 78.457
77.3381 78.3907
77.3381 78.1141
77.3381 77.8089
77.3381 77.7162
77.3381 77.5059
77.3381 77.4121
77.2884 77.3648
76.6701 77.3321
76.6701 77.2635
76.6054 77.135
76.6054 76.9435
76.5838 76.7565
76.5191 76.6544
76.5191 76.6176
76.5191 76.5872
76.5191 76.5654
76.5191 76.5414
76.5191 76.5252
76.5191 76.5191
76.5191 76.5191
76.5191 76.5191
76.5191 76.5191
76.5191 76.5191
76.5191 76.5191
76.5191 76.5191
76.4324 76.519
76.4324 76.5146
76.4324 76.4998
76.4324 76.4775
76.3482 76.4591
76.3482 76.4422
76.3482 76.4228
76.2164 76.3946
76.1322 76.3702
75.4891 76.3216
75.4891 76.2506
75.4891 76.1272
75.2519 76.1971
75.0359 76.1694
74.9841 75.9592
74.8876 75.9029
74.8876 75.8476
74.8358 75.44
74.8358 75.3237
74.8358 75.2903
74.8358 75.0764
74.8358 74.9383
74.8358 74.8649
74.8358 74.8373
74.8358 74.8358
74.8358 74.8358
74.8358 74.8358
74.3242 74.8341
72.7191 74.7926
72.7191 74.5249
72.7191 74.1106
72.7191 73.6831
72.7191 73.2045
72.7191 73.0516
72.7191 72.8168
72.7191 72.8032
71.8472 72.7222
71.7301 72.6822
71.521 72.5485
71.521 72.2992
71.4023 72.0617
70.2335 71.8656
70.2335 71.5304
70.1148 71.2393
70.1148 70.8492
69.9211 70.5304
69.9211 70.2547
69.9211 70.1359
69.9211 70.0571
69.9211 69.9917
69.9211 69.9493
69.8041 69.9249
69.8041 69.9171
69.7005 69.8986
69.5834 69.867
69.5834 69.8234
69.5834 69.7507
69.5834 69.6904
69.5834 69.6398
69.5834 69.6002
69.5834 69.5842
69.3778 69.583
69.3778 69.5763
69.3778 69.5438
69.3778 69.487
69.3778 69.4317
69.3778 69.4112
69.3675 69.3831
69.3675 69.3792
69.3675 69.3756
69.3675 69.3733
69.3675 69.3707
69.3675 69.3687
69.3675 69.368
69.3675 69.3675
69.3675 69.3675
69.3675 69.3675
69.3675 69.3675
69.3675 69.3675
69.3675 69.3675
69.3675 69.3675
69.3675 69.3675
69.3675 69.3675
69.3675 69.3675
69.3675 69.3675
69.3675 69.3675
69.3675 69.3675
69.3675 69.3675
69.3675 69.3675
69.3675 69.3675
69.3675 69.3675
69.3675 69.369
69.3675 69.3675
69.1554 69.367
69.1554 69.3577
69.1064 69.3182
69.1064 69.2649
69.1064 69.2186
69.1064 69.175
69.1064 69.1447
69.1064 69.1195
69.1064 69.1288
69.1064 69.1094
69.1064 69.1064
69.1064 69.1064
69.1064 69.1064
69.1064 69.1064
69.1064 69.1064
69.1064 69.1064
68.8944 69.106
68.8944 69.0954
68.8944 69.0572
68.8944 68.9993
68.8944 68.9662
68.8944 68.9312
68.8944 68.9074
68.8944 68.8944
68.8944 68.8944
68.8944 68.8944
68.8944 68.8944
68.8944 68.8944
68.8944 68.8944
68.8944 68.8944
68.8944 68.8944
68.8944 68.8944
68.8944 68.8944
68.8724 68.8943
68.8724 68.8937
68.8724 68.8906
68.8724 68.8851
68.8724 68.8787
68.8724 68.8753
68.8724 68.873
68.8724 68.8724
68.8724 68.8724
68.8724 68.8724
68.8724 68.8724
68.8724 68.8724
68.8724 68.8724
68.8724 68.8724
68.8724 68.8724
68.8724 68.8724
68.8724 68.8724
68.8724 68.8724
68.4747 68.8716
68.4747 68.855
68.4747 68.7965
68.4747 68.678
68.4747 68.5792
68.4747 68.5523
68.4747 68.4884
68.4747 68.4751
68.4747 68.4747
68.4747 68.4747
68.4747 68.4801
68.4747 68.4747
68.4747 68.4747
68.4747 68.4747
68.4747 68.4747
68.4747 68.4747
68.4747 68.4747
68.4747 68.4747
68.4747 68.4747
68.4747 68.4747
68.4747 68.4747
68.4747 68.4747
68.4003 68.4746
68.4003 68.4713
68.4003 68.461
68.4003 68.4421
68.4003 68.4237
68.4003 68.4086
68.4003 68.4036
68.4003 68.4021
68.4003 68.4003
68.4003 68.4003
68.4003 68.4003
68.2611 68.4
68.1763 68.4267
68.0897 68.3847
68.0897 68.32
68.0897 68.278
68.0897 68.277
68.0897 68.1605
68.0897 68.1192
68.0897 68.1093
68.0897 68.106
68.0897 68.1237
68.0897 68.0897
68.0897 68.09
68.0897 68.1064
68.007 68.0895
68.007 68.0861
68.007 68.0735
68.007 68.0564
68.007 68.0366
68.007 68.0324
68.007 68.0172
68.007 68.0078
68.007 68.007
68.007 68.007
68.007 68.007
68.007 68.007
68.007 68.007
68.007 68.007
68.007 68.007
68.007 68.007
68.007 68.007
68.007 68.007
68.007 68.007
68.007 68.007
68.007 68.007
68.007 68.007
68.007 68.007
68.007 68.007
68.007 68.007
68.007 68.007
68.007 68.007
68.007 68.007
68.007 68.007
68.007 68.007
68.007 68.007
68.007 68.007
68.007 68.007
68.007 68.007
68.007 68.007
68.007 68.007
68.007 68.007
68.007 68.007
68.007 68.007
68.007 68.007
68.007 68.007
68.007 68.007
68.007 68.007
68.007 68.0082
68.007 68.007
68.007 68.007
68.007 68.007
68.0014 68.0069
68.0014 68.0067
67.5452 68.0111
67.5452 68.0073
67.5452 68.0377
67.5452 67.9736
67.5452 67.861
67.5452 67.65
67.5452 67.585
67.5452 67.5643
67.5452 67.5452
67.5452 67.5452
67.5452 67.5452
67.5452 67.5452
67.3053 67.5447
67.3053 67.5319
67.3053 67.5495
67.3053 67.4299
67.3053 67.4684
67.3053 67.448
67.3053 67.513
67.3053 67.3402
67.3053 67.3194
67.3053 67.3053
67.3053 67.3053
67.3053 67.3053
67.3053 67.3053
67.3053 67.3053
67.3053 67.3053
67.3053 67.3053
67.3053 67.3053
67.3053 67.3053
67.3053 67.3053
67.3053 67.3053
67.3053 67.3053
67.3053 67.3053
67.3053 67.3053
67.3053 67.3053
67.3053 67.3053
67.3053 67.3053
67.3053 67.3053
67.3053 67.3053
67.3053 67.3053
67.3053 67.3053
67.3053 67.3053
67.3053 67.3053
67.3053 67.3053
67.3053 67.3053
67.3053 67.3053
67.3053 67.3053
67.3053 67.3053
67.3053 67.3053
67.3053 67.3053
67.3053 67.3053
67.3053 67.3053
67.3053 67.3053
67.3053 67.3053
67.3053 67.3053
67.3053 67.3053
67.3053 67.3053
67.2534 67.3052
67.2534 67.3028
67.2534 67.2947
67.2534 67.2785
67.2534 67.2694
67.2534 67.2593
67.2534 67.2551
67.2534 67.2534
67.2534 67.2534
67.2534 67.2534
66.8546 67.253
66.8546 67.2323
66.8546 67.1559
66.8546 67.0415
66.8546 66.9832
66.8546 66.9078
66.8546 66.8847
66.8546 66.8546
66.8546 66.8546
66.8546 66.8546
66.8546 66.8546
66.8546 66.8546
66.8546 66.8546
66.8546 66.8546
66.8546 66.8546
66.8546 66.8546
66.8546 66.8546
66.8546 66.8546
66.8546 66.8546
66.8546 66.8546
66.8546 66.8546
66.8546 66.8546
66.8546 66.8706
66.8546 66.8568
66.8546 66.8546
66.8546 66.8546
66.8546 66.8546
66.8546 66.8546
66.8546 66.8546
66.8546 66.8546
66.8546 66.8546
66.8546 66.8546
66.8546 66.8546
66.8546 66.8546
66.8546 66.8546
66.8546 66.8546
66.8546 66.8546
66.8546 66.8546
66.8546 66.8546
66.8546 66.8546
66.8546 66.8546
66.8546 66.8546
66.8546 66.8546
66.8546 66.9247
66.8546 66.8913
66.8546 66.8546
66.8546 66.8546
66.8546 66.8546
66.8546 66.8546
66.8546 66.8546
66.8546 66.8546
66.8546 66.8546
66.8546 66.8546
66.8546 66.8546
66.8546 66.8546
66.8546 66.8546
66.8546 66.8546
66.8546 66.8546
66.8546 66.8546
66.8546 66.8546
66.8546 66.8546
66.8546 66.8546
66.8546 66.8546
66.8546 66.8546
66.8546 66.8546
66.8546 66.8546
66.8546 66.8546
66.8546 66.8546
66.8546 66.8546
66.8546 66.8546
66.8546 66.8546
66.8546 66.8546
66.8546 66.8546
66.8546 66.8546
66.8546 66.8546
66.8546 66.8546
66.8546 66.8546
66.8546 66.8546
66.8546 66.8546
66.8546 66.8546
66.8546 66.8546
66.8546 66.8546
66.8546 66.8546
66.8546 66.8546
66.8546 66.8546
66.8546 66.8546
66.8546 66.8546
66.8546 66.8546
66.8546 66.8546
66.8546 66.8808
66.8546 66.8546
66.8546 66.8546
66.8546 66.8546
66.8546 66.8546
66.8546 66.8546
66.8546 66.8546
66.8546 66.8546
66.8546 66.8546
66.8546 66.8546
66.8546 66.8546
66.8546 66.8546
66.8546 66.8546
66.8546 66.8546
66.8546 66.8546
66.8546 66.8546
66.8546 66.8546
66.8546 66.8546
66.8546 66.8546
66.8546 66.8546
66.8546 66.8546
66.8546 66.8546
66.8546 66.8546
66.8546 66.8546
66.8546 66.8546
66.8546 66.8546
66.8546 66.8546
66.8546 66.8546
66.8546 66.8546
66.8546 66.8546
66.8546 66.8546
66.8546 66.8546
66.8546 66.8546
66.8546 66.8546
66.8546 66.8546
66.8546 66.8546
66.1944 66.8387
66.1944 66.9722
66.1944 67.7619
66.1944 69.5731
66.1944 70.8085
66.1944 71.7591
66.1944 72.0741
66.1944 71.2311
66.1944 70.3317
66.1944 68.7303
66.1944 67.8071
66.1944 66.8646
66.1944 66.4663
66.1944 66.2288
66.1944 66.2533
66.1944 66.2004
66.1944 66.1944
66.1944 66.1944
66.1944 66.1944
66.1944 66.1944
66.1944 66.1944
66.1944 66.1944
66.1944 66.1944
66.1944 66.1944
66.1944 66.1944
66.1944 66.1944
66.1944 66.1944
66.1944 66.1944
66.1944 66.1944
66.1944 66.1944
66.1944 66.1944
66.1944 66.1944
66.1944 66.1944
66.1944 66.1944
66.1944 66.1944
66.1944 66.1944
66.1944 66.1944
66.1944 66.1944
66.1944 66.1944
66.1944 66.1944
66.1944 66.1944
66.1944 66.1944
66.1944 66.1944
66.1944 66.1944
66.1944 66.1944
66.1944 66.1944
66.1944 66.1944
66.1944 66.1944
66.1944 66.1944
66.1944 66.1944
66.1944 66.1944
66.1944 66.1944
66.1944 66.1944
66.1944 66.1944
66.1944 66.1944
66.1944 66.1944
66.1944 66.1944
66.1944 66.1944
65.9334 66.1939
65.9334 66.1819
65.9334 66.1375
65.9334 66.0832
65.9334 66.0291
65.9334 65.9857
65.9334 65.9584
65.9334 65.9334
65.9334 65.9334
65.9334 65.9334
65.9334 65.9334
65.9334 65.9334
65.9334 65.9334
65.9334 65.9334
65.9334 65.9334
65.9334 65.9334
65.9334 65.9334
65.9334 65.9334
65.9334 65.9334
65.9334 65.9334
65.9334 65.9334
65.9334 65.9334
65.9334 65.9334
65.9334 65.9334
65.9334 65.9334
65.9334 65.9334
65.9334 65.9334
65.9334 65.9334
65.9334 65.9334
65.9334 65.9334
65.9334 65.9334
65.9334 65.9362
65.9334 65.9334
65.9334 65.9334
65.9334 65.9334
65.9334 65.9334
65.9334 65.9334
65.9334 65.9334
65.9334 65.9334
65.9334 65.9334
65.9334 65.9334
65.9334 65.9334
65.9334 65.9334
65.9334 65.9334
65.9334 65.9334
65.9334 65.9334
65.9334 65.9334
65.9334 65.9334
65.9334 65.9334
65.9334 65.9334
65.9334 65.9334
65.9334 65.9334
65.9334 65.9334
65.9334 65.9334
65.9334 65.9334
65.9334 65.9334
65.9334 65.9334
65.9334 65.9334
65.9334 65.9339
65.9334 65.9334
65.9334 65.9334
65.9334 65.9334
65.9334 65.9334
65.9334 65.9334
65.9334 65.9334
65.9334 65.9334
65.9334 65.9334
65.9334 65.9334
65.9334 65.9334
65.9334 65.9334
65.9334 65.9334
65.9334 65.9334
65.9334 65.9334
65.9334 65.9334
65.9334 65.9334
65.9334 65.9334
65.9334 65.9334
65.9334 65.9334
65.9334 65.9334
65.9334 65.9334
65.9334 65.9334
65.9334 65.9334
65.9334 65.9334
65.9334 65.9334
65.9334 65.9334
65.9334 65.9334
65.9334 65.9334
65.9334 65.9334
65.9334 65.9334
65.9334 65.9334
65.9334 65.9334
65.9334 65.9334
65.9334 65.9334
65.9334 65.9334
65.9334 65.9334
65.9334 65.9334
65.9334 65.9334
65.9334 65.9334
65.9334 65.9334
65.9334 65.9334
65.9334 65.9334
65.9334 65.9334
65.9334 65.9334
65.9334 65.9334
65.9334 65.9334
65.9334 65.9334
65.9334 65.9334
65.9334 65.9334
65.9334 65.9334
65.9334 65.9334
65.9334 65.9334
65.9334 65.9334
65.9334 65.9334
65.9334 65.9334
65.9334 65.9334
65.9334 65.9334
65.9334 65.9334
65.9334 65.9334
65.9334 65.9334
65.9334 65.9415
65.9334 65.9334
65.9334 65.9334
65.9334 65.9334
65.9334 65.9334
65.9334 65.9334
65.9334 65.9334
65.9334 65.9334
65.9334 65.9334
65.9334 65.9334
65.9334 65.9334
65.9334 65.9334
65.9334 65.9334
65.9334 65.9334
65.9334 65.9334
65.9334 65.9334
65.9334 65.9436
65.9334 65.9497
65.9334 65.9465
65.9334 65.9334
65.9334 65.9334
65.9334 65.9334
65.9334 65.9334
65.9334 65.9334
65.9334 65.9334
65.9334 65.9334
65.9334 65.9334
65.9334 65.9334
65.9334 65.9334
65.9334 65.9334
65.9334 65.9334
65.9334 65.9334
65.9334 65.9334
65.9334 65.9334
65.9334 65.9334
65.9334 65.9334
65.9334 65.9334
65.9334 65.9334
65.9334 65.9334
65.9334 65.9334
65.9334 65.9334
65.9334 65.9334
65.9334 65.9334
65.9334 65.9334
65.9334 65.9334
65.9334 65.9334
65.9334 65.9334
65.9334 65.9334
65.9334 65.9334
65.9334 65.9334
65.9334 65.9334
65.9334 65.9334
65.9334 65.9334
65.9334 65.9334
65.9334 65.9334
65.9334 65.9334
65.9334 65.9334
65.9334 65.9334
65.9334 65.9334
65.9334 65.9334
65.9334 65.9334
65.9334 65.9334
65.9334 65.9334
65.9334 65.9334
65.9334 65.9334
65.9334 65.9406
65.9334 65.9334
65.9334 65.9334
65.9334 65.9334
65.9334 65.9334
65.9334 65.9334
65.9334 65.9334
